# TS_TEXT=2019-08-18-22:12:55
# TS_SECS=1566162775.27
# HOST=fore-node
# PERCENTILE_10=13.2
# PERCENTILE_90=14.7
# MIN_PIXEL=12.5
# MEDIAN_PIXEL=13.8
# MAX_PIXEL=18.5

# IMAGE
13.2 13.2 13.2 13.5 13.5 13.5 13.2 13.2 
13.8 14.0 13.8 14.2 13.8 14.5 14.0 13.8 
14.5 14.2 14.0 14.8 15.2 14.5 13.5 13.8 
13.5 14.0 14.5 18.0 17.5 14.5 14.2 13.2 
14.0 14.2 14.5 18.5 18.2 14.8 13.8 14.0 
13.2 14.0 13.0 13.2 14.0 13.2 12.5 13.2 
13.8 14.0 13.5 13.5 13.8 14.0 13.5 13.8 
13.0 13.0 13.8 13.5 13.8 13.2 13.8 13.8 


# DIFF
#  1  1  1  1  1  1  1  1
#  1  2  1  2  1  2  2  1
#  2  2  2  2  3  2  1  1
#  1  2  2  6  5  2  2  1
#  2  2  2  6  6  2  1  2
#  1  2  0  1  2  1  0  1
#  1  2  1  1  1  2  1  1
#  0  0  1  1  1  1  1  1
