# TS_TEXT=2019-08-18-22:53:35
# TS_SECS=1566165215.75
# HOST=aft-node
# PERCENTILE_10=14.6
# PERCENTILE_90=15.8
# MIN_PIXEL=0.0
# MEDIAN_PIXEL=15.0
# MAX_PIXEL=18.8

# IMAGE
15.5 14.8 15.5 15.8 16.5 18.0 17.8 15.5 
15.0 15.2 15.0 15.8 15.2 15.5 15.2 15.5 
15.2 15.8 15.0 15.0 15.0 14.8 15.0 15.0 
15.2 15.2 15.0 14.2 15.0 14.5 15.0 15.2 
15.2 14.5 14.8 15.0 15.0 14.5 14.8 14.5 
15.5 15.2 14.8 14.8 15.2 15.0 14.5 14.8 
15.5 16.0 15.0 15.2 14.8 14.8 15.2 14.8 
0.0 15.0 14.8 15.2 15.2 18.5 18.8 15.5 


# DIFF
# 16 15 16 16 16 18 18 16
# 15 15 15 16 15 16 15 16
# 15 16 15 15 15 15 15 15
# 15 15 15 14 15 14 15 15
# 15 14 15 15 15 14 15 14
# 16 15 15 15 15 15 14 15
# 16 16 15 15 15 15 15 15
#  0 15 15 15 15 18 19 16
