# TS_TEXT=2019-08-18-21:50:07
# TS_SECS=1566161407.95
# HOST=port-node
# PERCENTILE_10=13.8
# PERCENTILE_90=17.7
# MIN_PIXEL=13.2
# MEDIAN_PIXEL=14.5
# MAX_PIXEL=20.8

# IMAGE
14.5 14.0 14.2 14.5 14.0 14.5 15.0 17.8 
14.2 15.2 16.2 15.0 14.8 14.5 14.5 18.2 
14.2 17.2 17.5 14.8 14.8 14.8 15.2 18.2 
13.8 20.8 18.5 15.0 15.0 15.5 15.0 16.5 
14.0 14.2 14.5 14.0 13.2 13.8 13.8 14.0 
15.2 16.2 14.2 14.2 13.8 13.8 14.2 13.8 
17.2 17.5 14.2 14.0 14.2 14.2 14.0 14.5 
20.8 18.5 13.8 14.5 14.5 14.5 14.8 14.8 


# DIFF
#  1  1  1  1  1  1  2  4
#  1  2  3  2  2  1  1  5
#  1  4  4  2  2  2  2  5
#  0  8  5  2  2  2  2  3
#  1  1  1  1  0  0  0  1
#  2  3  1  1  0  0  1  0
#  4  4  1  1  1  1  1  1
#  8  5  0  1  1  1  2  2
