# TS_TEXT=2019-08-18-21:50:08
# TS_SECS=1566161408.95
# HOST=port-node
# PERCENTILE_10=13.8
# PERCENTILE_90=16.0
# MIN_PIXEL=13.5
# MEDIAN_PIXEL=14.2
# MAX_PIXEL=20.0

# IMAGE
14.0 13.8 20.0 16.0 15.0 15.0 14.8 15.0 
14.2 14.0 13.8 14.0 13.8 13.8 14.0 13.5 
13.5 14.2 14.2 14.2 14.0 13.8 14.2 14.2 
14.0 14.0 14.2 13.5 14.2 14.2 14.0 14.2 
14.2 14.2 14.5 14.0 14.0 14.2 14.0 14.5 
14.8 15.2 14.8 14.0 14.2 14.5 14.0 14.2 
17.8 16.0 14.5 15.0 15.2 14.8 14.2 14.8 
19.5 16.0 15.0 18.0 16.0 14.5 15.0 15.0 


# DIFF
#  0  0  6  2  2  2  1  2
#  1  0  0  0  0  0  0  0
#  0  1  1  1  0  0  1  1
#  0  0  1  0  1  1  0  1
#  1  1  1  0  0  1  0  1
#  1  2  1  0  1  1  0  1
#  4  2  1  2  2  1  1  1
#  6  2  2  4  2  1  2  2
