# TS_TEXT=2019-08-18-22:15:15
# TS_SECS=1566162915.10
# HOST=starboard-node
# PERCENTILE_10=13.6
# PERCENTILE_90=16.0
# MIN_PIXEL=13.0
# MEDIAN_PIXEL=14.2
# MAX_PIXEL=19.5

# IMAGE
13.5 14.0 13.2 14.8 13.8 14.0 13.5 13.0 
14.0 13.8 13.8 14.0 13.8 14.0 13.8 14.0 
13.5 14.5 14.5 14.5 14.2 14.0 14.2 13.8 
14.5 14.5 16.0 15.2 14.2 14.2 14.0 14.5 
14.8 16.5 19.2 16.0 14.0 13.8 14.0 14.0 
15.2 18.2 19.5 14.8 14.5 14.2 14.2 14.2 
15.2 16.8 16.0 14.5 14.2 13.5 13.8 13.5 
14.5 15.0 14.8 14.2 13.8 13.8 14.2 14.0 


# DIFF
#  0  1  0  2  1  1  0  0
#  1  1  1  1  1  1  1  1
#  0  2  2  2  1  1  1  1
#  2  2  3  2  1  1  1  2
#  2  4  6  3  1  1  1  1
#  2  5  6  2  2  1  1  1
#  2  4  3  2  1  0  1  0
#  2  2  2  1  1  1  1  1
