# TS_TEXT=2019-08-18-22:14:45
# TS_SECS=1566162885.02
# HOST=starboard-node
# PERCENTILE_10=13.2
# PERCENTILE_90=15.4
# MIN_PIXEL=13.0
# MEDIAN_PIXEL=13.9
# MAX_PIXEL=18.8

# IMAGE
13.2 13.5 13.5 14.0 13.8 13.5 13.5 13.0 
14.0 13.5 13.2 13.8 13.2 14.0 13.5 13.2 
14.0 14.2 13.5 13.8 13.5 13.2 14.0 13.5 
14.0 15.0 15.2 14.5 14.0 13.8 13.5 13.2 
15.0 16.2 18.8 15.8 13.8 14.2 14.0 13.2 
15.5 18.5 18.8 15.5 13.5 14.0 13.5 14.0 
14.2 15.0 15.2 14.2 14.2 13.2 13.2 13.8 
14.2 14.2 14.8 13.8 14.0 13.5 13.8 13.8 


# DIFF
#  0  0  0  1  1  0  0  0
#  1  0  0  1  0  1  0  0
#  1  1  0  1  0  0  1  0
#  1  2  2  2  1  1  0  0
#  2  3  6  3  1  1  1  0
#  2  6  6  2  0  1  0  1
#  1  2  2  1  1  0  0  1
#  1  1  2  1  1  0  1  1
