# TS_TEXT=2019-08-18-21:44:48
# TS_SECS=1566161088.81
# HOST=port-node
# PERCENTILE_10=13.8
# PERCENTILE_90=17.1
# MIN_PIXEL=13.2
# MEDIAN_PIXEL=14.4
# MAX_PIXEL=20.0

# IMAGE
13.5 14.0 14.2 14.5 14.0 14.2 14.0 14.8 
13.2 14.0 14.0 14.2 14.8 14.2 15.5 16.2 
13.8 14.0 14.2 14.0 14.0 15.2 16.8 17.8 
13.8 13.8 14.8 14.2 14.2 15.8 18.2 16.5 
14.8 15.2 14.5 14.8 14.2 15.0 15.5 15.5 
18.2 17.2 14.5 14.8 14.5 14.8 13.8 15.5 
20.0 17.8 14.2 14.2 14.2 14.8 15.0 15.2 
20.0 14.2 13.8 14.2 13.8 13.8 14.0 13.8 


# DIFF
#  0  1  1  1  1  1  1  2
#  0  1  1  1  2  1  2  3
#  0  1  1  1  1  2  4  4
#  0  0  2  1  1  2  5  3
#  2  2  1  2  1  2  2  2
#  5  4  1  2  1  2  0  2
#  7  4  1  1  1  2  2  2
#  7  1  0  1  0  0  1  0
