# TS_TEXT=2019-08-18-22:20:18
# TS_SECS=1566163218.83
# HOST=port-node
# PERCENTILE_10=13.2
# PERCENTILE_90=14.5
# MIN_PIXEL=0.0
# MEDIAN_PIXEL=13.9
# MAX_PIXEL=17.5

# IMAGE
13.5 13.5 13.2 13.0 13.2 14.0 13.5 13.2 
13.2 13.8 13.5 13.2 13.8 13.5 13.0 13.8 
13.8 13.8 13.5 13.5 14.2 13.8 14.0 13.8 
13.2 14.0 13.8 13.8 14.5 14.5 14.5 14.5 
14.0 14.5 13.8 13.8 14.0 14.8 14.2 14.2 
16.5 15.8 14.2 13.8 13.8 13.8 14.8 13.5 
17.5 14.0 14.2 14.5 14.2 14.0 14.2 14.2 
0.0 13.8 14.8 14.2 14.2 14.5 14.2 14.2 


# DIFF
# 14 14 13 13 13 14 14 13
# 13 14 14 13 14 14 13 14
# 14 14 14 14 14 14 14 14
# 13 14 14 14 14 14 14 14
# 14 14 14 14 14 15 14 14
# 16 16 14 14 14 14 15 14
# 18 14 14 14 14 14 14 14
#  0 14 15 14 14 14 14 14
