# TS_TEXT=2019-08-27-13:58:04
# TS_SECS=1566910684.51
# HOST=port-node
# PERCENTILE_10=14.8
# PERCENTILE_90=15.8
# MIN_PIXEL=14.0
# MEDIAN_PIXEL=15.2
# MAX_PIXEL=16.2

# IMAGE
16.2 15.8 14.8 14.2 15.0 15.2 15.0 14.8 
16.2 15.2 15.2 15.2 15.5 15.2 15.2 14.8 
15.2 15.8 15.5 15.2 15.5 14.8 15.8 15.0 
14.0 15.2 15.8 15.2 15.8 16.0 15.5 15.0 
15.2 15.2 15.5 15.2 15.5 15.8 15.8 15.0 
15.2 15.2 15.2 15.2 15.5 15.0 14.8 14.8 
14.8 15.0 14.8 15.5 14.8 15.2 15.0 14.8 
14.8 14.8 15.2 15.0 15.5 14.8 15.2 14.8 


# DIFF
#  2  2  1  0  1  1  1  1
#  2  1  1  1  2  1  1  1
#  1  2  2  1  2  1  2  1
#  0  1  2  1  2  2  2  1
#  1  1  2  1  2  2  2  1
#  1  1  1  1  2  1  1  1
#  1  1  1  2  1  1  1  1
#  1  1  1  1  2  1  1  1
