# TS_TEXT=2019-08-18-22:55:05
# TS_SECS=1566165305.26
# HOST=port-node
# PERCENTILE_10=14.2
# PERCENTILE_90=16.2
# MIN_PIXEL=13.8
# MEDIAN_PIXEL=15.0
# MAX_PIXEL=19.2

# IMAGE
16.0 15.2 14.0 13.8 14.5 15.5 17.8 19.2 
16.8 15.5 14.8 14.5 15.0 16.8 18.5 17.2 
14.2 15.5 15.0 14.8 14.8 15.8 16.2 15.0 
14.2 14.8 15.0 14.5 15.2 15.5 15.0 15.2 
14.2 15.0 15.0 14.8 15.0 14.2 14.8 14.8 
15.2 15.5 15.0 14.8 15.0 15.0 15.0 15.5 
15.0 14.5 14.8 15.0 15.0 15.0 14.2 15.2 
14.0 14.8 14.8 14.8 15.5 15.0 14.8 15.0 


# DIFF
#  2  2  0  0  1  2  4  6
#  3  2  1  1  1  3  5  4
#  0  2  1  1  1  2  2  1
#  0  1  1  1  2  2  1  2
#  0  1  1  1  1  0  1  1
#  2  2  1  1  1  1  1  2
#  1  1  1  1  1  1  0  2
#  0  1  1  1  2  1  1  1
