# TS_TEXT=2019-08-18-22:55:27
# TS_SECS=1566165327.46
# HOST=port-node
# PERCENTILE_10=14.0
# PERCENTILE_90=15.2
# MIN_PIXEL=0.0
# MEDIAN_PIXEL=14.8
# MAX_PIXEL=19.0

# IMAGE
14.2 14.5 14.5 14.2 14.5 14.8 14.2 13.5 
13.8 14.8 14.8 14.2 14.8 14.8 14.0 15.0 
14.0 15.0 14.8 14.5 14.0 15.0 15.0 14.8 
14.0 14.8 14.5 14.2 14.8 15.0 15.0 15.0 
15.0 15.2 14.8 14.2 14.5 14.8 15.0 14.5 
18.0 16.2 14.5 15.2 14.8 15.2 14.5 14.0 
19.0 15.5 14.5 14.8 15.0 15.2 15.0 14.8 
0.0 13.8 14.5 13.8 14.2 14.2 14.5 15.0 


# DIFF
# 14 14 14 14 14 15 14 14
# 14 15 15 14 15 15 14 15
# 14 15 15 14 14 15 15 15
# 14 15 14 14 15 15 15 15
# 15 15 15 14 14 15 15 14
# 18 16 14 15 15 15 14 14
# 19 16 14 15 15 15 15 15
#  0 14 14 14 14 14 14 15
