# TS_TEXT=2019-08-25-12:16:18
# TS_SECS=1566731778.70
# HOST=fore-node
# PERCENTILE_10=14.2
# PERCENTILE_90=15.5
# MIN_PIXEL=13.8
# MEDIAN_PIXEL=15.0
# MAX_PIXEL=18.2

# IMAGE
14.5 14.2 14.8 15.0 15.2 14.2 14.0 13.8 
14.5 14.5 14.8 15.5 15.2 15.0 14.2 14.2 
14.2 14.5 16.0 18.2 18.2 15.0 14.8 15.0 
14.0 15.0 14.8 17.8 18.0 16.0 15.2 14.5 
14.8 14.8 15.0 15.5 15.5 15.2 15.2 15.2 
14.5 15.5 15.2 15.0 15.2 15.0 14.2 15.0 
15.0 14.8 15.5 15.0 15.0 14.8 14.8 15.0 
15.5 15.0 14.8 14.8 14.8 14.5 14.5 14.2 


# DIFF
#  1  0  1  1  2  0  0  0
#  1  1  1  2  2  1  0  0
#  0  1  2  4  4  1  1  1
#  0  1  1  4  4  2  2  1
#  1  1  1  2  2  2  2  2
#  1  2  2  1  2  1  0  1
#  1  1  2  1  1  1  1  1
#  2  1  1  1  1  1  1  0
