# TS_TEXT=2019-08-25-12:16:07
# TS_SECS=1566731767.62
# HOST=fore-node
# PERCENTILE_10=14.2
# PERCENTILE_90=15.4
# MIN_PIXEL=14.0
# MEDIAN_PIXEL=15.0
# MAX_PIXEL=18.2

# IMAGE
14.5 14.8 14.5 14.5 15.0 14.2 14.5 14.0 
14.8 14.5 14.5 15.0 14.8 15.2 14.2 14.0 
14.8 14.2 15.5 15.0 15.2 14.5 14.5 15.2 
14.0 14.8 15.2 18.2 17.5 15.2 14.8 14.2 
15.2 15.2 15.0 18.0 17.8 16.0 15.0 15.0 
14.5 15.0 15.0 15.2 15.5 15.2 15.2 15.0 
15.0 14.5 14.8 15.2 15.0 14.8 14.5 14.5 
15.0 15.0 15.0 15.0 14.5 14.2 14.5 14.5 


# DIFF
#  0  1  0  0  1  0  0  0
#  1  0  0  1  1  1  0  0
#  1  0  2  1  1  0  0  1
#  0  1  1  4  4  1  1  0
#  1  1  1  4  4  2  1  1
#  0  1  1  1  2  1  1  1
#  1  0  1  1  1  1  0  0
#  1  1  1  1  0  0  0  0
