# TS_TEXT=2019-08-25-12:16:11
# TS_SECS=1566731771.65
# HOST=fore-node
# PERCENTILE_10=14.2
# PERCENTILE_90=15.9
# MIN_PIXEL=13.2
# MEDIAN_PIXEL=15.0
# MAX_PIXEL=18.5

# IMAGE
14.2 14.5 14.5 14.5 15.0 14.2 14.2 14.5 
14.2 15.0 15.0 14.5 15.0 14.8 14.2 14.5 
14.5 14.0 15.0 15.2 15.5 14.8 14.5 15.0 
14.8 14.8 15.2 18.5 17.8 16.2 14.8 14.5 
14.5 15.0 15.8 17.5 18.2 16.2 15.2 15.2 
14.5 15.5 15.0 15.2 16.0 15.2 14.8 15.0 
15.0 14.2 14.5 15.2 15.2 14.8 15.0 15.5 
15.0 15.5 15.0 14.5 15.2 14.2 15.0 13.2 


# DIFF
#  1  1  1  1  2  1  1  1
#  1  2  2  1  2  2  1  1
#  1  1  2  2  2  2  1  2
#  2  2  2  5  4  3  2  1
#  1  2  2  4  5  3  2  2
#  1  2  2  2  3  2  2  2
#  2  1  1  2  2  2  2  2
#  2  2  2  1  2  1  2  0
