# TS_TEXT=2019-08-25-13:12:09
# TS_SECS=1566735129.89
# HOST=aft-node
# PERCENTILE_10=15.8
# PERCENTILE_90=18.2
# MIN_PIXEL=15.5
# MEDIAN_PIXEL=16.2
# MAX_PIXEL=19.8

# IMAGE
15.8 16.8 15.8 16.2 16.5 16.0 16.2 15.5 
15.8 16.2 16.5 17.0 16.0 17.2 17.0 16.0 
16.2 16.5 16.8 17.0 17.2 18.5 18.5 16.0 
15.5 16.8 16.5 19.0 19.8 19.8 17.5 16.2 
17.0 16.2 16.5 18.5 19.8 16.8 16.8 15.5 
16.2 15.8 16.8 16.2 16.8 16.2 16.2 15.5 
15.5 15.8 16.2 16.2 16.2 16.5 15.8 15.8 
16.2 16.8 16.2 16.0 15.8 15.8 15.8 16.2 


# DIFF
#  0  1  0  1  1  0  1  0
#  0  1  1  2  0  2  2  0
#  1  1  1  2  2  3  3  0
#  0  1  1  4  4  4  2  1
#  2  1  1  3  4  1  1  0
#  1  0  1  1  1  1  1  0
#  0  0  1  1  1  1  0  0
#  1  1  1  0  0  0  0  1
