# TS_TEXT=2019-08-25-13:12:32
# TS_SECS=1566735152.09
# HOST=aft-node
# PERCENTILE_10=15.2
# PERCENTILE_90=17.2
# MIN_PIXEL=15.0
# MEDIAN_PIXEL=16.0
# MAX_PIXEL=20.8

# IMAGE
15.8 15.8 16.2 16.0 16.2 15.8 15.2 15.5 
16.2 16.5 16.2 16.5 16.8 16.2 16.0 15.8 
16.2 16.5 17.2 19.0 17.0 16.8 16.0 16.2 
16.0 18.5 20.8 20.0 18.5 17.0 16.0 15.5 
16.5 16.5 17.2 16.0 17.0 15.8 16.0 15.8 
15.8 16.2 16.2 15.5 15.8 15.8 15.8 15.2 
15.8 15.8 15.8 15.2 15.5 15.8 15.0 15.8 
16.0 16.2 16.0 15.0 15.2 15.2 15.0 16.0 


# DIFF
#  1  1  1  1  1  1  0  0
#  1  2  1  2  2  1  1  1
#  1  2  2  4  2  2  1  1
#  1  4  6  5  4  2  1  0
#  2  2  2  1  2  1  1  1
#  1  1  1  0  1  1  1  0
#  1  1  1  0  0  1  0  1
#  1  1  1  0  0  0  0  1
