# TS_TEXT=2019-08-18-22:09:29
# TS_SECS=1566162569.71
# HOST=fore-node
# PERCENTILE_10=13.2
# PERCENTILE_90=15.2
# MIN_PIXEL=0.0
# MEDIAN_PIXEL=13.8
# MAX_PIXEL=18.0

# IMAGE
13.8 13.5 13.8 13.5 13.8 14.0 13.2 13.8 
13.5 13.2 13.5 13.2 13.5 13.0 12.8 13.2 
13.2 13.5 13.8 13.5 13.5 13.8 13.5 14.2 
14.2 13.8 13.8 14.0 13.8 13.8 13.8 13.8 
13.8 14.5 14.8 14.5 14.8 14.8 14.0 14.0 
14.5 14.0 14.5 15.2 16.5 16.5 15.0 14.0 
14.2 14.8 16.2 14.8 17.8 18.0 15.2 14.5 
0.0 13.5 13.2 13.5 13.0 14.0 12.8 13.5 


# DIFF
# 14 14 14 14 14 14 13 14
# 14 13 14 13 14 13 13 13
# 13 14 14 14 14 14 14 14
# 14 14 14 14 14 14 14 14
# 14 14 15 14 15 15 14 14
# 14 14 14 15 16 16 15 14
# 14 15 16 15 18 18 15 14
#  0 14 13 14 13 14 13 14
