# TS_TEXT=2019-08-18-22:41:04
# TS_SECS=1566164464.59
# HOST=aft-node
# PERCENTILE_10=14.0
# PERCENTILE_90=15.2
# MIN_PIXEL=0.0
# MEDIAN_PIXEL=14.5
# MAX_PIXEL=18.8

# IMAGE
14.5 15.0 15.0 14.5 14.5 16.5 18.8 17.8 
14.8 14.5 14.5 14.5 14.8 14.8 15.0 15.8 
14.5 15.0 14.5 14.8 14.2 14.5 14.8 15.0 
14.5 14.5 15.0 14.2 14.2 13.8 14.8 14.8 
14.0 14.2 14.5 14.0 15.0 14.0 14.0 14.5 
15.0 14.5 14.0 14.5 14.2 14.8 14.2 14.0 
14.8 15.2 15.5 14.5 14.8 14.5 15.2 14.2 
0.0 14.5 14.8 14.5 15.0 15.2 17.8 14.5 


# DIFF
# 14 15 15 14 14 16 19 18
# 15 14 14 14 15 15 15 16
# 14 15 14 15 14 14 15 15
# 14 14 15 14 14 14 15 15
# 14 14 14 14 15 14 14 14
# 15 14 14 14 14 15 14 14
# 15 15 16 14 15 14 15 14
#  0 14 15 14 15 15 18 14
