# TS_TEXT=2019-08-27-13:42:05
# TS_SECS=1566909726.00
# HOST=fore-node
# PERCENTILE_10=15.5
# PERCENTILE_90=16.5
# MIN_PIXEL=0.0
# MEDIAN_PIXEL=16.0
# MAX_PIXEL=16.8

# IMAGE
15.8 16.0 16.2 16.2 16.2 16.2 15.8 15.2 
16.0 16.2 16.2 16.0 16.5 16.0 16.0 15.5 
15.5 16.0 15.8 16.2 16.2 16.5 16.0 15.8 
16.5 16.5 16.0 16.8 15.8 16.2 16.5 15.8 
16.0 16.2 16.5 16.2 16.2 16.8 16.0 16.0 
15.8 15.5 16.0 16.0 16.5 16.2 15.8 15.8 
16.2 15.8 16.2 16.5 16.0 15.8 15.0 15.0 
0.0 15.8 16.5 16.2 15.0 16.2 15.5 15.8 


# DIFF
# 16 16 16 16 16 16 16 15
# 16 16 16 16 16 16 16 16
# 16 16 16 16 16 16 16 16
# 16 16 16 17 16 16 16 16
# 16 16 16 16 16 17 16 16
# 16 16 16 16 16 16 16 16
# 16 16 16 16 16 16 15 15
#  0 16 16 16 15 16 16 16
