# TS_TEXT=2019-08-25-13:21:06
# TS_SECS=1566735666.58
# HOST=starboard-node
# PERCENTILE_10=15.8
# PERCENTILE_90=18.2
# MIN_PIXEL=15.0
# MEDIAN_PIXEL=16.5
# MAX_PIXEL=20.5

# IMAGE
16.0 17.0 16.5 16.0 16.0 16.0 15.0 15.0 
15.8 16.0 17.5 16.5 16.2 16.0 16.0 15.5 
16.5 16.8 19.5 18.5 16.8 16.0 16.2 15.5 
16.5 16.8 18.5 20.5 19.5 17.5 16.0 16.2 
16.5 16.2 17.0 19.2 20.5 16.8 16.0 15.5 
16.8 16.5 16.2 17.0 17.5 16.2 15.8 16.0 
16.5 16.2 16.8 16.5 16.2 16.0 15.8 15.2 
17.0 16.5 16.8 16.0 16.5 16.5 15.8 17.2 


# DIFF
#  1  2  2  1  1  1  0  0
#  1  1  2  2  1  1  1  0
#  2  2  4  4  2  1  1  0
#  2  2  4  6  4  2  1  1
#  2  1  2  4  6  2  1  0
#  2  2  1  2  2  1  1  1
#  2  1  2  2  1  1  1  0
#  2  2  2  1  2  2  1  2
