# TS_TEXT=2019-08-25-13:16:59
# TS_SECS=1566735419.28
# HOST=port-node
# PERCENTILE_10=15.6
# PERCENTILE_90=17.9
# MIN_PIXEL=15.0
# MEDIAN_PIXEL=16.2
# MAX_PIXEL=20.0

# IMAGE
15.5 15.8 15.2 15.2 16.0 16.8 16.2 15.5 
16.2 15.2 16.2 15.8 16.2 16.5 18.5 16.8 
15.5 16.0 16.2 15.8 16.8 17.8 20.0 18.0 
15.0 16.5 16.0 16.5 17.0 19.5 18.0 16.8 
16.0 16.0 16.2 16.2 17.5 17.5 16.5 16.2 
18.2 16.5 16.5 15.8 16.2 16.0 16.5 16.0 
18.8 16.2 15.8 16.5 16.0 16.2 16.0 15.8 
17.8 16.2 16.0 15.8 16.8 16.2 16.0 16.5 


# DIFF
#  0  1  0  0  1  2  1  0
#  1  0  1  1  1  2  4  2
#  0  1  1  1  2  3  5  3
#  0  2  1  2  2  4  3  2
#  1  1  1  1  2  2  2  1
#  3  2  2  1  1  1  2  1
#  4  1  1  2  1  1  1  1
#  3  1  1  1  2  1  1  2
