# TS_TEXT=2019-08-18-21:41:24
# TS_SECS=1566160884.14
# HOST=starboard-node
# PERCENTILE_10=14.0
# PERCENTILE_90=16.2
# MIN_PIXEL=13.5
# MEDIAN_PIXEL=14.8
# MAX_PIXEL=18.8

# IMAGE
14.2 14.2 14.2 14.8 14.2 14.0 14.0 14.2 
14.5 13.5 14.5 14.0 14.0 14.0 14.5 14.0 
14.2 15.2 14.8 15.0 14.8 14.2 14.5 14.8 
15.0 15.0 16.0 16.0 16.5 15.5 14.0 15.0 
15.2 17.8 17.8 17.8 16.8 15.2 15.0 14.0 
16.0 18.8 16.2 15.8 14.8 14.8 14.5 14.8 
15.2 15.0 15.2 15.2 14.8 14.2 14.5 14.5 
15.0 15.0 15.0 14.2 14.5 14.2 14.5 13.8 


# DIFF
#  1  1  1  1  1  0  0  1
#  1  0  1  0  0  0  1  0
#  1  2  1  2  1  1  1  1
#  2  2  2  2  3  2  0  2
#  2  4  4  4  3  2  2  0
#  2  5  3  2  1  1  1  1
#  2  2  2  2  1  1  1  1
#  2  2  2  1  1  1  1  0
