# TS_TEXT=2019-08-18-23:03:51
# TS_SECS=1566165831.63
# HOST=fore-node
# PERCENTILE_10=13.3
# PERCENTILE_90=14.9
# MIN_PIXEL=0.0
# MEDIAN_PIXEL=13.8
# MAX_PIXEL=17.8

# IMAGE
13.8 13.5 13.5 13.8 13.5 13.5 13.2 14.8 
13.5 13.5 13.8 13.5 13.8 13.5 13.5 13.2 
13.8 13.5 13.8 14.2 13.5 14.0 13.5 14.0 
14.0 13.8 13.8 14.0 14.0 14.2 13.8 13.2 
15.8 15.2 15.0 14.2 14.5 14.2 13.8 14.0 
17.2 15.2 14.5 14.5 14.8 13.8 13.5 14.0 
17.8 15.2 14.8 14.2 14.8 14.0 13.5 14.0 
0.0 13.0 13.8 13.5 12.8 13.5 13.2 13.8 


# DIFF
# 14 14 14 14 14 14 13 15
# 14 14 14 14 14 14 14 13
# 14 14 14 14 14 14 14 14
# 14 14 14 14 14 14 14 13
# 16 15 15 14 14 14 14 14
# 17 15 14 14 15 14 14 14
# 18 15 15 14 15 14 14 14
#  0 13 14 14 13 14 13 14
