# TS_TEXT=2019-08-25-12:33:37
# TS_SECS=1566732817.85
# HOST=port-node
# PERCENTILE_10=15.2
# PERCENTILE_90=17.2
# MIN_PIXEL=14.5
# MEDIAN_PIXEL=15.8
# MAX_PIXEL=19.8

# IMAGE
15.2 16.0 15.2 15.5 16.0 15.5 15.5 15.2 
16.0 15.2 15.5 16.0 16.5 17.0 15.5 15.5 
14.8 15.2 15.2 15.5 19.2 19.8 18.0 15.8 
14.5 15.8 15.8 16.2 17.2 19.5 17.0 15.5 
15.8 16.0 15.8 15.5 15.8 16.5 16.0 15.8 
18.2 16.0 15.8 15.8 15.5 15.5 15.5 15.5 
18.0 15.5 15.5 16.2 15.5 15.8 16.0 15.0 
16.2 15.0 15.2 15.5 15.8 15.5 15.5 15.0 


# DIFF
#  1  2  1  1  2  1  1  1
#  2  1  1  2  2  2  1  1
#  0  1  1  1  5  5  4  1
#  0  1  1  2  3  5  2  1
#  1  2  1  1  1  2  2  1
#  4  2  1  1  1  1  1  1
#  4  1  1  2  1  1  2  0
#  2  0  1  1  1  1  1  0
