# TS_TEXT=2019-08-25-12:34:37
# TS_SECS=1566732877.29
# HOST=port-node
# PERCENTILE_10=14.2
# PERCENTILE_90=16.2
# MIN_PIXEL=13.8
# MEDIAN_PIXEL=14.8
# MAX_PIXEL=19.0

# IMAGE
14.5 14.2 14.0 14.2 14.5 15.0 15.0 15.0 
15.0 14.5 15.2 14.5 15.0 15.5 14.8 14.8 
14.5 15.0 14.8 14.8 17.2 18.8 17.5 15.5 
14.2 14.8 15.0 14.5 16.0 19.0 16.8 15.5 
14.0 14.8 14.8 14.2 14.8 16.8 16.2 15.2 
14.8 14.5 15.0 14.8 14.5 14.2 15.0 14.5 
14.8 14.5 14.5 15.0 14.5 14.8 14.5 15.8 
15.0 14.2 14.5 14.2 14.5 13.8 14.0 14.0 


# DIFF
#  1  0  0  0  1  1  1  1
#  1  1  2  1  1  2  1  1
#  1  1  1  1  4  5  4  2
#  0  1  1  1  2  5  3  2
#  0  1  1  0  1  3  2  2
#  1  1  1  1  1  0  1  1
#  1  1  1  1  1  1  1  2
#  1  0  1  0  1  0  0  0
