# TS_TEXT=2019-08-25-12:34:17
# TS_SECS=1566732857.15
# HOST=port-node
# PERCENTILE_10=14.5
# PERCENTILE_90=16.9
# MIN_PIXEL=14.2
# MEDIAN_PIXEL=15.0
# MAX_PIXEL=18.2

# IMAGE
14.8 15.0 14.5 14.5 15.2 15.8 15.5 15.0 
15.5 15.0 15.0 14.5 17.0 17.0 15.0 14.8 
15.0 14.8 15.0 15.5 18.2 18.2 18.2 15.8 
14.2 15.0 14.8 15.2 17.0 18.2 16.8 15.2 
15.2 15.0 15.0 14.8 15.0 15.5 15.2 15.2 
15.2 14.8 15.2 14.2 14.8 14.8 15.5 14.5 
15.0 15.0 14.2 15.5 15.0 14.8 14.8 15.0 
15.5 14.5 15.2 15.0 15.0 14.8 15.2 14.2 


# DIFF
#  0  1  0  0  1  2  1  1
#  1  1  1  0  3  3  1  0
#  1  0  1  1  4  4  4  2
#  0  1  0  1  3  4  2  1
#  1  1  1  0  1  1  1  1
#  1  0  1  0  0  0  1  0
#  1  1  0  1  1  0  0  1
#  1  0  1  1  1  0  1  0
