# TS_TEXT=2019-08-25-12:34:22
# TS_SECS=1566732862.18
# HOST=port-node
# PERCENTILE_10=14.6
# PERCENTILE_90=16.6
# MIN_PIXEL=14.0
# MEDIAN_PIXEL=15.2
# MAX_PIXEL=18.8

# IMAGE
15.5 14.8 14.0 14.2 15.2 15.5 15.5 14.8 
15.5 15.0 15.5 15.0 16.0 17.2 16.0 15.5 
14.8 15.0 14.5 15.2 17.8 18.8 18.5 15.8 
14.2 14.5 15.2 15.2 16.8 18.8 18.2 16.2 
14.8 15.0 15.2 14.8 15.2 15.5 16.0 15.5 
15.0 15.2 15.0 14.8 15.0 14.5 15.5 15.2 
14.8 15.2 14.8 15.8 15.5 15.5 15.8 15.0 
15.0 14.2 15.5 14.8 15.0 14.8 14.8 15.8 


# DIFF
#  2  1  0  0  1  2  2  1
#  2  1  2  1  2  3  2  2
#  1  1  0  1  4  5  4  2
#  0  0  1  1  3  5  4  2
#  1  1  1  1  1  2  2  2
#  1  1  1  1  1  0  2  1
#  1  1  1  2  2  2  2  1
#  1  0  2  1  1  1  1  2
