# TS_TEXT=2019-08-25-12:34:04
# TS_SECS=1566732844.05
# HOST=port-node
# PERCENTILE_10=15.2
# PERCENTILE_90=17.2
# MIN_PIXEL=14.5
# MEDIAN_PIXEL=15.9
# MAX_PIXEL=20.0

# IMAGE
15.8 15.0 15.2 16.0 15.8 16.5 15.2 15.5 
16.0 15.2 15.5 15.8 17.2 17.2 16.2 16.2 
15.0 16.2 16.0 16.0 18.5 19.5 18.5 16.2 
14.5 15.8 16.0 16.2 17.2 20.0 17.8 17.0 
15.2 15.8 15.8 15.5 16.5 16.5 16.2 16.2 
16.0 15.5 16.0 16.0 15.8 15.8 16.2 15.0 
15.0 15.5 15.5 16.0 15.5 16.0 16.2 15.8 
15.0 16.0 15.5 15.8 15.2 15.5 15.5 15.5 


# DIFF
#  1  0  1  2  1  2  1  1
#  2  1  1  1  3  3  2  2
#  0  2  2  2  4  5  4  2
#  0  1  2  2  3  6  3  2
#  1  1  1  1  2  2  2  2
#  2  1  2  2  1  1  2  0
#  0  1  1  2  1  2  2  1
#  0  2  1  1  1  1  1  1
