# TS_TEXT=2019-08-25-12:33:52
# TS_SECS=1566732832.97
# HOST=port-node
# PERCENTILE_10=15.3
# PERCENTILE_90=17.4
# MIN_PIXEL=14.5
# MEDIAN_PIXEL=16.0
# MAX_PIXEL=20.0

# IMAGE
15.5 15.2 15.8 15.5 15.2 16.8 15.8 16.8 
15.5 15.8 16.0 15.2 17.0 18.0 17.2 15.8 
14.8 16.0 15.8 16.0 18.5 20.0 18.8 16.5 
14.5 15.8 16.0 16.2 17.2 19.0 17.2 15.8 
16.0 16.2 16.2 15.8 16.0 16.5 16.2 16.2 
17.5 16.8 15.8 16.0 16.0 15.8 16.5 15.0 
18.8 16.5 16.0 16.2 15.8 16.2 16.2 16.0 
17.0 16.0 15.5 15.5 15.8 15.2 16.0 16.0 


# DIFF
#  1  1  1  1  1  2  1  2
#  1  1  2  1  2  4  3  1
#  0  2  1  2  4  6  4  2
#  0  1  2  2  3  4  3  1
#  2  2  2  1  2  2  2  2
#  3  2  1  2  2  1  2  0
#  4  2  2  2  1  2  2  2
#  2  2  1  1  1  1  2  2
