# TS_TEXT=2019-08-25-15:54:25
# TS_SECS=1566744865.67
# HOST=port-node
# PERCENTILE_10=16.8
# PERCENTILE_90=17.8
# MIN_PIXEL=16.5
# MEDIAN_PIXEL=17.5
# MAX_PIXEL=18.0

# IMAGE
17.8 17.5 17.5 17.2 17.2 17.5 17.2 17.5 
17.2 17.5 17.2 16.8 17.2 17.5 17.2 17.0 
17.0 17.8 17.8 17.2 17.2 17.2 18.0 17.8 
16.5 17.8 17.8 17.5 17.5 17.8 17.8 17.2 
16.8 17.8 17.5 16.8 16.8 17.5 17.5 17.2 
17.8 17.5 17.0 17.0 17.8 17.2 16.8 17.0 
16.5 17.8 17.8 18.0 17.2 17.5 17.2 17.8 
17.2 17.8 17.0 17.2 17.8 17.2 17.5 17.5 


# DIFF
#  1  1  1  1  1  1  1  1
#  1  1  1  0  1  1  1  0
#  0  1  1  1  1  1  2  1
#  0  1  1  1  1  1  1  1
#  0  1  1  0  0  1  1  1
#  1  1  0  0  1  1  0  0
#  0  1  1  2  1  1  1  1
#  1  1  0  1  1  1  1  1
