# TS_TEXT=2019-08-25-15:55:01
# TS_SECS=1566744901.83
# HOST=port-node
# PERCENTILE_10=16.8
# PERCENTILE_90=17.5
# MIN_PIXEL=16.2
# MEDIAN_PIXEL=17.0
# MAX_PIXEL=17.8

# IMAGE
17.8 17.0 16.8 17.2 17.2 17.0 17.0 16.8 
17.2 17.0 17.5 17.2 17.5 17.0 17.0 17.0 
17.2 17.2 16.8 17.0 17.0 17.0 17.5 16.5 
17.0 17.2 17.0 17.0 17.0 17.2 17.5 17.2 
16.8 17.2 17.0 17.0 17.2 17.0 17.2 16.8 
17.5 17.0 17.0 17.2 17.0 16.8 17.2 16.2 
17.0 17.0 17.0 17.0 16.8 17.0 17.0 17.0 
17.5 17.2 17.2 17.2 17.2 17.0 17.5 17.5 


# DIFF
#  2  1  0  1  1  1  1  0
#  1  1  1  1  1  1  1  1
#  1  1  0  1  1  1  1  0
#  1  1  1  1  1  1  1  1
#  0  1  1  1  1  1  1  0
#  1  1  1  1  1  0  1  0
#  1  1  1  1  0  1  1  1
#  1  1  1  1  1  1  1  1
