# TS_TEXT=2019-08-25-13:16:49
# TS_SECS=1566735409.10
# HOST=fore-node
# PERCENTILE_10=15.2
# PERCENTILE_90=17.7
# MIN_PIXEL=14.8
# MEDIAN_PIXEL=16.0
# MAX_PIXEL=20.0

# IMAGE
14.8 15.8 16.2 15.8 16.5 15.5 15.8 14.8 
15.5 16.0 16.0 16.8 17.5 17.2 15.2 15.0 
15.8 16.0 17.8 18.0 20.0 19.0 16.2 16.0 
15.5 16.0 17.8 19.2 18.0 17.0 15.8 15.2 
15.5 15.5 16.8 17.5 16.2 16.2 16.0 15.8 
15.5 16.2 16.5 16.0 16.5 16.0 15.5 15.8 
17.0 15.5 15.5 16.0 16.0 15.5 16.0 16.0 
16.0 16.0 16.2 15.5 16.5 15.2 15.2 15.2 


# DIFF
#  0  1  2  1  2  1  1  0
#  1  1  1  2  3  2  0  0
#  1  1  3  3  5  4  2  1
#  1  1  3  4  3  2  1  0
#  1  1  2  3  2  2  1  1
#  1  2  2  1  2  1  1  1
#  2  1  1  1  1  1  1  1
#  1  1  2  1  2  0  0  0
