# TS_TEXT=2019-08-27-14:05:24
# TS_SECS=1566911124.98
# HOST=aft-node
# PERCENTILE_10=14.2
# PERCENTILE_90=18.3
# MIN_PIXEL=13.8
# MEDIAN_PIXEL=15.1
# MAX_PIXEL=22.0

# IMAGE
14.2 15.2 15.0 15.5 15.2 15.2 14.8 14.8 
14.5 14.8 15.2 16.0 15.8 15.2 14.5 15.0 
15.0 15.5 15.5 19.2 18.8 16.8 15.2 15.0 
14.8 15.2 15.8 20.5 22.0 20.8 15.5 15.2 
14.8 15.2 15.8 17.2 21.5 18.8 15.8 14.8 
14.5 14.5 15.2 15.2 16.0 15.5 15.5 14.2 
14.0 14.8 14.8 14.5 14.5 15.0 14.8 14.5 
14.8 14.2 14.8 15.0 14.2 14.0 14.2 13.8 


# DIFF
#  0  2  1  2  2  2  1  1
#  1  1  2  2  2  2  1  1
#  1  2  2  6  5  3  2  1
#  1  2  2  7  8  7  2  2
#  1  2  2  4  8  5  2  1
#  1  1  2  2  2  2  2  0
#  0  1  1  1  1  1  1  1
#  1  0  1  1  0  0  0  0
