# TS_TEXT=2019-08-27-14:04:58
# TS_SECS=1566911098.83
# HOST=aft-node
# PERCENTILE_10=14.6
# PERCENTILE_90=18.1
# MIN_PIXEL=14.0
# MEDIAN_PIXEL=15.2
# MAX_PIXEL=21.8

# IMAGE
14.8 15.8 15.5 16.0 15.8 15.2 15.0 14.8 
15.0 15.8 15.2 16.2 16.0 15.8 15.5 14.8 
15.2 15.5 16.0 19.5 19.8 16.8 15.8 15.2 
14.8 15.8 16.0 20.0 21.8 21.5 15.8 15.2 
15.2 15.0 15.8 17.0 21.2 18.5 16.0 15.2 
14.5 15.0 15.5 15.8 16.2 15.5 15.8 15.0 
14.2 14.8 15.0 14.5 15.2 15.2 15.0 15.2 
14.2 14.0 14.8 15.2 14.0 14.5 15.0 14.8 


# DIFF
#  1  2  2  2  2  1  1  1
#  1  2  1  2  2  2  2  1
#  1  2  2  6  6  3  2  1
#  1  2  2  6  8  8  2  1
#  1  1  2  3  7  4  2  1
#  0  1  2  2  2  2  2  1
#  0  1  1  0  1  1  1  1
#  0  0  1  1  0  0  1  1
