# TS_TEXT=2019-08-27-14:05:35
# TS_SECS=1566911135.03
# HOST=aft-node
# PERCENTILE_10=14.8
# PERCENTILE_90=18.7
# MIN_PIXEL=14.0
# MEDIAN_PIXEL=15.5
# MAX_PIXEL=22.2

# IMAGE
15.0 15.0 15.5 15.0 16.2 15.5 15.2 14.8 
15.5 15.5 15.5 16.8 16.5 15.8 15.5 15.0 
15.8 16.0 16.0 19.5 19.2 17.0 15.8 15.5 
15.0 16.0 16.0 21.2 22.2 21.2 17.0 15.5 
15.5 15.2 16.2 18.0 22.0 19.0 16.5 15.5 
15.0 14.8 15.5 15.8 16.2 15.2 16.0 15.0 
14.5 15.0 15.2 15.2 15.2 15.2 14.8 15.2 
15.0 15.2 15.0 14.8 14.0 14.2 15.0 15.2 


# DIFF
#  1  1  2  1  2  2  1  1
#  2  2  2  3  2  2  2  1
#  2  2  2  6  5  3  2  2
#  1  2  2  7  8  7  3  2
#  2  1  2  4  8  5  2  2
#  1  1  2  2  2  1  2  1
#  0  1  1  1  1  1  1  1
#  1  1  1  1  0  0  1  1
