# TS_TEXT=2019-08-27-14:04:03
# TS_SECS=1566911043.51
# HOST=aft-node
# PERCENTILE_10=15.8
# PERCENTILE_90=19.3
# MIN_PIXEL=15.0
# MEDIAN_PIXEL=16.5
# MAX_PIXEL=23.0

# IMAGE
15.5 16.5 16.5 16.5 16.8 16.2 16.0 15.0 
16.0 16.5 16.5 17.8 17.0 17.0 16.2 16.0 
16.8 16.8 17.2 20.5 19.8 17.8 16.2 15.8 
16.5 16.5 17.2 22.8 23.0 21.8 16.2 16.0 
16.5 17.0 17.2 18.8 22.5 19.5 16.8 16.0 
16.2 16.5 16.5 16.8 17.5 17.0 16.5 15.5 
16.0 15.8 16.0 15.5 16.0 16.5 15.8 16.0 
16.5 16.0 16.2 16.0 15.0 15.8 15.8 15.2 


# DIFF
#  0  2  2  2  2  1  1  0
#  1  2  2  3  2  2  1  1
#  2  2  2  6  5  3  1  1
#  2  2  2  8  8  7  1  1
#  2  2  2  4  8  4  2  1
#  1  2  2  2  2  2  2  0
#  1  1  1  0  1  2  1  1
#  2  1  1  1  0  1  1  0
