# TS_TEXT=2019-08-18-22:44:44
# TS_SECS=1566164684.79
# HOST=fore-node
# PERCENTILE_10=12.8
# PERCENTILE_90=13.9
# MIN_PIXEL=12.2
# MEDIAN_PIXEL=13.2
# MAX_PIXEL=18.5

# IMAGE
13.5 13.5 13.5 13.5 13.5 13.0 13.0 12.8 
14.5 14.2 14.0 13.2 13.2 13.5 13.0 12.2 
17.5 15.2 13.8 13.5 13.0 12.8 13.0 12.8 
18.5 16.5 13.8 13.2 13.0 12.8 13.2 13.0 
12.5 12.8 13.2 13.0 13.0 12.8 13.5 13.5 
13.0 13.0 13.2 13.5 13.0 12.2 13.2 13.2 
13.5 13.0 13.5 12.8 13.0 12.8 13.5 13.0 
13.2 13.2 13.2 12.8 13.2 13.0 13.2 13.0 


# DIFF
#  1  1  1  1  1  1  1  0
#  2  2  2  1  1  1  1  0
#  5  3  2  1  1  0  1  0
#  6  4  2  1  1  0  1  1
#  0  0  1  1  1  0  1  1
#  1  1  1  1  1  0  1  1
#  1  1  1  0  1  0  1  1
#  1  1  1  0  1  1  1  1
