# TS_TEXT=2019-08-18-21:51:31
# TS_SECS=1566161491.40
# HOST=starboard-node
# PERCENTILE_10=13.2
# PERCENTILE_90=15.9
# MIN_PIXEL=12.8
# MEDIAN_PIXEL=13.8
# MAX_PIXEL=18.2

# IMAGE
13.5 14.0 13.2 14.2 13.5 13.8 13.2 13.0 
14.0 13.2 13.8 13.5 13.0 13.5 13.5 12.8 
13.5 14.0 13.2 13.8 13.2 13.5 13.2 13.8 
14.0 14.0 13.8 14.0 13.8 14.0 13.2 13.5 
15.0 16.0 15.5 14.0 13.5 13.5 13.5 13.5 
15.5 17.2 16.8 14.0 13.5 13.8 13.5 14.0 
16.0 18.2 17.8 14.0 14.0 13.8 13.5 13.2 
15.2 17.2 15.2 13.8 13.2 14.0 13.8 13.5 


# DIFF
#  1  1  0  2  1  1  0  0
#  1  0  1  1  0  1  1  0
#  1  1  0  1  0  1  0  1
#  1  1  1  1  1  1  0  1
#  2  3  3  1  1  1  1  1
#  3  4  4  1  1  1  1  1
#  3  6  5  1  1  1  1  0
#  2  4  2  1  0  1  1  1
