# TS_TEXT=2019-08-18-21:51:38
# TS_SECS=1566161498.46
# HOST=starboard-node
# PERCENTILE_10=13.2
# PERCENTILE_90=16.2
# MIN_PIXEL=13.0
# MEDIAN_PIXEL=13.8
# MAX_PIXEL=18.5

# IMAGE
13.5 14.2 13.5 14.0 13.5 13.2 13.2 13.5 
13.8 13.0 14.0 13.5 13.8 13.8 13.5 13.2 
14.0 14.0 13.8 14.0 13.8 13.2 14.0 13.5 
14.2 14.0 13.8 14.2 13.8 13.8 13.0 14.0 
15.2 16.0 15.5 14.2 13.5 14.0 13.2 13.2 
16.2 16.5 16.5 16.2 13.5 14.0 13.8 13.8 
16.2 18.5 17.5 15.0 14.2 13.5 13.8 13.5 
15.2 16.5 15.8 13.8 13.8 13.5 14.0 13.2 


# DIFF
#  0  1  0  1  0  0  0  0
#  1  0  1  0  1  1  0  0
#  1  1  1  1  1  0  1  0
#  1  1  1  1  1  1  0  1
#  2  3  2  1  0  1  0  0
#  3  4  4  3  0  1  1  1
#  3  6  4  2  1  0  1  0
#  2  4  3  1  1  0  1  0
