# TS_TEXT=2019-08-18-21:51:34
# TS_SECS=1566161494.43
# HOST=starboard-node
# PERCENTILE_10=13.0
# PERCENTILE_90=16.4
# MIN_PIXEL=12.8
# MEDIAN_PIXEL=13.8
# MAX_PIXEL=19.0

# IMAGE
14.0 13.8 13.8 14.0 13.2 14.2 12.8 13.0 
13.8 13.5 13.8 13.2 13.5 14.0 13.0 13.0 
14.0 14.2 14.2 13.8 13.5 13.2 13.2 13.2 
14.0 13.8 13.8 14.0 14.0 14.0 13.0 13.8 
14.8 16.0 15.2 14.5 13.0 13.2 14.0 13.0 
16.5 17.2 16.8 13.8 13.8 13.8 13.0 14.0 
16.5 19.0 17.0 14.2 14.0 13.2 13.2 14.0 
15.5 17.0 15.0 14.0 13.5 13.5 13.2 14.2 


# DIFF
#  1  1  1  1  0  2  0  0
#  1  1  1  0  1  1  0  0
#  1  2  2  1  1  0  0  0
#  1  1  1  1  1  1  0  1
#  2  3  2  2  0  0  1  0
#  4  4  4  1  1  1  0  1
#  4  6  4  2  1  0  0  1
#  3  4  2  1  1  1  0  2
