# TS_TEXT=2019-08-25-12:30:33
# TS_SECS=1566732633.95
# HOST=starboard-node
# PERCENTILE_10=15.5
# PERCENTILE_90=18.0
# MIN_PIXEL=14.5
# MEDIAN_PIXEL=16.0
# MAX_PIXEL=21.2

# IMAGE
15.0 16.2 15.8 16.2 16.0 15.8 15.5 15.2 
15.8 15.5 16.2 16.2 16.5 16.5 16.0 14.5 
15.8 16.8 17.5 18.5 17.2 16.0 15.5 16.0 
16.0 16.8 19.5 21.2 20.0 17.2 15.8 16.0 
16.0 16.8 18.2 20.0 19.5 16.8 16.5 16.0 
16.0 16.5 16.5 16.8 16.5 16.8 16.0 16.0 
16.0 16.0 16.5 16.2 16.2 16.0 15.8 15.8 
16.0 16.0 15.5 16.0 15.5 15.8 15.8 16.2 


# DIFF
#  0  2  1  2  2  1  1  1
#  1  1  2  2  2  2  2  0
#  1  2  3  4  3  2  1  2
#  2  2  5  7  6  3  1  2
#  2  2  4  6  5  2  2  2
#  2  2  2  2  2  2  2  2
#  2  2  2  2  2  2  1  1
#  2  2  1  2  1  1  1  2
