# TS_TEXT=2019-08-18-23:01:15
# TS_SECS=1566165675.74
# HOST=fore-node
# PERCENTILE_10=13.6
# PERCENTILE_90=18.9
# MIN_PIXEL=0.0
# MEDIAN_PIXEL=14.4
# MAX_PIXEL=22.5

# IMAGE
15.2 17.5 17.2 18.5 21.8 17.8 14.8 13.0 
13.8 14.5 16.5 19.5 22.5 20.2 15.5 13.8 
14.0 14.2 15.0 19.8 19.8 19.0 14.2 14.2 
14.0 14.2 14.5 14.8 15.8 14.8 14.5 14.5 
14.0 14.5 14.2 14.2 14.2 15.0 14.2 14.0 
13.5 13.5 14.0 13.8 14.5 14.2 13.5 14.0 
14.0 14.2 13.8 13.8 14.2 14.0 13.5 13.5 
0.0 16.5 17.8 16.8 16.2 15.8 14.5 14.0 


# DIFF
# 15 18 17 18 22 18 15 13
# 14 14 16 20 22 20 16 14
# 14 14 15 20 20 19 14 14
# 14 14 14 15 16 15 14 14
# 14 14 14 14 14 15 14 14
# 14 14 14 14 14 14 14 14
# 14 14 14 14 14 14 14 14
#  0 16 18 17 16 16 14 14
