# TS_TEXT=2019-08-18-22:18:21
# TS_SECS=1566163101.13
# HOST=fore-node
# PERCENTILE_10=12.2
# PERCENTILE_90=13.8
# MIN_PIXEL=0.0
# MEDIAN_PIXEL=12.8
# MAX_PIXEL=17.8

# IMAGE
12.8 11.8 12.5 12.2 13.0 12.2 12.0 12.8 
12.2 12.5 12.2 12.2 12.8 12.8 12.0 13.8 
12.2 12.2 12.8 12.2 13.0 12.0 12.8 12.5 
12.5 12.5 12.5 12.8 13.0 12.8 12.5 12.2 
12.5 12.8 12.2 13.0 12.8 13.2 13.0 13.0 
12.2 13.2 13.5 12.8 13.5 13.5 13.0 13.2 
13.8 12.5 13.0 13.8 14.5 15.5 13.8 13.5 
0.0 13.2 13.2 13.0 15.0 17.8 16.5 13.0 


# DIFF
# 13 12 12 12 13 12 12 13
# 12 12 12 12 13 13 12 14
# 12 12 13 12 13 12 13 12
# 12 12 12 13 13 13 12 12
# 12 13 12 13 13 13 13 13
# 12 13 14 13 14 14 13 13
# 14 12 13 14 14 16 14 14
#  0 13 13 13 15 18 16 13
