# TS_TEXT=2019-08-18-22:18:32
# TS_SECS=1566163112.24
# HOST=fore-node
# PERCENTILE_10=11.8
# PERCENTILE_90=13.4
# MIN_PIXEL=11.5
# MEDIAN_PIXEL=12.2
# MAX_PIXEL=16.8

# IMAGE
13.0 14.0 16.8 16.0 13.0 11.8 11.8 11.8 
12.0 11.5 11.5 11.8 11.8 11.8 12.0 11.8 
11.8 12.0 12.0 12.0 12.0 11.8 12.0 12.2 
12.2 12.2 12.5 12.0 12.0 12.2 12.0 11.8 
12.0 12.2 11.8 12.2 12.0 11.8 12.2 12.2 
11.8 12.5 12.2 12.5 12.2 12.2 12.0 12.5 
12.2 12.2 12.2 12.8 12.0 12.5 13.5 12.5 
12.5 13.0 13.0 15.0 13.5 12.5 16.0 13.0 


# DIFF
#  2  2  5  4  2  0  0  0
#  0  0  0  0  0  0  0  0
#  0  0  0  0  0  0  0  1
#  1  1  1  0  0  1  0  0
#  0  1  0  1  0  0  1  1
#  0  1  1  1  1  1  0  1
#  1  1  1  1  0  1  2  1
#  1  2  2  4  2  1  4  2
