# TS_TEXT=2019-08-18-21:29:10
# TS_SECS=1566160150.29
# HOST=centre-node
# PERCENTILE_10=14.0
# PERCENTILE_90=16.1
# MIN_PIXEL=13.2
# MEDIAN_PIXEL=14.5
# MAX_PIXEL=18.5

# IMAGE
14.2 13.8 14.2 14.2 14.2 14.0 14.2 14.2 
14.5 14.2 14.5 14.8 14.5 15.0 13.8 14.0 
14.2 14.2 15.2 14.8 18.2 16.2 14.8 13.5 
14.8 15.8 17.2 17.0 17.2 14.5 14.0 13.2 
14.5 15.0 18.5 18.2 15.8 14.5 14.0 14.5 
14.5 15.0 15.5 15.0 15.0 14.2 14.5 14.2 
15.0 14.2 14.5 14.5 14.8 14.2 14.0 14.2 
14.5 15.0 15.5 14.5 14.5 14.8 14.0 14.0 


# DIFF
#  1  0  1  1  1  1  1  1
#  1  1  1  2  1  2  0  1
#  1  1  2  2  5  3  2  0
#  2  2  4  4  4  1  1  0
#  1  2  5  5  2  1  1  1
#  1  2  2  2  2  1  1  1
#  2  1  1  1  2  1  1  1
#  1  2  2  1  1  2  1  1
