# TS_TEXT=2019-08-25-16:34:26
# TS_SECS=1566747266.84
# HOST=port-node
# PERCENTILE_10=16.0
# PERCENTILE_90=17.0
# MIN_PIXEL=15.2
# MEDIAN_PIXEL=16.5
# MAX_PIXEL=23.5

# IMAGE
17.0 16.5 16.5 16.5 16.8 17.0 16.2 16.5 
16.2 16.5 16.5 16.2 17.2 17.0 16.5 16.2 
15.8 16.8 16.5 16.8 23.5 17.5 16.8 16.2 
15.2 16.2 16.5 16.8 16.5 17.0 16.5 15.8 
15.5 16.5 16.5 16.2 17.0 16.8 16.8 16.2 
16.5 16.5 16.5 16.2 16.5 16.0 16.5 16.0 
16.2 16.5 16.2 16.8 16.2 16.8 16.8 16.0 
16.0 15.8 16.2 16.2 16.8 16.0 16.8 16.0 


# DIFF
#  2  1  1  1  2  2  1  1
#  1  1  1  1  2  2  1  1
#  0  2  1  2  8  2  2  1
#  0  1  1  2  1  2  1  0
#  0  1  1  1  2  2  2  1
#  1  1  1  1  1  1  1  1
#  1  1  1  2  1  2  2  1
#  1  0  1  1  2  1  2  1
