# TS_TEXT=2019-08-18-22:13:43
# TS_SECS=1566162823.39
# HOST=centre-node
# PERCENTILE_10=13.0
# PERCENTILE_90=14.9
# MIN_PIXEL=12.8
# MEDIAN_PIXEL=13.5
# MAX_PIXEL=20.2

# IMAGE
13.0 13.2 13.0 13.5 12.8 13.5 13.2 13.5 
13.0 12.8 13.0 14.2 13.5 13.8 13.5 13.5 
12.8 12.8 13.5 14.0 16.2 14.2 13.5 12.8 
13.2 13.5 13.5 15.2 20.2 19.0 14.8 14.0 
13.0 13.5 14.0 14.8 18.8 18.2 14.2 14.2 
13.5 13.2 14.0 14.5 15.0 14.0 14.2 13.8 
13.8 13.2 13.8 14.0 13.8 13.5 13.5 14.0 
13.5 13.8 13.8 13.8 14.0 13.5 13.5 13.5 


# DIFF
#  0  0  0  1  0  1  0  1
#  0  0  0  2  1  1  1  1
#  0  0  1  1  4  2  1  0
#  0  1  1  2  8  6  2  1
#  0  1  1  2  6  6  2  2
#  1  0  1  2  2  1  2  1
#  1  0  1  1  1  1  1  1
#  1  1  1  1  1  1  1  1
