# TS_TEXT=2019-08-18-22:42:05
# TS_SECS=1566164525.48
# HOST=port-node
# PERCENTILE_10=14.2
# PERCENTILE_90=15.2
# MIN_PIXEL=14.0
# MEDIAN_PIXEL=14.8
# MAX_PIXEL=16.8

# IMAGE
15.0 14.8 15.0 14.0 14.0 14.2 14.2 14.8 
15.0 15.0 14.8 14.0 14.5 14.2 14.0 14.8 
14.0 14.2 14.2 14.8 14.8 14.8 15.2 15.2 
14.2 14.2 14.0 14.8 14.5 14.8 15.5 16.8 
14.2 14.8 15.2 15.2 14.5 15.2 15.0 15.2 
14.8 14.8 15.5 16.8 14.5 15.2 15.0 14.2 
14.8 15.2 15.0 15.2 14.2 15.0 14.8 15.0 
14.5 15.2 15.0 14.2 15.2 15.0 15.0 14.8 


# DIFF
#  1  1  1  0  0  0  0  1
#  1  1  1  0  0  0  0  1
#  0  0  0  1  1  1  1  1
#  0  0  0  1  0  1  2  3
#  0  1  1  1  0  1  1  1
#  1  1  2  3  0  1  1  0
#  1  1  1  1  0  1  1  1
#  0  1  1  0  1  1  1  1
