# TS_TEXT=2019-08-27-13:25:43
# TS_SECS=1566908743.95
# HOST=port-node
# PERCENTILE_10=15.5
# PERCENTILE_90=18.2
# MIN_PIXEL=14.5
# MEDIAN_PIXEL=16.2
# MAX_PIXEL=24.2

# IMAGE
15.8 15.8 16.0 15.8 16.0 16.2 16.2 15.5 
15.8 16.0 16.0 15.5 16.5 16.0 15.5 15.8 
15.5 15.8 16.2 16.2 16.5 16.5 17.0 16.5 
15.2 16.0 16.2 16.2 16.5 17.5 20.5 20.8 
15.0 16.0 16.2 16.2 16.0 18.2 21.8 24.0 
15.5 15.5 16.0 16.2 16.5 18.0 22.0 24.2 
14.8 16.0 16.0 16.5 16.2 17.0 18.0 18.0 
15.8 14.5 15.0 15.8 16.2 15.5 16.8 16.2 


# DIFF
#  1  1  2  1  2  2  2  1
#  1  2  2  1  2  2  1  1
#  1  1  2  2  2  2  2  2
#  1  2  2  2  2  3  6  6
#  0  2  2  2  2  4  7 10
#  1  1  2  2  2  4  8 10
#  0  2  2  2  2  2  4  4
#  1  0  0  1  2  1  2  2
