# TS_TEXT=2019-08-27-13:22:04
# TS_SECS=1566908524.03
# HOST=port-node
# PERCENTILE_10=17.0
# PERCENTILE_90=18.6
# MIN_PIXEL=16.5
# MEDIAN_PIXEL=17.4
# MAX_PIXEL=24.5

# IMAGE
17.5 17.2 17.0 16.5 17.5 18.2 17.5 18.8 
17.8 17.2 17.8 17.5 18.0 17.5 17.8 19.2 
16.8 18.0 17.2 17.0 17.8 18.8 22.2 24.5 
17.2 17.2 17.2 17.8 17.2 18.2 19.8 20.0 
16.5 17.2 17.5 17.2 17.2 17.5 17.2 17.8 
17.8 17.5 17.5 17.0 17.0 17.0 17.0 17.5 
17.0 17.0 17.0 17.8 17.2 17.0 17.5 18.2 
17.2 16.8 17.2 17.2 17.2 16.8 17.5 16.8 


# DIFF
#  1  1  0  0  1  2  1  2
#  1  1  1  1  2  1  1  3
#  0  2  1  0  1  2  6  8
#  1  1  1  1  1  2  3  4
#  0  1  1  1  1  1  1  1
#  1  1  1  0  0  0  0  1
#  0  0  0  1  1  0  1  2
#  1  0  1  1  1  0  1  0
