# TS_TEXT=2019-08-27-13:22:45
# TS_SECS=1566908565.19
# HOST=port-node
# PERCENTILE_10=16.3
# PERCENTILE_90=18.5
# MIN_PIXEL=15.2
# MEDIAN_PIXEL=16.9
# MAX_PIXEL=24.0

# IMAGE
17.0 16.8 16.8 16.8 16.8 17.5 18.5 18.2 
16.8 16.8 17.0 16.8 17.5 17.8 21.8 21.8 
16.2 17.2 16.8 17.0 17.2 18.5 23.0 24.0 
16.2 17.2 16.8 16.8 17.0 18.0 20.0 20.8 
15.2 17.2 17.2 17.0 17.0 17.5 17.5 17.5 
16.2 16.8 16.8 16.5 16.5 17.0 17.0 16.8 
16.5 16.8 16.0 17.5 16.8 16.8 16.8 17.0 
16.5 16.2 16.8 16.8 16.8 16.0 16.5 17.2 


# DIFF
#  2  2  2  2  2  2  3  3
#  2  2  2  2  2  2  6  6
#  1  2  2  2  2  3  8  9
#  1  2  2  2  2  3  5  6
#  0  2  2  2  2  2  2  2
#  1  2  2  1  1  2  2  2
#  1  2  1  2  2  2  2  2
#  1  1  2  2  2  1  1  2
