# TS_TEXT=2019-08-27-13:24:10
# TS_SECS=1566908650.54
# HOST=port-node
# PERCENTILE_10=15.5
# PERCENTILE_90=19.3
# MIN_PIXEL=15.2
# MEDIAN_PIXEL=16.2
# MAX_PIXEL=24.2

# IMAGE
15.8 16.2 16.2 15.5 16.5 16.5 17.2 17.2 
16.2 16.2 16.5 16.0 17.0 17.8 22.0 21.5 
15.8 16.0 16.2 16.0 17.5 21.5 24.2 20.8 
15.8 16.2 16.8 16.5 17.8 20.8 20.0 16.8 
15.5 16.2 16.5 16.0 16.8 16.2 16.8 16.2 
15.8 16.2 16.0 16.0 15.8 15.5 16.5 15.5 
15.5 15.8 15.5 16.5 16.0 15.8 15.8 16.2 
16.2 16.0 15.5 16.0 16.0 15.2 15.5 15.8 


# DIFF
#  0  1  1  0  1  1  2  2
#  1  1  1  1  2  2  7  6
#  0  1  1  1  2  6  9  6
#  0  1  2  1  2  6  5  2
#  0  1  1  1  2  1  2  1
#  0  1  1  1  0  0  1  0
#  0  0  0  1  1  0  0  1
#  1  1  0  1  1  0  0  0
