# TS_TEXT=2019-08-27-13:22:28
# TS_SECS=1566908548.12
# HOST=port-node
# PERCENTILE_10=16.8
# PERCENTILE_90=18.5
# MIN_PIXEL=16.0
# MEDIAN_PIXEL=17.2
# MAX_PIXEL=24.2

# IMAGE
17.5 17.2 16.8 17.2 17.2 17.8 17.5 18.5 
16.8 17.2 17.0 17.2 17.8 17.5 19.8 22.2 
16.5 17.2 17.5 17.5 17.5 18.2 22.2 24.2 
16.2 17.2 17.5 17.0 17.2 18.5 21.8 22.8 
16.0 17.0 17.0 17.2 17.0 17.5 17.5 18.0 
16.8 17.2 17.0 16.5 17.0 17.2 17.5 17.2 
16.8 17.0 16.5 17.2 17.0 17.5 17.0 17.0 
16.8 17.0 16.5 16.8 17.5 17.0 16.8 16.8 


# DIFF
#  2  1  1  1  1  2  2  2
#  1  1  1  1  2  2  4  6
#  0  1  2  2  2  2  6  8
#  0  1  2  1  1  2  6  7
#  0  1  1  1  1  2  2  2
#  1  1  1  0  1  1  2  1
#  1  1  0  1  1  2  1  1
#  1  1  0  1  2  1  1  1
