# TS_TEXT=2019-08-27-13:26:51
# TS_SECS=1566908811.23
# HOST=port-node
# PERCENTILE_10=14.8
# PERCENTILE_90=16.5
# MIN_PIXEL=14.5
# MEDIAN_PIXEL=15.5
# MAX_PIXEL=21.8

# IMAGE
15.5 16.0 14.8 15.5 15.0 15.8 15.8 15.5 
16.0 15.5 16.0 15.5 16.0 15.2 15.8 16.2 
15.0 16.0 15.5 15.8 15.2 16.8 18.0 19.5 
15.5 16.0 15.8 16.0 15.5 17.0 20.2 21.8 
14.5 16.5 15.5 15.2 15.5 15.8 16.0 16.5 
15.5 15.5 15.8 15.8 15.8 14.5 15.8 15.0 
14.8 15.2 15.5 15.5 16.0 15.8 15.8 15.0 
14.8 14.8 15.2 15.2 15.2 14.5 14.8 14.5 


# DIFF
#  1  2  0  1  0  1  1  1
#  2  1  2  1  2  1  1  2
#  0  2  1  1  1  2  4  5
#  1  2  1  2  1  2  6  7
#  0  2  1  1  1  1  2  2
#  1  1  1  1  1  0  1  0
#  0  1  1  1  2  1  1  0
#  0  0  1  1  1  0  0  0
