# TS_TEXT=2019-08-27-13:22:14
# TS_SECS=1566908534.07
# HOST=port-node
# PERCENTILE_10=17.0
# PERCENTILE_90=19.2
# MIN_PIXEL=16.5
# MEDIAN_PIXEL=17.5
# MAX_PIXEL=24.5

# IMAGE
18.0 17.2 17.2 17.5 18.0 18.0 18.2 19.2 
17.2 17.5 17.5 17.5 17.8 18.2 18.8 23.0 
17.0 17.8 17.8 17.8 18.2 21.0 23.8 24.5 
16.5 17.2 17.8 17.5 17.8 19.0 20.5 20.2 
16.8 17.5 17.5 17.2 17.8 17.8 18.2 18.8 
16.8 17.2 17.2 17.2 17.5 17.5 17.5 17.5 
17.5 17.2 17.5 17.5 17.0 17.2 17.0 17.8 
17.2 16.8 17.0 17.2 17.0 17.2 17.8 17.8 


# DIFF
#  2  1  1  1  2  2  2  3
#  1  1  1  1  1  2  2  6
#  0  1  1  1  2  4  7  8
#  0  1  1  1  1  2  4  4
#  0  1  1  1  1  1  2  2
#  0  1  1  1  1  1  1  1
#  1  1  1  1  0  1  0  1
#  1  0  0  1  0  1  1  1
