# TS_TEXT=2019-08-27-13:25:31
# TS_SECS=1566908731.91
# HOST=port-node
# PERCENTILE_10=15.0
# PERCENTILE_90=16.7
# MIN_PIXEL=14.8
# MEDIAN_PIXEL=15.9
# MAX_PIXEL=21.0

# IMAGE
15.8 15.2 15.5 16.0 15.8 16.2 15.8 15.8 
15.8 15.8 16.0 16.0 15.8 16.0 15.8 16.0 
15.0 15.8 16.0 16.0 16.2 16.2 16.8 17.5 
15.0 16.0 16.0 16.2 16.2 17.2 20.0 21.0 
14.8 16.0 16.2 15.8 16.0 16.5 17.0 21.0 
14.8 15.8 16.2 15.5 16.0 15.8 16.0 16.5 
14.8 15.0 15.8 16.2 15.5 16.2 15.5 16.2 
15.8 14.8 15.2 15.2 15.2 15.5 15.0 15.0 


# DIFF
#  1  0  1  1  1  2  1  1
#  1  1  1  1  1  1  1  1
#  0  1  1  1  2  2  2  3
#  0  1  1  2  2  2  5  6
#  0  1  2  1  1  2  2  6
#  0  1  2  1  1  1  1  2
#  0  0  1  2  1  2  1  2
#  1  0  0  0  0  1  0  0
