# TS_TEXT=2019-08-27-13:23:28
# TS_SECS=1566908608.37
# HOST=port-node
# PERCENTILE_10=16.2
# PERCENTILE_90=20.2
# MIN_PIXEL=15.0
# MEDIAN_PIXEL=16.8
# MAX_PIXEL=24.2

# IMAGE
17.2 16.5 15.8 16.5 16.5 17.5 17.0 17.0 
16.5 16.8 17.0 16.5 17.0 17.2 17.8 17.8 
16.8 17.2 17.0 17.0 17.2 19.5 23.5 21.2 
15.0 17.0 17.2 16.5 16.8 20.5 23.5 24.2 
16.2 16.8 16.5 16.5 16.5 18.2 20.8 20.8 
16.5 17.0 16.5 16.5 16.5 16.5 18.0 16.8 
16.0 16.2 16.2 16.8 16.2 17.0 16.2 16.5 
16.5 16.2 16.5 16.2 16.5 16.2 16.0 16.5 


# DIFF
#  2  2  1  2  2  2  2  2
#  2  2  2  2  2  2  3  3
#  2  2  2  2  2  4  8  6
#  0  2  2  2  2  6  8  9
#  1  2  2  2  2  3  6  6
#  2  2  2  2  2  2  3  2
#  1  1  1  2  1  2  1  2
#  2  1  2  1  2  1  1  2
