# TS_TEXT=2019-08-27-13:22:26
# TS_SECS=1566908546.11
# HOST=port-node
# PERCENTILE_10=16.6
# PERCENTILE_90=19.4
# MIN_PIXEL=16.0
# MEDIAN_PIXEL=17.2
# MAX_PIXEL=25.2

# IMAGE
16.5 17.2 17.0 16.5 17.5 17.8 17.8 18.2 
17.2 17.0 17.0 17.2 18.0 17.2 18.2 20.2 
17.0 17.0 17.5 17.5 17.8 18.2 22.5 25.2 
16.0 17.0 17.5 17.0 17.8 19.5 22.5 24.2 
16.5 17.0 17.2 17.5 17.5 17.8 19.5 19.0 
17.0 17.0 17.2 16.8 17.2 17.0 17.2 17.2 
16.5 17.2 16.8 16.8 16.8 17.5 17.5 17.2 
16.2 16.8 17.0 16.5 17.0 16.8 17.0 17.2 


# DIFF
#  0  1  1  0  2  2  2  2
#  1  1  1  1  2  1  2  4
#  1  1  2  2  2  2  6  9
#  0  1  2  1  2  4  6  8
#  0  1  1  2  2  2  4  3
#  1  1  1  1  1  1  1  1
#  0  1  1  1  1  2  2  1
#  0  1  1  0  1  1  1  1
