# TS_TEXT=2019-08-27-13:24:40
# TS_SECS=1566908680.70
# HOST=port-node
# PERCENTILE_10=15.0
# PERCENTILE_90=18.4
# MIN_PIXEL=14.5
# MEDIAN_PIXEL=16.0
# MAX_PIXEL=22.0

# IMAGE
16.2 16.0 14.8 16.2 16.2 16.8 21.0 19.2 
15.5 16.0 16.0 15.5 16.5 18.5 22.0 21.0 
15.5 15.8 16.2 16.0 17.0 18.5 21.5 18.0 
14.8 16.0 16.0 16.2 15.8 17.2 17.0 16.2 
15.0 16.0 15.8 15.5 16.2 16.2 16.2 16.5 
15.5 16.0 16.5 15.5 16.0 15.8 16.0 15.5 
14.8 15.2 15.0 16.0 15.5 16.0 16.0 15.8 
14.5 15.2 15.5 15.0 15.5 15.2 15.0 15.5 


# DIFF
#  2  2  0  2  2  2  6  5
#  1  2  2  1  2  4  8  6
#  1  1  2  2  2  4  7  4
#  0  2  2  2  1  3  2  2
#  0  2  1  1  2  2  2  2
#  1  2  2  1  2  1  2  1
#  0  1  0  2  1  2  2  1
#  0  1  1  0  1  1  0  1
