# TS_TEXT=2019-08-27-13:23:07
# TS_SECS=1566908587.28
# HOST=port-node
# PERCENTILE_10=16.1
# PERCENTILE_90=17.9
# MIN_PIXEL=15.5
# MEDIAN_PIXEL=16.8
# MAX_PIXEL=22.5

# IMAGE
17.0 16.2 16.5 16.2 17.0 17.2 17.2 18.5 
16.5 17.5 16.8 17.2 17.0 17.8 18.0 22.5 
16.0 16.5 17.0 17.0 17.5 17.2 20.5 22.5 
16.5 16.8 17.0 16.8 16.8 17.8 18.0 19.5 
15.5 16.8 16.8 16.8 16.2 17.0 17.2 16.8 
16.5 17.0 16.5 16.8 16.8 16.5 16.8 16.5 
16.0 15.8 16.0 17.0 16.5 16.8 16.5 17.0 
16.0 16.2 15.8 16.8 16.8 16.5 16.5 16.2 


# DIFF
#  2  1  1  1  2  2  2  3
#  1  2  1  2  2  2  2  7
#  0  1  2  2  2  2  5  7
#  1  1  2  1  1  2  2  4
#  0  1  1  1  1  2  2  1
#  1  2  1  1  1  1  1  1
#  0  0  0  2  1  1  1  2
#  0  1  0  1  1  1  1  1
