# TS_TEXT=2019-08-27-13:25:15
# TS_SECS=1566908715.84
# HOST=port-node
# PERCENTILE_10=15.1
# PERCENTILE_90=16.7
# MIN_PIXEL=14.8
# MEDIAN_PIXEL=15.9
# MAX_PIXEL=22.8

# IMAGE
15.5 15.8 15.8 15.0 15.5 16.0 16.2 15.8 
16.2 16.0 16.0 16.2 16.5 15.8 16.2 16.0 
15.2 16.0 16.0 15.5 16.0 16.2 17.8 19.8 
14.8 16.0 15.5 16.2 16.5 17.2 20.8 22.8 
15.0 16.2 16.0 15.5 16.2 16.8 16.2 17.8 
15.2 16.0 15.8 16.2 16.0 15.8 16.2 15.8 
15.0 15.2 15.0 15.5 15.5 15.5 15.8 16.2 
14.8 15.5 14.8 15.5 15.2 15.2 15.8 15.8 


# DIFF
#  1  1  1  0  1  1  2  1
#  2  1  1  2  2  1  2  1
#  0  1  1  1  1  2  3  5
#  0  1  1  2  2  2  6  8
#  0  2  1  1  2  2  2  3
#  0  1  1  2  1  1  2  1
#  0  0  0  1  1  1  1  2
#  0  1  0  1  0  0  1  1
