# TS_TEXT=2019-08-25-15:59:27
# TS_SECS=1566745167.80
# HOST=port-node
# PERCENTILE_10=16.2
# PERCENTILE_90=17.0
# MIN_PIXEL=15.5
# MEDIAN_PIXEL=16.8
# MAX_PIXEL=20.2

# IMAGE
16.5 16.5 16.5 15.8 17.0 17.0 16.2 16.8 
16.8 16.5 16.5 16.8 17.0 16.8 16.2 17.0 
16.5 17.2 17.0 16.5 17.0 17.8 17.8 16.8 
15.5 17.0 16.8 16.5 17.0 20.2 17.8 16.8 
16.2 16.8 16.5 16.0 17.0 17.0 17.0 17.5 
16.2 16.5 16.5 17.0 16.2 16.8 17.0 16.2 
16.2 16.8 16.8 17.0 17.0 16.8 17.0 16.8 
16.2 16.0 16.2 16.2 16.0 16.5 16.5 17.0 


# DIFF
#  1  1  1  0  2  2  1  1
#  1  1  1  1  2  1  1  2
#  1  2  2  1  2  2  2  1
#  0  2  1  1  2  5  2  1
#  1  1  1  0  2  2  2  2
#  1  1  1  2  1  1  2  1
#  1  1  1  2  2  1  2  1
#  1  0  1  1  0  1  1  2
