# TS_TEXT=2019-08-27-13:35:32
# TS_SECS=1566909332.44
# HOST=aft-node
# PERCENTILE_10=14.6
# PERCENTILE_90=18.2
# MIN_PIXEL=14.0
# MEDIAN_PIXEL=15.2
# MAX_PIXEL=22.5

# IMAGE
16.0 18.0 19.8 16.8 16.0 15.0 15.2 14.8 
17.0 20.5 22.5 19.5 16.5 15.5 15.2 15.5 
16.5 18.2 20.8 19.0 15.8 15.2 15.5 15.2 
15.5 15.8 15.8 16.0 14.8 15.2 15.0 15.8 
15.2 15.2 15.8 14.8 15.5 15.2 15.5 15.2 
15.0 15.0 15.0 15.5 15.5 15.2 15.8 14.0 
14.5 14.8 14.5 15.0 15.5 15.2 14.8 15.2 
14.8 15.0 14.5 15.2 14.2 14.5 14.8 14.2 


# DIFF
#  2  4  6  3  2  1  1  1
#  3  6  8  6  2  2  1  2
#  2  4  7  5  2  1  2  1
#  2  2  2  2  1  1  1  2
#  1  1  2  1  2  1  2  1
#  1  1  1  2  2  1  2  0
#  0  1  0  1  2  1  1  1
#  1  1  0  1  0  0  1  0
