# TS_TEXT=2019-08-27-13:35:31
# TS_SECS=1566909331.44
# HOST=aft-node
# PERCENTILE_10=14.8
# PERCENTILE_90=18.1
# MIN_PIXEL=14.2
# MEDIAN_PIXEL=15.5
# MAX_PIXEL=23.0

# IMAGE
15.8 17.0 19.2 16.0 16.2 15.0 15.5 14.2 
16.5 19.5 23.0 18.5 16.0 16.0 15.0 15.0 
16.2 19.2 22.0 21.8 16.2 15.2 15.8 15.2 
16.0 16.2 17.0 17.2 15.2 15.8 15.2 15.5 
16.2 15.8 16.0 15.2 15.2 15.5 15.5 15.5 
15.0 15.2 15.5 15.5 15.2 15.2 15.5 14.2 
14.2 15.0 15.0 15.0 15.0 15.0 15.0 15.2 
14.2 15.2 15.0 14.8 14.2 14.8 15.0 14.2 


# DIFF
#  2  3  5  2  2  1  1  0
#  2  5  9  4  2  2  1  1
#  2  5  8  8  2  1  2  1
#  2  2  3  3  1  2  1  1
#  2  2  2  1  1  1  1  1
#  1  1  1  1  1  1  1  0
#  0  1  1  1  1  1  1  1
#  0  1  1  0  0  0  1  0
