# TS_TEXT=2019-08-27-13:34:13
# TS_SECS=1566909253.82
# HOST=aft-node
# PERCENTILE_10=16.1
# PERCENTILE_90=18.2
# MIN_PIXEL=15.8
# MEDIAN_PIXEL=16.8
# MAX_PIXEL=24.8

# IMAGE
16.0 16.8 16.8 16.2 16.8 16.2 16.5 16.0 
16.8 17.0 16.8 17.2 17.0 16.8 16.5 16.8 
16.5 16.8 17.2 16.8 16.2 16.8 16.2 16.2 
16.8 17.2 17.2 17.8 17.0 17.0 16.5 16.8 
17.2 17.5 20.0 23.2 22.8 17.8 17.2 16.2 
16.5 17.5 21.2 24.5 24.8 18.2 17.0 15.8 
17.0 16.8 17.5 17.8 18.0 17.8 16.5 16.5 
15.8 17.0 16.8 16.8 16.2 16.0 16.0 15.8 


# DIFF
#  0  1  1  0  1  0  1  0
#  1  1  1  2  1  1  1  1
#  1  1  2  1  0  1  0  0
#  1  2  2  2  1  1  1  1
#  2  2  4  8  7  2  2  0
#  1  2  6  9  9  2  1  0
#  1  1  2  2  2  2  1  1
#  0  1  1  1  0  0  0  0
