# TS_TEXT=2019-08-27-13:34:06
# TS_SECS=1566909246.77
# HOST=aft-node
# PERCENTILE_10=15.8
# PERCENTILE_90=18.4
# MIN_PIXEL=15.2
# MEDIAN_PIXEL=16.5
# MAX_PIXEL=24.8

# IMAGE
15.5 15.8 16.2 16.0 16.8 16.2 16.0 15.2 
16.0 16.5 16.2 16.8 16.8 17.0 16.0 15.8 
16.2 16.5 16.5 16.8 16.2 16.8 16.0 16.5 
16.0 16.5 16.5 17.2 16.8 16.8 16.0 16.2 
16.0 16.5 17.0 18.2 22.0 20.5 17.0 16.5 
16.0 16.0 17.0 19.0 24.0 24.8 18.8 16.2 
15.2 15.8 16.2 16.5 18.2 18.5 16.5 16.5 
15.2 15.5 16.0 16.2 16.2 16.8 16.2 16.2 


# DIFF
#  0  0  1  1  2  1  1  0
#  1  1  1  2  2  2  1  0
#  1  1  1  2  1  2  1  1
#  1  1  1  2  2  2  1  1
#  1  1  2  3  7  5  2  1
#  1  1  2  4  9 10  4  1
#  0  0  1  1  3  3  1  1
#  0  0  1  1  1  2  1  1
