# TS_TEXT=2019-08-27-13:37:04
# TS_SECS=1566909424.09
# HOST=aft-node
# PERCENTILE_10=13.8
# PERCENTILE_90=17.0
# MIN_PIXEL=13.2
# MEDIAN_PIXEL=14.5
# MAX_PIXEL=21.8

# IMAGE
13.8 14.5 14.5 15.2 15.2 17.2 21.8 18.0 
14.5 14.8 14.2 14.8 15.0 20.5 21.5 16.5 
14.8 14.8 14.2 14.8 15.2 17.8 17.8 14.8 
14.2 14.8 14.5 14.5 14.8 15.0 14.8 15.0 
14.8 14.5 14.5 14.5 14.5 14.2 15.0 14.2 
14.2 14.2 14.2 14.2 14.2 14.2 14.8 14.0 
13.5 14.2 14.0 14.0 14.2 14.5 14.2 14.0 
13.2 14.2 14.0 13.5 13.2 13.8 13.8 13.8 


# DIFF
#  0  1  1  2  2  4  8  5
#  1  2  1  2  2  7  8  3
#  2  2  1  2  2  4  4  2
#  1  2  1  1  2  2  2  2
#  2  1  1  1  1  1  2  1
#  1  1  1  1  1  1  2  1
#  0  1  1  1  1  1  1  1
#  0  1  1  0  0  0  0  0
