# TS_TEXT=2019-08-27-13:33:41
# TS_SECS=1566909221.59
# HOST=aft-node
# PERCENTILE_10=15.8
# PERCENTILE_90=17.8
# MIN_PIXEL=15.2
# MEDIAN_PIXEL=16.5
# MAX_PIXEL=23.8

# IMAGE
15.8 16.2 17.0 16.5 16.2 16.8 17.0 16.0 
16.5 16.2 16.8 17.0 17.0 17.8 17.5 17.2 
17.0 16.5 16.2 17.0 20.0 23.0 23.8 17.8 
16.0 17.0 16.2 16.8 19.2 23.2 23.0 17.8 
16.2 16.2 17.0 16.8 17.0 17.2 17.5 17.0 
16.0 16.5 16.8 16.2 16.5 16.5 16.5 16.2 
16.0 15.8 15.5 16.0 16.0 16.2 15.8 16.5 
16.0 15.8 16.5 15.5 15.2 15.5 15.5 15.5 


# DIFF
#  0  1  2  1  1  2  2  1
#  1  1  2  2  2  2  2  2
#  2  1  1  2  5  8  8  2
#  1  2  1  2  4  8  8  2
#  1  1  2  2  2  2  2  2
#  1  1  2  1  1  1  1  1
#  1  0  0  1  1  1  0  1
#  1  0  1  0  0  0  0  0
