# TS_TEXT=2019-08-25-16:07:02
# TS_SECS=1566745622.64
# HOST=starboard-node
# PERCENTILE_10=17.0
# PERCENTILE_90=18.2
# MIN_PIXEL=16.8
# MEDIAN_PIXEL=17.5
# MAX_PIXEL=29.2

# IMAGE
17.2 17.2 17.5 18.0 17.8 18.0 16.8 17.0 
17.5 17.0 17.5 18.0 17.8 18.0 17.2 17.8 
16.8 17.0 18.0 18.5 20.2 17.5 18.0 17.0 
17.2 17.5 17.5 18.2 29.2 19.0 17.2 17.2 
17.0 17.5 17.5 18.2 17.8 18.0 17.8 17.0 
17.8 17.2 17.2 17.8 17.5 17.5 17.5 17.5 
17.8 17.2 17.8 18.0 17.8 17.5 17.5 16.8 
17.8 18.0 17.8 17.8 18.2 17.2 17.2 17.8 


# DIFF
#  0  0  1  1  1  1  0  0
#  1  0  1  1  1  1  0  1
#  0  0  1  2  4  1  1  0
#  0  1  1  2 12  2  0  0
#  0  1  1  2  1  1  1  0
#  1  0  0  1  1  1  1  1
#  1  0  1  1  1  1  1  0
#  1  1  1  1  2  0  0  1
