# TS_TEXT=2019-08-25-16:07:18
# TS_SECS=1566745638.71
# HOST=starboard-node
# PERCENTILE_10=16.8
# PERCENTILE_90=18.0
# MIN_PIXEL=16.5
# MEDIAN_PIXEL=17.2
# MAX_PIXEL=29.0

# IMAGE
16.5 17.0 16.8 17.5 17.8 17.2 17.0 17.2 
17.0 16.5 17.2 17.8 17.5 17.2 17.8 17.5 
16.8 17.0 17.0 18.0 19.8 17.2 17.5 16.8 
17.0 17.0 17.0 18.5 29.0 18.5 17.0 17.8 
17.0 17.0 17.2 17.8 17.8 17.8 18.2 16.5 
17.5 16.8 17.2 17.2 17.2 17.5 17.5 17.0 
17.2 16.5 18.0 18.0 17.5 17.5 17.2 16.8 
17.0 17.8 17.8 17.2 16.8 17.2 17.2 17.8 


# DIFF
#  0  0  0  1  1  1  0  1
#  0  0  1  1  1  1  1  1
#  0  0  0  2  3  1  1  0
#  0  0  0  2 12  2  0  1
#  0  0  1  1  1  1  2  0
#  1  0  1  1  1  1  1  0
#  1  0  2  2  1  1  1  0
#  0  1  1  1  0  1  1  1
