# TS_TEXT=2019-08-25-16:07:07
# TS_SECS=1566745627.66
# HOST=starboard-node
# PERCENTILE_10=17.0
# PERCENTILE_90=18.0
# MIN_PIXEL=16.5
# MEDIAN_PIXEL=17.5
# MAX_PIXEL=29.0

# IMAGE
16.5 17.2 17.2 17.8 17.5 17.5 17.5 17.2 
17.0 16.8 17.2 17.8 17.8 17.5 17.5 18.0 
17.5 17.0 17.5 18.2 20.0 17.5 17.5 17.0 
17.5 17.5 17.5 18.0 29.0 18.8 17.5 17.2 
17.2 17.0 17.2 17.5 17.8 17.8 17.8 17.0 
17.8 17.2 17.2 17.5 17.2 17.8 17.8 17.5 
17.5 16.8 18.2 17.8 17.5 17.2 17.0 16.8 
17.8 18.0 17.5 17.5 17.2 17.2 17.5 18.0 


# DIFF
#  0  1  1  1  1  1  1  1
#  0  0  1  1  1  1  1  2
#  1  0  1  2  4  1  1  0
#  1  1  1  2 12  2  1  1
#  1  0  1  1  1  1  1  0
#  1  1  1  1  1  1  1  1
#  1  0  2  1  1  1  0  0
#  1  2  1  1  1  1  1  2
