# TS_TEXT=2019-08-25-16:07:14
# TS_SECS=1566745634.69
# HOST=starboard-node
# PERCENTILE_10=17.0
# PERCENTILE_90=17.9
# MIN_PIXEL=16.5
# MEDIAN_PIXEL=17.5
# MAX_PIXEL=28.8

# IMAGE
17.0 16.8 17.0 17.8 17.5 17.5 17.0 17.8 
17.2 16.5 17.5 17.5 17.8 17.8 17.8 17.8 
16.8 17.5 17.2 18.5 19.8 17.5 17.8 17.0 
17.2 17.0 17.2 18.0 28.8 18.8 17.0 17.2 
16.8 17.2 17.2 17.5 17.5 17.8 17.8 17.2 
17.5 17.0 16.8 17.2 17.5 17.5 17.8 17.5 
16.8 17.5 18.0 17.5 17.2 17.0 17.5 17.2 
17.2 17.5 18.0 17.2 17.0 17.5 17.0 17.8 


# DIFF
#  0  0  0  1  1  1  0  1
#  1  0  1  1  1  1  1  1
#  0  1  1  2  3  1  1  0
#  1  0  1  2 12  2  0  1
#  0  1  1  1  1  1  1  1
#  1  0  0  1  1  1  1  1
#  0  1  2  1  1  0  1  1
#  1  1  2  1  0  1  0  1
