# TS_TEXT=2019-08-18-22:06:46
# TS_SECS=1566162406.90
# HOST=aft-node
# PERCENTILE_10=14.0
# PERCENTILE_90=15.6
# MIN_PIXEL=0.0
# MEDIAN_PIXEL=14.2
# MAX_PIXEL=19.0

# IMAGE
14.2 14.0 14.0 14.2 16.5 15.8 16.5 14.0 
14.2 15.0 14.5 14.5 14.8 18.5 19.0 15.0 
14.2 14.2 14.5 14.2 14.2 16.2 16.2 14.8 
14.5 14.2 14.5 14.0 14.0 13.5 14.0 14.2 
14.5 14.0 15.0 14.0 14.0 14.0 14.2 13.5 
14.5 14.5 14.5 14.0 14.2 14.2 14.2 14.0 
14.8 15.0 15.2 14.0 14.2 14.8 14.2 14.2 
0.0 13.8 13.5 14.0 14.0 14.8 15.0 14.8 


# DIFF
# 14 14 14 14 16 16 16 14
# 14 15 14 14 15 18 19 15
# 14 14 14 14 14 16 16 15
# 14 14 14 14 14 14 14 14
# 14 14 15 14 14 14 14 14
# 14 14 14 14 14 14 14 14
# 15 15 15 14 14 15 14 14
#  0 14 14 14 14 15 15 15
