# TS_TEXT=2019-08-18-22:06:33
# TS_SECS=1566162393.78
# HOST=aft-node
# PERCENTILE_10=13.2
# PERCENTILE_90=15.3
# MIN_PIXEL=0.0
# MEDIAN_PIXEL=13.8
# MAX_PIXEL=18.0

# IMAGE
13.2 13.8 14.5 13.8 14.8 16.2 17.0 14.5 
14.0 14.0 13.8 14.2 15.5 18.0 17.8 14.5 
13.2 14.0 13.5 14.0 14.2 16.0 16.0 14.2 
13.5 13.5 13.5 13.5 14.0 14.0 13.8 13.8 
13.8 13.0 13.2 13.8 13.5 13.0 14.5 13.5 
14.2 13.5 13.8 13.0 14.0 13.8 13.8 13.2 
14.5 14.2 14.8 13.5 14.2 13.8 13.2 13.2 
0.0 13.0 13.0 14.0 13.8 14.0 14.0 13.8 


# DIFF
# 13 14 14 14 15 16 17 14
# 14 14 14 14 16 18 18 14
# 13 14 14 14 14 16 16 14
# 14 14 14 14 14 14 14 14
# 14 13 13 14 14 13 14 14
# 14 14 14 13 14 14 14 13
# 14 14 15 14 14 14 13 13
#  0 13 13 14 14 14 14 14
