# TS_TEXT=2019-08-18-21:43:13
# TS_SECS=1566160993.86
# HOST=centre-node
# PERCENTILE_10=13.8
# PERCENTILE_90=15.9
# MIN_PIXEL=13.0
# MEDIAN_PIXEL=14.2
# MAX_PIXEL=18.0

# IMAGE
13.8 13.8 13.8 13.0 14.0 13.8 13.8 14.2 
13.5 13.2 13.8 14.2 13.5 14.2 13.8 13.8 
13.8 13.8 14.0 14.2 15.0 15.8 16.5 13.5 
14.0 14.0 14.5 15.8 16.2 17.0 14.5 13.8 
14.2 14.8 16.0 18.0 18.0 15.0 14.2 14.2 
14.2 14.2 15.0 17.0 15.5 14.8 14.2 14.5 
14.5 14.5 15.0 14.8 14.2 14.5 14.0 13.8 
13.8 14.0 14.2 15.0 13.8 14.2 14.8 14.8 


# DIFF
#  1  1  1  0  1  1  1  1
#  0  0  1  1  0  1  1  1
#  1  1  1  1  2  3  4  0
#  1  1  2  3  3  4  2  1
#  1  2  3  5  5  2  1  1
#  1  1  2  4  2  2  1  2
#  2  2  2  2  1  2  1  1
#  1  1  1  2  1  1  2  2
