# TS_TEXT=2019-08-18-21:52:10
# TS_SECS=1566161530.57
# HOST=starboard-node
# PERCENTILE_10=14.0
# PERCENTILE_90=16.9
# MIN_PIXEL=13.5
# MEDIAN_PIXEL=14.5
# MAX_PIXEL=18.8

# IMAGE
13.5 14.2 14.2 15.0 14.5 14.0 13.8 13.5 
13.5 14.0 14.5 14.2 14.2 14.5 14.0 14.2 
14.2 14.8 14.2 14.5 14.2 14.0 14.5 14.5 
15.0 14.5 15.0 14.8 14.8 14.5 14.0 14.2 
15.5 17.8 16.5 15.0 14.5 14.8 14.5 14.5 
17.0 18.2 18.0 14.8 14.5 14.2 14.5 14.5 
17.0 18.8 16.5 14.8 14.8 14.5 14.0 14.0 
16.2 17.2 15.8 14.5 14.2 14.5 14.8 14.2 


# DIFF
#  0  1  1  2  1  0  0  0
#  0  0  1  1  1  1  0  1
#  1  1  1  1  1  0  1  1
#  2  1  2  1  1  1  0  1
#  2  4  3  2  1  1  1  1
#  4  5  4  1  1  1  1  1
#  4  5  3  1  1  1  0  0
#  3  4  2  1  1  1  1  1
