# TS_TEXT=2019-08-18-22:06:53
# TS_SECS=1566162413.80
# HOST=centre-node
# PERCENTILE_10=12.5
# PERCENTILE_90=16.0
# MIN_PIXEL=12.0
# MEDIAN_PIXEL=13.2
# MAX_PIXEL=18.5

# IMAGE
12.8 13.0 12.5 12.5 12.5 12.2 12.5 13.0 
12.8 13.0 12.0 12.8 12.5 13.0 12.8 12.2 
13.0 12.8 13.0 13.5 13.8 13.2 13.0 12.2 
13.8 13.2 13.5 15.5 17.5 14.8 13.0 12.8 
13.0 13.5 14.5 17.0 17.8 16.8 13.2 13.5 
13.2 14.0 14.2 17.0 18.5 16.2 13.8 13.2 
14.2 13.5 13.8 14.2 14.2 14.0 13.5 13.2 
13.2 14.5 14.2 13.0 13.8 13.0 13.5 14.0 


# DIFF
#  1  1  0  0  0  0  0  1
#  1  1  0  1  0  1  1  0
#  1  1  1  2  2  1  1  0
#  2  1  2  4  6  3  1  1
#  1  2  2  5  6  5  1  2
#  1  2  2  5  6  4  2  1
#  2  2  2  2  2  2  2  1
#  1  2  2  1  2  1  2  2
