# TS_TEXT=2019-08-18-22:06:41
# TS_SECS=1566162401.73
# HOST=centre-node
# PERCENTILE_10=13.0
# PERCENTILE_90=16.0
# MIN_PIXEL=12.8
# MEDIAN_PIXEL=13.8
# MAX_PIXEL=19.5

# IMAGE
13.0 13.2 12.8 13.0 14.0 13.5 12.8 13.0 
13.2 13.0 13.0 13.5 13.2 13.5 12.8 12.8 
13.2 13.0 13.8 13.5 14.5 13.2 13.8 12.8 
14.0 13.8 13.5 15.5 17.8 14.8 13.5 13.2 
12.8 13.8 14.5 18.0 19.5 17.2 13.5 13.5 
13.8 14.0 14.2 18.0 18.2 16.2 13.8 14.0 
14.0 13.5 14.5 14.8 15.0 14.2 13.8 13.8 
13.8 14.2 14.0 14.0 14.2 14.2 14.0 13.8 


# DIFF
#  0  0  0  0  1  1  0  0
#  0  0  0  1  0  1  0  0
#  0  0  1  1  2  0  1  0
#  1  1  1  3  5  2  1  0
#  0  1  2  5  7  4  1  1
#  1  1  2  5  6  4  1  1
#  1  1  2  2  2  2  1  1
#  1  2  1  1  2  2  1  1
