# TS_TEXT=2019-08-18-22:06:34
# TS_SECS=1566162394.72
# HOST=centre-node
# PERCENTILE_10=13.0
# PERCENTILE_90=16.0
# MIN_PIXEL=12.2
# MEDIAN_PIXEL=13.8
# MAX_PIXEL=18.8

# IMAGE
13.5 13.2 13.0 13.5 13.0 12.8 13.2 14.0 
12.5 13.5 13.5 13.8 13.2 13.5 12.2 13.0 
13.5 13.0 13.5 13.8 14.8 13.5 13.8 13.0 
14.2 13.8 14.2 15.5 18.0 15.5 13.5 13.0 
13.5 13.8 15.0 18.0 18.8 16.8 14.2 14.2 
13.2 14.0 14.5 17.8 18.8 16.2 14.2 13.2 
13.8 14.0 14.5 15.0 15.0 14.8 13.5 13.5 
13.5 14.5 13.5 14.2 14.0 13.8 13.8 13.5 


# DIFF
#  1  1  1  1  1  0  1  2
#  0  1  1  2  1  1  0  1
#  1  1  1  2  2  1  2  1
#  2  2  2  3  6  3  1  1
#  1  2  3  6  6  4  2  2
#  1  2  2  6  6  4  2  1
#  2  2  2  3  3  2  1  1
#  1  2  1  2  2  2  2  1
