# TS_TEXT=2019-08-18-22:06:31
# TS_SECS=1566162391.71
# HOST=centre-node
# PERCENTILE_10=13.2
# PERCENTILE_90=16.4
# MIN_PIXEL=12.5
# MEDIAN_PIXEL=13.8
# MAX_PIXEL=20.0

# IMAGE
13.8 13.5 13.2 13.8 13.2 13.2 13.0 13.5 
12.8 12.5 13.5 13.8 13.0 13.5 13.0 13.0 
13.5 13.2 14.0 13.8 14.5 14.2 14.0 13.2 
13.2 13.8 14.0 16.0 18.8 16.0 13.2 13.5 
13.8 13.8 15.0 18.0 20.0 17.0 13.8 13.5 
13.2 14.2 14.5 17.8 18.0 16.5 14.0 13.8 
14.5 14.2 14.2 15.2 15.0 15.2 14.2 13.5 
13.8 14.2 14.2 14.0 14.2 14.0 14.0 13.8 


# DIFF
#  1  1  1  1  1  1  0  1
#  0  0  1  1  0  1  0  0
#  1  1  2  1  2  2  2  1
#  1  1  2  4  6  4  1  1
#  1  1  2  6  8  4  1  1
#  1  2  2  5  6  4  2  1
#  2  2  2  3  2  3  2  1
#  1  2  2  2  2  2  2  1
