# TS_TEXT=2019-08-18-23:05:01
# TS_SECS=1566165901.46
# HOST=starboard-node
# PERCENTILE_10=14.0
# PERCENTILE_90=15.0
# MIN_PIXEL=13.8
# MEDIAN_PIXEL=14.5
# MAX_PIXEL=15.0

# IMAGE
14.5 14.2 14.2 15.0 14.8 14.8 14.5 15.0 
14.5 14.0 14.2 15.0 14.8 14.8 14.8 14.2 
15.0 14.0 15.0 14.5 14.5 14.0 14.5 14.5 
14.5 14.2 14.5 14.5 14.5 14.8 14.0 14.8 
15.0 14.2 14.2 14.5 14.0 14.2 14.2 14.2 
14.8 14.5 14.2 14.8 14.2 14.8 14.2 15.0 
14.5 14.0 14.8 14.8 14.2 14.0 14.5 13.8 
15.0 14.5 14.2 14.5 14.8 14.8 14.5 14.8 


# DIFF
#  1  0  0  1  1  1  1  1
#  1  0  0  1  1  1  1  0
#  1  0  1  1  1  0  1  1
#  1  0  1  1  1  1  0  1
#  1  0  0  1  0  0  0  0
#  1  1  0  1  0  1  0  1
#  1  0  1  1  0  0  1  0
#  1  1  0  1  1  1  1  1
