# TS_TEXT=2019-08-18-22:09:40
# TS_SECS=1566162580.60
# HOST=starboard-node
# PERCENTILE_10=14.3
# PERCENTILE_90=16.9
# MIN_PIXEL=14.2
# MEDIAN_PIXEL=14.8
# MAX_PIXEL=19.8

# IMAGE
14.5 14.8 14.5 14.8 15.0 14.8 14.2 14.2 
15.0 14.2 14.8 14.5 14.8 15.0 14.5 14.5 
14.2 14.8 15.0 14.8 14.8 14.5 14.5 14.8 
15.2 15.0 15.0 15.2 14.8 15.0 14.8 14.8 
15.5 16.0 18.0 16.5 14.8 14.5 15.0 14.2 
15.8 18.2 19.8 17.0 14.8 15.2 15.2 15.0 
16.5 19.5 19.8 15.5 15.0 14.5 14.8 14.2 
16.5 18.5 16.2 14.8 14.5 14.8 14.5 14.2 


# DIFF
#  0  0  0  0  1  0  0  0
#  1  0  0  0  0  1  0  0
#  0  0  1  0  0  0  0  0
#  1  1  1  1  0  1  0  0
#  1  2  4  2  0  0  1  0
#  2  4  6  3  0  1  1  1
#  2  5  6  1  1  0  0  0
#  2  4  2  0  0  0  0  0
