# TS_TEXT=2019-08-18-22:09:31
# TS_SECS=1566162571.56
# HOST=starboard-node
# PERCENTILE_10=14.2
# PERCENTILE_90=16.0
# MIN_PIXEL=13.5
# MEDIAN_PIXEL=14.8
# MAX_PIXEL=19.8

# IMAGE
14.8 14.8 14.0 15.0 14.5 14.8 14.0 13.5 
14.2 14.5 14.8 14.2 14.5 14.8 14.2 14.2 
14.5 14.8 15.0 14.8 14.8 14.0 14.8 14.2 
15.0 15.0 15.0 15.2 15.0 14.8 14.5 14.8 
15.2 16.0 18.0 16.0 14.8 14.5 15.2 14.5 
15.0 17.2 19.2 16.2 14.8 15.0 14.5 14.8 
16.0 19.8 19.5 16.0 14.5 14.5 14.2 14.2 
15.5 16.0 15.8 15.0 14.5 15.0 14.8 14.8 


# DIFF
#  1  1  0  2  1  1  0  0
#  1  1  1  1  1  1  1  1
#  1  1  2  1  1  0  1  1
#  2  2  2  2  2  1  1  1
#  2  2  4  2  1  1  2  1
#  2  4  6  3  1  2  1  1
#  2  6  6  2  1  1  1  1
#  2  2  2  2  1  2  1  1
