# TS_TEXT=2019-08-18-22:09:19
# TS_SECS=1566162559.55
# HOST=starboard-node
# PERCENTILE_10=13.2
# PERCENTILE_90=15.2
# MIN_PIXEL=13.0
# MEDIAN_PIXEL=13.5
# MAX_PIXEL=18.5

# IMAGE
13.8 13.2 13.2 13.5 13.2 13.5 13.2 13.2 
14.0 13.2 14.0 13.2 13.2 13.2 13.2 13.0 
13.8 14.0 13.5 13.5 13.2 13.5 13.5 13.2 
14.0 13.8 14.0 14.0 13.8 13.8 13.5 13.5 
14.5 15.2 16.5 14.8 13.2 13.5 13.8 13.8 
14.8 16.8 17.8 15.0 14.0 13.5 13.2 13.5 
15.0 18.5 17.5 14.2 13.5 13.5 13.5 13.0 
14.8 16.5 15.0 13.5 13.0 13.5 13.5 13.5 


# DIFF
#  1  0  0  0  0  0  0  0
#  1  0  1  0  0  0  0  0
#  1  1  0  0  0  0  0  0
#  1  1  1  1  1  1  0  0
#  2  2  4  2  0  0  1  1
#  2  4  5  2  1  0  0  0
#  2  6  4  1  0  0  0  0
#  2  4  2  0  0  0  0  0
