# TS_TEXT=2019-08-27-13:36:37
# TS_SECS=1566909397.21
# HOST=starboard-node
# PERCENTILE_10=15.8
# PERCENTILE_90=18.9
# MIN_PIXEL=15.2
# MEDIAN_PIXEL=16.5
# MAX_PIXEL=25.2

# IMAGE
15.8 15.8 16.2 16.2 16.2 16.2 16.0 15.2 
16.0 15.8 16.5 16.5 16.2 16.8 16.8 15.5 
16.0 16.8 17.0 19.0 18.8 16.8 16.2 16.2 
16.5 16.8 21.0 25.2 23.8 17.8 16.5 16.5 
16.0 16.8 21.2 23.8 19.2 17.0 17.0 16.0 
16.0 16.2 17.2 17.8 16.2 16.5 16.5 16.5 
16.0 15.8 16.8 16.5 16.5 16.0 16.0 15.8 
16.0 16.0 16.0 16.2 16.2 16.5 16.5 16.0 


# DIFF
#  0  0  1  1  1  1  1  0
#  1  0  1  1  1  2  2  0
#  1  2  2  4  4  2  1  1
#  1  2  6 10  8  2  1  1
#  1  2  6  8  4  2  2  1
#  1  1  2  2  1  1  1  1
#  1  0  2  1  1  1  1  0
#  1  1  1  1  1  1  1  1
