# TS_TEXT=2019-08-27-13:36:33
# TS_SECS=1566909393.20
# HOST=starboard-node
# PERCENTILE_10=15.3
# PERCENTILE_90=19.0
# MIN_PIXEL=14.5
# MEDIAN_PIXEL=16.2
# MAX_PIXEL=24.2

# IMAGE
14.5 15.2 15.2 16.0 15.8 15.5 15.2 14.8 
15.5 15.5 16.2 15.8 16.0 16.0 15.8 15.2 
15.2 16.0 16.0 16.5 16.8 16.2 16.5 15.8 
16.0 15.8 16.8 19.8 20.0 17.8 16.8 16.2 
16.2 16.0 18.0 23.5 24.2 22.5 17.5 16.5 
16.0 16.0 16.5 19.0 19.8 19.0 17.2 16.2 
15.8 16.0 16.5 16.5 16.5 16.2 16.8 15.5 
16.2 15.8 16.0 16.0 16.2 16.5 16.0 16.2 


# DIFF
#  0  1  1  2  1  1  1  0
#  1  1  2  1  2  2  1  1
#  1  2  2  2  2  2  2  1
#  2  1  2  5  6  3  2  2
#  2  2  4  9 10  8  3  2
#  2  2  2  4  5  4  3  2
#  1  2  2  2  2  2  2  1
#  2  1  2  2  2  2  2  2
