# TS_TEXT=2019-08-27-13:34:39
# TS_SECS=1566909279.66
# HOST=starboard-node
# PERCENTILE_10=16.0
# PERCENTILE_90=18.5
# MIN_PIXEL=15.8
# MEDIAN_PIXEL=16.5
# MAX_PIXEL=24.5

# IMAGE
15.8 16.8 16.5 18.8 23.2 24.5 17.8 15.8 
16.2 16.0 17.0 19.2 22.0 21.5 17.2 16.0 
15.8 16.2 17.0 17.5 19.0 17.0 17.0 16.5 
16.5 16.5 16.8 17.0 16.8 17.0 16.2 16.5 
16.0 16.5 16.5 16.8 16.8 16.8 17.2 15.8 
16.2 16.0 16.2 16.5 16.5 16.8 17.0 16.2 
16.5 16.0 16.2 16.8 17.0 16.5 16.8 16.5 
16.0 16.2 16.5 16.2 16.8 17.0 16.2 16.5 


# DIFF
#  0  1  1  3  8  9  2  0
#  0  0  1  4  6  6  2  0
#  0  0  1  2  3  1  1  1
#  1  1  1  1  1  1  0  1
#  0  1  1  1  1  1  2  0
#  0  0  0  1  1  1  1  0
#  1  0  0  1  1  1  1  1
#  0  0  1  0  1  1  0  1
