# TS_TEXT=2019-08-27-13:35:01
# TS_SECS=1566909301.76
# HOST=starboard-node
# PERCENTILE_10=15.5
# PERCENTILE_90=17.2
# MIN_PIXEL=14.8
# MEDIAN_PIXEL=16.0
# MAX_PIXEL=24.8

# IMAGE
15.5 15.8 15.2 16.0 15.8 15.5 15.5 14.8 
15.0 15.0 16.2 16.0 15.5 16.2 16.2 16.0 
14.8 16.0 16.2 17.2 17.2 16.0 16.0 15.5 
15.5 15.8 16.8 22.0 22.5 17.0 16.0 16.0 
15.5 15.8 17.2 24.2 24.8 17.2 16.2 15.5 
15.2 16.0 17.0 20.5 22.2 17.0 16.2 16.2 
15.8 15.5 16.2 16.8 17.0 16.5 16.2 15.8 
15.8 16.0 16.0 15.8 16.2 16.2 15.8 16.0 


# DIFF
#  1  1  0  1  1  1  1  0
#  0  0  2  1  1  2  2  1
#  0  1  2  2  2  1  1  1
#  1  1  2  7  8  2  1  1
#  1  1  2 10 10  2  2  1
#  0  1  2  6  8  2  2  2
#  1  1  2  2  2  2  2  1
#  1  1  1  1  2  2  1  1
