# TS_TEXT=2019-08-27-13:37:58
# TS_SECS=1566909478.75
# HOST=starboard-node
# PERCENTILE_10=15.0
# PERCENTILE_90=17.0
# MIN_PIXEL=14.2
# MEDIAN_PIXEL=15.8
# MAX_PIXEL=23.2

# IMAGE
14.5 16.0 15.5 17.0 16.0 15.8 15.2 14.5 
15.5 15.2 16.8 20.8 18.5 16.8 16.2 15.2 
15.2 16.2 16.5 23.2 23.2 16.2 16.0 15.0 
15.2 15.2 16.8 22.0 21.0 16.8 15.5 16.0 
14.8 15.5 15.2 16.8 17.0 16.0 16.0 15.0 
15.2 15.5 15.2 16.0 15.5 16.2 15.8 16.0 
15.2 15.5 15.5 16.0 15.8 15.8 15.5 15.0 
15.8 14.2 15.8 15.2 15.2 15.5 16.0 14.8 


# DIFF
#  0  2  1  3  2  2  1  0
#  1  1  2  6  4  2  2  1
#  1  2  2  9  9  2  2  1
#  1  1  2  8  7  2  1  2
#  0  1  1  2  3  2  2  1
#  1  1  1  2  1  2  2  2
#  1  1  1  2  2  2  1  1
#  2  0  2  1  1  1  2  0
