# TS_TEXT=2019-08-27-13:37:46
# TS_SECS=1566909466.66
# HOST=starboard-node
# PERCENTILE_10=15.0
# PERCENTILE_90=18.1
# MIN_PIXEL=14.2
# MEDIAN_PIXEL=16.0
# MAX_PIXEL=23.8

# IMAGE
14.2 15.5 15.0 15.5 16.0 15.8 15.2 15.2 
15.2 15.0 15.8 15.8 16.2 16.8 16.0 15.5 
15.0 15.5 16.0 17.5 20.2 17.5 16.8 16.0 
15.5 15.8 16.0 18.2 23.8 23.8 18.2 16.5 
15.8 15.5 16.0 17.0 21.0 23.2 17.8 16.0 
15.0 15.5 15.2 15.5 16.5 17.2 16.8 16.0 
15.2 15.0 16.0 16.0 16.2 16.2 16.5 15.5 
15.0 15.8 15.2 15.0 15.8 15.8 16.0 16.2 


# DIFF
#  0  1  1  1  2  2  1  1
#  1  1  2  2  2  2  2  1
#  1  1  2  3  6  3  2  2
#  1  2  2  4 10 10  4  2
#  2  1  2  3  7  9  4  2
#  1  1  1  1  2  3  2  2
#  1  1  2  2  2  2  2  1
#  1  2  1  1  2  2  2  2
