# TS_TEXT=2019-08-27-13:38:07
# TS_SECS=1566909487.85
# HOST=starboard-node
# PERCENTILE_10=15.3
# PERCENTILE_90=17.8
# MIN_PIXEL=15.0
# MEDIAN_PIXEL=16.0
# MAX_PIXEL=23.5

# IMAGE
15.0 16.2 16.0 17.5 17.8 16.5 15.8 15.0 
15.2 15.5 17.8 22.0 23.2 17.2 16.2 15.2 
15.8 16.0 19.0 23.5 21.5 16.0 16.0 15.5 
15.8 15.8 17.5 21.0 17.2 16.5 16.0 16.0 
16.2 15.8 16.5 16.5 16.2 16.0 16.5 15.2 
16.0 15.8 15.8 15.8 16.0 15.8 16.2 15.8 
15.2 15.5 16.2 16.0 16.2 15.8 15.5 15.5 
15.5 15.8 16.2 15.2 15.5 15.5 16.2 16.2 


# DIFF
#  0  1  1  2  3  2  1  0
#  0  0  3  7  8  2  1  0
#  1  1  4  8  6  1  1  0
#  1  1  2  6  2  2  1  1
#  1  1  2  2  1  1  2  0
#  1  1  1  1  1  1  1  1
#  0  0  1  1  1  1  0  0
#  0  1  1  0  0  0  1  1
