# TS_TEXT=2019-08-27-13:34:45
# TS_SECS=1566909285.69
# HOST=starboard-node
# PERCENTILE_10=16.2
# PERCENTILE_90=18.6
# MIN_PIXEL=15.8
# MEDIAN_PIXEL=16.6
# MAX_PIXEL=22.8

# IMAGE
15.8 16.2 16.8 16.8 17.2 17.5 17.8 16.5 
16.2 16.0 16.8 16.8 20.5 22.8 21.5 17.0 
15.8 16.2 16.5 17.8 21.8 22.8 22.2 17.5 
16.2 16.5 16.8 16.8 18.2 18.8 17.0 16.8 
16.5 16.2 16.5 16.8 16.2 17.2 17.0 16.5 
16.2 16.5 16.5 16.5 16.5 16.8 16.8 16.2 
16.2 16.2 17.0 16.8 16.8 16.5 16.5 16.5 
16.2 16.8 16.8 16.2 16.2 16.2 16.2 16.5 


# DIFF
#  0  0  1  1  2  2  2  1
#  0  0  1  1  5  7  6  1
#  0  0  1  2  6  7  6  2
#  0  1  1  1  2  3  1  1
#  1  0  1  1  0  2  1  1
#  0  1  1  1  1  1  1  0
#  0  0  1  1  1  1  1  1
#  0  1  1  0  0  0  0  1
