# TS_TEXT=2019-08-27-13:35:37
# TS_SECS=1566909337.90
# HOST=starboard-node
# PERCENTILE_10=15.8
# PERCENTILE_90=18.5
# MIN_PIXEL=15.2
# MEDIAN_PIXEL=16.5
# MAX_PIXEL=23.5

# IMAGE
15.2 16.0 16.0 16.8 17.0 19.0 19.8 17.0 
16.0 15.8 16.5 16.8 18.8 23.5 23.0 17.2 
15.8 16.2 16.5 17.2 19.5 20.2 17.8 16.8 
16.2 16.2 16.5 17.0 17.2 17.0 16.5 16.8 
16.0 15.5 17.0 16.8 16.5 16.8 17.2 16.2 
16.2 16.5 16.2 16.2 16.5 16.5 16.2 16.2 
16.2 16.0 17.0 16.5 16.5 16.5 16.2 16.5 
15.8 16.5 16.5 16.5 15.8 16.5 16.5 15.8 


# DIFF
#  0  1  1  2  2  4  4  2
#  1  0  1  2  4  8  8  2
#  0  1  1  2  4  5  2  2
#  1  1  1  2  2  2  1  2
#  1  0  2  2  1  2  2  1
#  1  1  1  1  1  1  1  1
#  1  1  2  1  1  1  1  1
#  0  1  1  1  0  1  1  0
