# TS_TEXT=2019-08-18-23:10:24
# TS_SECS=1566166224.71
# HOST=port-node
# PERCENTILE_10=13.8
# PERCENTILE_90=16.7
# MIN_PIXEL=13.5
# MEDIAN_PIXEL=14.8
# MAX_PIXEL=19.5

# IMAGE
15.0 14.5 15.2 14.0 15.5 14.5 13.5 14.2 
15.5 15.5 15.0 15.2 15.8 14.2 13.8 14.0 
13.8 13.8 13.5 14.5 13.5 14.2 16.0 15.2 
14.8 14.0 14.2 14.2 13.8 14.0 19.5 16.8 
14.5 13.8 14.5 14.8 16.0 15.2 18.5 16.5 
14.5 14.5 15.2 18.0 19.5 16.8 14.8 14.5 
15.0 13.5 14.5 16.5 18.5 16.5 14.0 15.5 
14.5 14.2 14.8 14.8 14.8 14.5 15.2 15.8 


# DIFF
#  2  1  2  0  2  1  0  1
#  2  2  2  2  2  1  0  0
#  0  0  0  1  0  1  2  2
#  1  0  1  1  0  0  6  3
#  1  0  1  1  2  2  5  3
#  1  1  2  4  6  3  1  1
#  2  0  1  3  5  3  0  2
#  1  1  1  1  1  1  2  2
