# TS_TEXT=2019-08-18-23:01:00
# TS_SECS=1566165660.39
# HOST=starboard-node
# PERCENTILE_10=14.5
# PERCENTILE_90=15.5
# MIN_PIXEL=13.8
# MEDIAN_PIXEL=15.0
# MAX_PIXEL=17.0

# IMAGE
15.8 17.0 15.0 15.0 15.0 14.5 14.0 14.2 
14.8 15.8 15.0 15.0 14.5 15.2 14.5 13.8 
14.8 15.0 15.0 15.5 14.8 14.5 14.8 15.0 
15.5 15.0 15.0 15.0 15.5 15.2 14.8 14.8 
15.2 15.2 15.2 15.8 15.0 14.8 15.0 14.5 
15.5 15.0 14.8 14.8 14.8 14.5 14.8 14.8 
15.5 15.0 15.0 15.5 15.2 14.2 14.5 14.8 
14.5 15.5 15.0 14.5 14.8 14.2 15.0 14.5 


# DIFF
#  2  3  1  1  1  1  0  0
#  1  2  1  1  1  2  1  0
#  1  1  1  2  1  1  1  1
#  2  1  1  1  2  2  1  1
#  2  2  2  2  1  1  1  1
#  2  1  1  1  1  1  1  1
#  2  1  1  2  2  0  1  1
#  1  2  1  1  1  0  1  1
