# TS_TEXT=2019-08-18-23:01:06
# TS_SECS=1566165666.39
# HOST=starboard-node
# PERCENTILE_10=14.2
# PERCENTILE_90=15.0
# MIN_PIXEL=13.8
# MEDIAN_PIXEL=14.8
# MAX_PIXEL=15.8

# IMAGE
14.8 15.5 14.8 15.8 14.5 14.8 14.2 13.8 
14.5 14.0 15.0 14.5 14.2 14.2 14.5 14.2 
14.8 14.5 14.8 15.0 15.0 14.5 14.0 14.5 
14.5 15.0 14.8 15.0 15.2 14.5 14.5 14.5 
15.0 14.8 15.0 15.0 14.8 14.8 14.8 13.8 
15.0 14.8 14.8 14.5 14.8 14.8 14.8 15.0 
14.5 15.0 15.2 15.0 14.8 14.5 14.2 14.5 
15.2 14.8 15.0 14.5 14.8 14.2 15.0 14.2 


# DIFF
#  1  2  1  2  1  1  0  0
#  1  0  1  1  0  0  1  0
#  1  1  1  1  1  1  0  1
#  1  1  1  1  2  1  1  1
#  1  1  1  1  1  1  1  0
#  1  1  1  1  1  1  1  1
#  1  1  2  1  1  1  0  1
#  2  1  1  1  1  0  1  0
