# TS_TEXT=2019-08-25-16:31:13
# TS_SECS=1566747073.96
# HOST=port-node
# PERCENTILE_10=16.0
# PERCENTILE_90=17.0
# MIN_PIXEL=15.8
# MEDIAN_PIXEL=16.5
# MAX_PIXEL=24.2

# IMAGE
17.0 16.5 16.2 16.0 16.5 16.8 16.8 16.2 
16.5 16.2 16.5 16.2 17.0 17.2 16.2 17.0 
16.5 16.2 16.8 17.0 17.2 24.2 17.0 16.5 
15.8 16.2 16.8 16.5 16.8 16.8 17.0 16.8 
16.0 16.2 16.2 16.2 16.5 16.5 16.8 17.0 
16.0 16.0 16.2 16.2 16.8 16.5 16.2 16.5 
15.8 16.5 16.5 16.8 16.5 16.5 16.8 16.0 
16.5 16.0 15.8 16.5 16.8 16.0 16.0 16.5 


# DIFF
#  1  1  0  0  1  1  1  0
#  1  0  1  0  1  2  0  1
#  1  0  1  1  2  8  1  1
#  0  0  1  1  1  1  1  1
#  0  0  0  0  1  1  1  1
#  0  0  0  0  1  1  0  1
#  0  1  1  1  1  1  1  0
#  1  0  0  1  1  0  0  1
