# TS_TEXT=2019-08-18-22:54:21
# TS_SECS=1566165261.32
# HOST=fore-node
# PERCENTILE_10=14.0
# PERCENTILE_90=15.2
# MIN_PIXEL=0.0
# MEDIAN_PIXEL=14.8
# MAX_PIXEL=15.8

# IMAGE
14.8 14.5 14.5 15.0 14.2 14.2 14.0 13.2 
14.5 14.0 14.8 14.8 14.5 14.2 14.5 14.2 
14.8 14.8 14.5 14.8 14.8 14.8 14.8 14.5 
15.0 14.8 14.8 15.2 14.5 14.8 15.0 15.0 
15.8 15.2 15.0 15.0 15.8 15.2 15.2 14.5 
14.8 14.8 15.5 15.0 14.8 14.8 14.5 14.5 
15.0 15.5 15.5 15.2 15.2 14.8 14.5 14.0 
0.0 13.8 14.5 15.0 14.0 14.2 13.8 13.5 


# DIFF
# 15 14 14 15 14 14 14 13
# 14 14 15 15 14 14 14 14
# 15 15 14 15 15 15 15 14
# 15 15 15 15 14 15 15 15
# 16 15 15 15 16 15 15 14
# 15 15 16 15 15 15 14 14
# 15 16 16 15 15 15 14 14
#  0 14 14 15 14 14 14 14
