# TS_TEXT=2019-08-18-22:54:12
# TS_SECS=1566165252.22
# HOST=fore-node
# PERCENTILE_10=14.0
# PERCENTILE_90=16.2
# MIN_PIXEL=14.0
# MEDIAN_PIXEL=14.8
# MAX_PIXEL=19.2

# IMAGE
14.5 14.5 14.8 14.5 14.2 14.5 14.0 14.0 
14.8 14.0 15.0 14.8 14.8 14.2 14.5 14.0 
14.5 14.5 14.2 14.5 14.5 14.8 14.0 14.2 
15.0 14.2 14.8 15.0 15.2 15.2 16.0 15.2 
14.8 15.2 15.2 14.8 16.0 18.8 16.2 15.2 
14.8 14.5 15.2 15.8 15.5 17.5 19.0 15.8 
14.5 15.0 15.0 15.2 16.0 16.5 19.2 16.5 
15.2 14.0 14.2 14.5 14.0 14.8 14.2 14.0 


# DIFF
#  0  0  1  0  0  0  0  0
#  1  0  1  1  1  0  0  0
#  0  0  0  0  0  1  0  0
#  1  0  1  1  1  1  2  1
#  1  1  1  1  2  5  2  1
#  1  0  1  2  2  4  5  2
#  0  1  1  1  2  2  5  2
#  1  0  0  0  0  1  0  0
