# TS_TEXT=2019-08-18-23:05:19
# TS_SECS=1566165919.76
# HOST=port-node
# PERCENTILE_10=12.8
# PERCENTILE_90=13.8
# MIN_PIXEL=0.0
# MEDIAN_PIXEL=13.2
# MAX_PIXEL=14.2

# IMAGE
13.2 13.2 13.2 12.8 13.0 12.8 12.8 13.0 
12.8 13.5 13.0 13.0 13.0 12.8 13.0 13.2 
12.8 12.8 13.5 13.8 12.8 13.5 13.2 13.5 
12.5 13.2 13.2 13.2 13.2 13.2 13.0 13.2 
13.8 12.5 13.0 13.8 13.0 13.8 13.5 13.0 
12.8 13.2 12.8 14.0 13.5 13.5 13.0 13.8 
13.5 13.0 13.5 13.8 14.2 13.5 13.0 13.8 
0.0 13.2 13.8 12.5 13.0 12.8 13.0 12.8 


# DIFF
# 13 13 13 13 13 13 13 13
# 13 14 13 13 13 13 13 13
# 13 13 14 14 13 14 13 14
# 12 13 13 13 13 13 13 13
# 14 12 13 14 13 14 14 13
# 13 13 13 14 14 14 13 14
# 14 13 14 14 14 14 13 14
#  0 13 14 12 13 13 13 13
