# TS_TEXT=2019-08-18-21:52:32
# TS_SECS=1566161552.46
# HOST=port-node
# PERCENTILE_10=13.8
# PERCENTILE_90=15.8
# MIN_PIXEL=12.8
# MEDIAN_PIXEL=14.4
# MAX_PIXEL=18.0

# IMAGE
14.2 14.8 15.0 15.2 14.8 15.2 13.8 13.2 
13.0 13.8 12.8 14.0 14.2 13.8 13.2 14.0 
14.2 13.8 13.8 14.2 13.8 13.8 14.0 14.2 
14.8 14.2 14.5 14.2 14.0 14.5 14.2 15.5 
14.2 14.2 14.0 14.2 14.8 15.2 15.5 18.0 
14.8 14.2 14.5 14.0 15.0 15.8 18.0 17.2 
15.8 14.8 14.2 14.5 14.2 15.2 17.2 17.0 
15.5 14.2 15.0 14.5 15.0 15.0 17.0 15.2 


# DIFF
#  2  2  2  2  2  2  1  0
#  0  1  0  1  2  1  0  1
#  2  1  1  2  1  1  1  2
#  2  2  2  2  1  2  2  3
#  2  2  1  2  2  2  3  5
#  2  2  2  1  2  3  5  4
#  3  2  2  2  2  2  4  4
#  3  2  2  2  2  2  4  2
