# TS_TEXT=2019-08-18-21:52:35
# TS_SECS=1566161555.48
# HOST=port-node
# PERCENTILE_10=13.8
# PERCENTILE_90=15.8
# MIN_PIXEL=0.0
# MEDIAN_PIXEL=14.5
# MAX_PIXEL=19.2

# IMAGE
14.0 14.5 13.8 14.0 14.2 14.2 13.5 13.8 
13.8 14.0 14.0 14.2 14.2 14.5 14.5 13.8 
13.5 14.8 14.5 14.0 14.5 14.8 15.2 14.2 
13.8 14.5 14.5 14.2 14.5 15.2 16.2 15.8 
14.5 15.5 14.2 14.5 14.8 14.5 15.8 19.2 
17.0 14.8 14.5 15.0 15.0 15.0 15.8 17.5 
15.5 15.2 15.2 15.2 14.8 14.8 15.2 15.8 
0.0 13.8 14.2 13.5 13.5 14.2 14.5 14.2 


# DIFF
# 14 14 14 14 14 14 14 14
# 14 14 14 14 14 14 14 14
# 14 15 14 14 14 15 15 14
# 14 14 14 14 14 15 16 16
# 14 16 14 14 15 14 16 19
# 17 15 14 15 15 15 16 18
# 16 15 15 15 15 15 15 16
#  0 14 14 14 14 14 14 14
