# TS_TEXT=2019-08-25-13:21:07
# TS_SECS=1566735667.57
# HOST=port-node
# PERCENTILE_10=15.2
# PERCENTILE_90=17.9
# MIN_PIXEL=15.0
# MEDIAN_PIXEL=16.0
# MAX_PIXEL=20.2

# IMAGE
15.5 15.5 15.5 15.5 15.2 15.8 16.2 15.2 
15.5 15.5 15.2 16.0 15.8 16.5 18.0 16.8 
15.5 15.5 15.8 16.0 16.8 17.8 20.2 17.2 
15.0 15.2 16.0 16.0 18.2 20.0 18.2 16.2 
15.2 16.0 15.5 16.0 16.8 17.8 16.5 15.5 
18.2 17.2 16.2 16.2 16.2 15.8 15.8 16.0 
18.0 16.0 15.2 16.2 15.8 16.2 16.0 15.5 
16.8 16.0 15.5 15.8 15.2 15.0 15.2 16.0 


# DIFF
#  0  0  0  0  0  1  1  0
#  0  0  0  1  1  2  3  2
#  0  0  1  1  2  3  5  2
#  0  0  1  1  3  5  3  1
#  0  1  0  1  2  3  2  0
#  3  2  1  1  1  1  1  1
#  3  1  0  1  1  1  1  0
#  2  1  0  1  0  0  0  1
