# TS_TEXT=2019-08-25-12:47:32
# TS_SECS=1566733652.12
# HOST=fore-node
# PERCENTILE_10=15.1
# PERCENTILE_90=17.4
# MIN_PIXEL=14.2
# MEDIAN_PIXEL=16.0
# MAX_PIXEL=21.0

# IMAGE
15.8 15.8 15.8 15.2 16.0 15.0 15.2 15.0 
15.5 15.5 15.5 16.0 16.0 15.2 15.2 14.2 
16.0 16.0 16.8 16.2 16.0 15.8 16.0 15.2 
16.0 16.8 17.8 19.0 16.8 15.8 16.0 15.5 
16.5 17.0 21.0 20.2 17.0 15.8 16.0 15.5 
16.2 17.5 19.2 18.8 16.5 16.0 15.0 15.2 
16.2 15.8 16.5 16.2 16.0 15.2 15.0 15.0 
16.5 16.5 16.5 16.0 16.2 15.2 15.5 14.8 


# DIFF
#  2  2  2  1  2  1  1  1
#  1  1  1  2  2  1  1  0
#  2  2  2  2  2  2  2  1
#  2  2  4  5  2  2  2  1
#  2  3  7  6  3  2  2  1
#  2  3  5  4  2  2  1  1
#  2  2  2  2  2  1  1  1
#  2  2  2  2  2  1  1  0
