# TS_TEXT=2019-08-25-12:15:29
# TS_SECS=1566731729.21
# HOST=centre-node
# PERCENTILE_10=15.8
# PERCENTILE_90=18.2
# MIN_PIXEL=14.8
# MEDIAN_PIXEL=16.4
# MAX_PIXEL=21.0

# IMAGE
16.5 15.5 16.0 15.8 15.8 15.5 15.5 15.2 
15.8 16.2 16.2 17.0 16.0 16.2 15.8 14.8 
15.8 15.8 16.8 16.0 16.5 16.0 15.8 15.8 
16.8 17.2 18.8 17.5 17.5 16.2 16.0 16.0 
16.2 17.5 21.0 20.8 19.2 16.2 16.2 16.0 
16.5 17.5 19.8 20.5 18.2 16.5 16.2 16.0 
17.2 16.5 17.2 17.2 17.2 16.2 16.5 15.8 
18.0 17.5 17.0 16.8 16.8 16.2 16.5 16.8 


# DIFF
#  2  1  1  1  1  1  1  0
#  1  2  2  2  1  2  1  0
#  1  1  2  1  2  1  1  1
#  2  2  4  3  3  2  1  1
#  2  3  6  6  4  2  2  1
#  2  3  5  6  4  2  2  1
#  2  2  2  2  2  2  2  1
#  3  3  2  2  2  2  2  2
