# TS_TEXT=2019-08-25-16:15:04
# TS_SECS=1566746104.42
# HOST=starboard-node
# PERCENTILE_10=16.3
# PERCENTILE_90=17.8
# MIN_PIXEL=15.5
# MEDIAN_PIXEL=17.0
# MAX_PIXEL=27.0

# IMAGE
15.5 16.5 16.2 16.8 17.0 16.8 17.8 19.0 
16.2 16.0 16.5 17.0 16.8 17.8 27.0 19.2 
16.5 16.5 16.5 17.0 17.5 17.8 20.2 18.0 
16.2 16.8 17.2 17.0 17.5 17.5 17.2 17.5 
16.5 17.0 18.0 17.0 16.8 17.0 17.5 17.0 
17.0 17.0 17.2 16.5 17.2 17.2 17.2 16.5 
16.2 17.0 17.0 16.8 16.8 17.0 17.0 16.5 
16.0 17.0 16.5 16.5 17.2 17.2 17.2 17.5 


# DIFF
#  0  1  1  1  2  1  2  4
#  1  0  1  2  1  2 12  4
#  1  1  1  2  2  2  5  2
#  1  1  2  2  2  2  2  2
#  1  2  2  2  1  2  2  2
#  2  2  2  1  2  2  2  1
#  1  2  2  1  1  2  2  1
#  0  2  1  1  2  2  2  2
