# TS_TEXT=2019-08-25-16:15:03
# TS_SECS=1566746103.42
# HOST=starboard-node
# PERCENTILE_10=16.5
# PERCENTILE_90=17.9
# MIN_PIXEL=16.0
# MEDIAN_PIXEL=17.0
# MAX_PIXEL=26.8

# IMAGE
16.0 16.8 16.8 16.8 16.5 17.0 17.8 18.0 
16.5 16.2 16.8 17.2 16.8 17.8 26.8 20.0 
16.5 16.8 16.8 16.8 17.2 17.5 20.2 18.2 
16.8 16.5 17.0 17.0 17.5 17.5 17.2 18.0 
17.0 17.5 18.0 17.5 17.0 17.0 17.5 16.8 
16.8 17.0 17.2 17.0 16.8 16.8 17.2 17.0 
16.5 16.8 16.8 17.0 17.2 16.8 17.2 16.8 
16.5 16.8 17.5 16.8 17.2 17.0 16.2 17.2 


# DIFF
#  0  1  1  1  0  1  2  2
#  0  0  1  1  1  2 11  4
#  0  1  1  1  1  2  4  2
#  1  0  1  1  2  2  1  2
#  1  2  2  2  1  1  2  1
#  1  1  1  1  1  1  1  1
#  0  1  1  1  1  1  1  1
#  0  1  2  1  1  1  0  1
