# TS_TEXT=2019-08-18-23:13:55
# TS_SECS=1566166435.93
# HOST=starboard-node
# PERCENTILE_10=14.2
# PERCENTILE_90=15.8
# MIN_PIXEL=14.0
# MEDIAN_PIXEL=14.8
# MAX_PIXEL=18.2

# IMAGE
14.8 14.2 15.0 15.0 14.8 14.5 14.0 14.2 
15.0 14.5 14.8 14.5 14.8 14.8 14.5 14.2 
15.0 15.0 15.0 15.2 15.2 14.2 14.5 14.8 
15.2 15.0 15.0 15.5 15.0 15.0 14.0 14.8 
15.8 15.2 15.5 14.8 14.5 14.8 14.8 14.8 
16.5 16.8 14.8 14.8 15.2 15.0 15.0 14.8 
18.2 17.0 15.2 14.8 14.8 14.2 14.8 14.8 
17.8 16.5 15.8 14.8 14.8 15.0 14.2 14.8 


# DIFF
#  1  0  1  1  1  0  0  0
#  1  0  1  0  1  1  0  0
#  1  1  1  1  1  0  0  1
#  1  1  1  2  1  1  0  1
#  2  1  2  1  0  1  1  1
#  2  3  1  1  1  1  1  1
#  4  3  1  1  1  0  1  1
#  4  2  2  1  1  1  0  1
