# TS_TEXT=2019-08-18-23:13:50
# TS_SECS=1566166430.93
# HOST=starboard-node
# PERCENTILE_10=14.0
# PERCENTILE_90=15.0
# MIN_PIXEL=13.8
# MEDIAN_PIXEL=14.5
# MAX_PIXEL=16.8

# IMAGE
14.2 14.0 14.2 15.0 14.8 14.8 16.0 16.8 
14.2 14.2 14.2 14.2 14.5 14.8 15.8 14.8 
14.0 14.2 14.5 14.8 14.8 14.8 14.2 13.8 
15.0 14.2 14.5 15.0 14.8 14.5 13.8 14.5 
14.5 14.5 14.8 14.8 13.8 14.5 14.5 13.8 
15.0 14.2 14.5 14.2 14.2 14.0 14.5 14.5 
15.2 14.5 15.0 15.0 14.5 14.2 14.2 13.8 
14.2 14.8 14.2 14.0 14.5 14.2 14.2 14.0 


# DIFF
#  0  0  0  1  1  1  2  3
#  0  0  0  0  1  1  2  1
#  0  0  1  1  1  1  0  0
#  1  0  1  1  1  1  0  1
#  1  1  1  1  0  1  1  0
#  1  0  1  0  0  0  1  1
#  2  1  1  1  1  0  0  0
#  0  1  0  0  1  0  0  0
