# TS_TEXT=2019-08-27-14:28:34
# TS_SECS=1566912514.80
# HOST=fore-node
# PERCENTILE_10=15.0
# PERCENTILE_90=18.2
# MIN_PIXEL=14.2
# MEDIAN_PIXEL=15.6
# MAX_PIXEL=21.0

# IMAGE
14.8 15.5 15.5 15.2 16.0 15.2 15.0 14.8 
15.5 15.5 15.5 16.2 16.2 16.2 15.8 15.0 
16.0 15.5 16.0 18.2 19.2 16.8 15.5 15.5 
15.5 15.8 16.5 20.8 21.0 21.0 18.2 15.2 
16.0 15.5 16.0 16.8 18.8 19.5 17.5 16.2 
15.2 15.8 15.8 15.5 16.5 16.2 16.0 15.8 
15.0 15.0 15.5 16.0 15.8 15.2 15.5 15.2 
15.0 15.2 15.2 15.0 15.8 14.2 15.0 14.8 


# DIFF
#  0  1  1  1  2  1  1  0
#  1  1  1  2  2  2  2  1
#  2  1  2  4  5  2  1  1
#  1  2  2  6  7  7  4  1
#  2  1  2  2  4  5  3  2
#  1  2  2  1  2  2  2  2
#  1  1  1  2  2  1  1  1
#  1  1  1  1  2  0  1  0
