# TS_TEXT=2019-08-27-14:24:08
# TS_SECS=1566912248.69
# HOST=fore-node
# PERCENTILE_10=15.5
# PERCENTILE_90=18.5
# MIN_PIXEL=14.8
# MEDIAN_PIXEL=16.5
# MAX_PIXEL=22.0

# IMAGE
16.2 16.2 17.0 16.2 17.0 15.5 15.5 14.8 
16.8 17.0 18.5 18.2 16.8 16.8 15.5 15.2 
16.2 17.5 19.0 21.0 18.2 17.0 16.2 16.0 
16.5 17.0 17.8 20.5 22.0 20.2 16.8 16.0 
17.0 16.5 16.8 17.8 20.2 18.5 17.0 16.0 
16.0 16.5 16.5 16.2 17.2 17.0 15.8 15.8 
16.0 16.0 16.2 16.5 16.2 15.8 15.5 16.0 
16.2 16.2 16.5 15.5 16.0 15.8 15.2 14.8 


# DIFF
#  2  2  2  2  2  1  1  0
#  2  2  4  4  2  2  1  0
#  2  3  4  6  4  2  2  1
#  2  2  3  6  7  6  2  1
#  2  2  2  3  6  4  2  1
#  1  2  2  2  2  2  1  1
#  1  1  2  2  2  1  1  1
#  2  2  2  1  1  1  0  0
