# TS_TEXT=2019-08-27-14:27:09
# TS_SECS=1566912429.15
# HOST=fore-node
# PERCENTILE_10=15.0
# PERCENTILE_90=18.2
# MIN_PIXEL=14.0
# MEDIAN_PIXEL=15.5
# MAX_PIXEL=21.2

# IMAGE
14.5 16.0 15.0 15.0 15.5 14.8 15.5 15.0 
15.0 15.5 16.0 16.8 16.0 15.8 15.2 15.2 
16.2 16.0 17.2 18.5 18.2 16.2 15.5 15.2 
15.0 16.0 18.2 21.2 19.8 17.2 15.5 15.0 
16.0 16.0 16.5 20.0 19.5 16.0 15.8 15.5 
14.8 16.2 16.5 20.0 17.0 16.2 15.2 15.0 
15.2 15.2 15.5 17.0 16.5 15.5 15.2 15.2 
15.5 15.0 15.5 15.2 16.0 15.0 14.0 14.0 


# DIFF
#  0  2  1  1  2  1  2  1
#  1  2  2  3  2  2  1  1
#  2  2  3  4  4  2  2  1
#  1  2  4  7  6  3  2  1
#  2  2  2  6  6  2  2  2
#  1  2  2  6  3  2  1  1
#  1  1  2  3  2  2  1  1
#  2  1  2  1  2  1  0  0
