# TS_TEXT=2019-08-27-14:26:22
# TS_SECS=1566912382.76
# HOST=fore-node
# PERCENTILE_10=15.2
# PERCENTILE_90=18.2
# MIN_PIXEL=14.8
# MEDIAN_PIXEL=16.0
# MAX_PIXEL=21.2

# IMAGE
15.8 15.5 15.2 15.8 16.0 15.5 15.5 15.0 
16.2 16.2 16.2 17.2 16.8 16.0 15.5 15.2 
16.8 17.2 17.5 20.5 18.5 16.2 16.0 15.8 
16.2 19.8 21.2 20.2 18.8 17.5 15.8 15.5 
16.2 17.5 19.2 16.5 16.2 16.2 16.2 16.0 
15.5 16.2 16.5 16.2 16.0 16.2 15.8 15.2 
15.8 15.5 15.5 15.8 15.5 15.5 15.0 15.8 
15.5 15.8 15.8 15.2 15.8 15.5 15.0 14.8 


# DIFF
#  1  1  0  1  1  1  1  0
#  2  2  2  2  2  1  1  0
#  2  2  3  6  4  2  1  1
#  2  5  6  6  4  3  1  1
#  2  3  4  2  2  2  2  1
#  1  2  2  2  1  2  1  0
#  1  1  1  1  1  1  0  1
#  1  1  1  0  1  1  0  0
