# TS_TEXT=2019-08-27-14:29:01
# TS_SECS=1566912541.96
# HOST=fore-node
# PERCENTILE_10=14.5
# PERCENTILE_90=17.7
# MIN_PIXEL=14.2
# MEDIAN_PIXEL=15.2
# MAX_PIXEL=21.0

# IMAGE
14.5 15.0 15.5 15.5 15.8 14.8 14.8 14.2 
14.5 15.2 15.8 16.2 16.2 16.0 15.2 14.5 
15.0 15.2 16.2 19.5 21.0 18.8 16.2 15.5 
14.5 15.5 16.2 18.5 19.5 19.5 16.8 15.2 
15.2 15.2 16.0 17.2 17.0 17.8 17.5 16.2 
14.5 15.8 15.8 15.2 15.5 15.8 15.0 15.0 
15.2 14.8 15.2 15.0 15.5 14.5 15.0 15.5 
15.0 15.0 15.0 14.8 15.2 14.5 14.8 14.5 


# DIFF
#  0  1  1  1  2  0  0  0
#  0  1  2  2  2  2  1  0
#  1  1  2  5  7  4  2  1
#  0  1  2  4  5  5  2  1
#  1  1  2  3  3  4  3  2
#  0  2  2  1  1  2  1  1
#  1  0  1  1  1  0  1  1
#  1  1  1  0  1  0  0  0
