# TS_TEXT=2019-08-27-14:23:56
# TS_SECS=1566912236.63
# HOST=fore-node
# PERCENTILE_10=15.8
# PERCENTILE_90=18.9
# MIN_PIXEL=15.5
# MEDIAN_PIXEL=16.8
# MAX_PIXEL=22.0

# IMAGE
16.0 16.5 16.8 16.5 17.0 15.8 15.8 15.5 
16.8 17.8 19.0 18.8 16.8 16.2 15.8 15.8 
16.8 16.8 20.8 21.0 17.8 16.2 16.5 15.8 
16.8 16.8 18.8 21.5 19.8 17.0 16.5 15.5 
17.0 17.2 17.5 20.2 22.0 17.5 16.8 16.2 
16.0 17.0 16.8 17.2 18.5 17.5 16.2 16.0 
16.2 16.2 16.8 17.0 16.8 16.2 16.2 15.8 
16.0 16.2 16.8 16.2 16.5 15.5 15.8 16.0 


# DIFF
#  0  1  1  1  2  0  0  0
#  1  2  4  3  1  1  0  0
#  1  1  5  6  2  1  1  0
#  1  1  3  6  4  2  1  0
#  2  2  2  5  6  2  1  1
#  0  2  1  2  3  2  1  0
#  1  1  1  2  1  1  1  0
#  0  1  1  1  1  0  0  0
