# TS_TEXT=2019-08-27-14:25:22
# TS_SECS=1566912322.29
# HOST=fore-node
# PERCENTILE_10=15.5
# PERCENTILE_90=18.4
# MIN_PIXEL=14.8
# MEDIAN_PIXEL=16.2
# MAX_PIXEL=22.2

# IMAGE
16.5 16.2 16.5 16.0 16.0 15.5 15.8 15.0 
16.5 16.8 18.2 17.2 16.8 17.0 15.8 15.0 
17.0 18.5 22.2 20.0 19.5 17.0 16.0 15.5 
16.5 18.0 20.8 20.8 19.2 17.2 16.5 15.5 
16.2 16.8 17.0 17.5 17.8 17.8 16.2 16.0 
15.8 17.0 16.2 16.5 16.8 17.0 16.0 15.2 
15.2 16.2 16.2 15.5 16.0 15.8 16.2 15.5 
16.2 16.5 16.0 15.8 15.8 15.5 15.0 14.8 


# DIFF
#  2  2  2  1  1  1  1  0
#  2  2  4  2  2  2  1  0
#  2  4  8  5  5  2  1  1
#  2  3  6  6  4  2  2  1
#  2  2  2  3  3  3  2  1
#  1  2  2  2  2  2  1  0
#  0  2  2  1  1  1  2  1
#  2  2  1  1  1  1  0  0
