# TS_TEXT=2019-08-18-21:29:15
# TS_SECS=1566160155.38
# HOST=fore-node
# PERCENTILE_10=14.2
# PERCENTILE_90=16.7
# MIN_PIXEL=0.0
# MEDIAN_PIXEL=15.0
# MAX_PIXEL=19.8

# IMAGE
14.2 15.0 14.5 15.2 14.8 14.0 14.5 15.0 
14.5 14.5 14.8 14.2 15.0 14.5 14.2 14.2 
15.0 14.8 14.8 15.2 14.5 14.5 15.0 15.0 
15.0 15.0 14.8 15.5 16.2 15.0 14.8 14.5 
15.2 15.5 17.5 17.8 17.8 16.2 16.0 16.0 
15.0 14.2 16.5 19.8 17.8 16.0 15.2 15.2 
16.8 16.0 16.5 17.0 16.2 15.2 15.0 15.5 
0.0 14.0 14.8 14.5 14.2 14.5 15.2 14.5 


# DIFF
# 14 15 14 15 15 14 14 15
# 14 14 15 14 15 14 14 14
# 15 15 15 15 14 14 15 15
# 15 15 15 16 16 15 15 14
# 15 16 18 18 18 16 16 16
# 15 14 16 20 18 16 15 15
# 17 16 16 17 16 15 15 16
#  0 14 15 14 14 14 15 14
