# TS_TEXT=2019-08-18-23:23:11
# TS_SECS=1566166991.72
# HOST=fore-node
# PERCENTILE_10=12.5
# PERCENTILE_90=13.5
# MIN_PIXEL=0.0
# MEDIAN_PIXEL=13.0
# MAX_PIXEL=13.8

# IMAGE
12.8 12.5 12.8 13.0 12.8 13.2 12.8 12.8 
12.8 12.8 13.5 12.8 13.2 12.8 12.5 12.8 
13.0 13.5 12.8 13.0 13.2 13.2 13.2 13.2 
13.2 13.8 12.8 13.5 13.2 13.0 12.8 13.0 
13.0 13.8 13.2 13.5 13.5 13.2 12.8 12.8 
13.2 12.2 13.8 13.2 13.2 13.0 13.2 13.0 
13.5 13.0 13.8 13.2 13.8 12.8 13.0 13.0 
0.0 12.5 12.5 12.5 12.2 13.0 12.5 12.8 


# DIFF
# 13 12 13 13 13 13 13 13
# 13 13 14 13 13 13 12 13
# 13 14 13 13 13 13 13 13
# 13 14 13 14 13 13 13 13
# 13 14 13 14 14 13 13 13
# 13 12 14 13 13 13 13 13
# 14 13 14 13 14 13 13 13
#  0 12 12 12 12 13 12 13
