# TS_TEXT=2019-08-18-22:33:07
# TS_SECS=1566163987.71
# HOST=aft-node
# PERCENTILE_10=14.0
# PERCENTILE_90=14.9
# MIN_PIXEL=0.0
# MEDIAN_PIXEL=14.5
# MAX_PIXEL=17.8

# IMAGE
14.8 14.2 14.5 14.5 14.8 14.8 14.5 14.2 
15.0 14.5 14.8 15.0 14.5 14.0 14.5 14.2 
14.5 15.0 14.5 15.0 13.8 14.5 14.0 14.2 
14.5 14.5 14.5 14.0 14.5 14.2 14.5 14.5 
14.2 14.0 14.5 14.0 14.2 14.0 14.2 14.0 
14.8 14.2 14.5 14.0 14.0 14.5 14.0 13.8 
14.8 14.5 14.8 14.5 14.5 14.5 14.8 14.8 
0.0 13.5 14.5 14.5 15.2 17.8 16.8 14.2 


# DIFF
# 15 14 14 14 15 15 14 14
# 15 14 15 15 14 14 14 14
# 14 15 14 15 14 14 14 14
# 14 14 14 14 14 14 14 14
# 14 14 14 14 14 14 14 14
# 15 14 14 14 14 14 14 14
# 15 14 15 14 14 14 15 15
#  0 14 14 14 15 18 17 14
