# TS_TEXT=2019-08-18-22:32:58
# TS_SECS=1566163978.62
# HOST=aft-node
# PERCENTILE_10=13.8
# PERCENTILE_90=14.7
# MIN_PIXEL=13.5
# MEDIAN_PIXEL=14.0
# MAX_PIXEL=18.0

# IMAGE
14.2 14.0 14.2 13.8 14.0 14.0 14.5 14.0 
14.2 14.5 15.2 18.0 16.0 14.5 14.0 14.0 
14.5 14.5 14.8 14.5 14.8 14.5 14.0 14.2 
14.0 14.2 14.2 14.0 14.5 14.2 14.2 14.0 
14.8 14.0 14.5 14.0 14.0 13.5 14.0 13.8 
13.8 14.0 13.5 13.8 13.8 14.0 13.8 13.8 
13.8 14.2 14.0 14.0 14.2 14.8 13.8 13.8 
13.8 14.2 13.5 14.2 14.2 13.8 13.8 14.0 


# DIFF
#  1  0  1  0  0  0  1  0
#  1  1  2  4  2  1  0  0
#  1  1  1  1  1  1  0  1
#  0  1  1  0  1  1  1  0
#  1  0  1  0  0  0  0  0
#  0  0  0  0  0  0  0  0
#  0  1  0  0  1  1  0  0
#  0  1  0  1  1  0  0  0
