# TS_TEXT=2019-08-27-13:57:58
# TS_SECS=1566910678.39
# HOST=aft-node
# PERCENTILE_10=14.8
# PERCENTILE_90=16.0
# MIN_PIXEL=14.0
# MEDIAN_PIXEL=15.5
# MAX_PIXEL=16.5

# IMAGE
15.5 15.5 15.8 15.5 15.8 15.2 15.2 14.0 
16.0 15.5 15.8 15.8 15.5 15.8 15.5 14.8 
16.5 16.0 15.8 16.0 15.8 15.5 15.2 14.8 
16.0 15.8 15.8 16.0 15.5 15.5 15.2 15.2 
16.2 16.2 15.5 15.8 16.0 15.8 15.8 14.8 
15.8 15.5 16.0 15.2 15.8 15.2 15.5 14.8 
15.2 15.5 15.8 15.0 15.5 15.8 15.5 14.8 
15.5 14.8 15.0 15.2 15.0 15.0 14.8 14.5 


# DIFF
#  2  2  2  2  2  1  1  0
#  2  2  2  2  2  2  2  1
#  2  2  2  2  2  2  1  1
#  2  2  2  2  2  2  1  1
#  2  2  2  2  2  2  2  1
#  2  2  2  1  2  1  2  1
#  1  2  2  1  2  2  2  1
#  2  1  1  1  1  1  1  0
