# TS_TEXT=2019-08-18-22:43:01
# TS_SECS=1566164581.88
# HOST=centre-node
# PERCENTILE_10=13.6
# PERCENTILE_90=15.2
# MIN_PIXEL=13.0
# MEDIAN_PIXEL=14.0
# MAX_PIXEL=19.5

# IMAGE
14.0 14.0 14.5 19.5 18.2 14.0 13.5 14.0 
14.0 13.8 16.2 18.8 16.8 14.0 14.0 13.2 
14.0 13.8 14.8 17.0 15.0 14.0 14.2 13.0 
13.8 14.2 14.2 14.2 15.2 13.8 14.2 13.5 
13.5 14.2 14.5 14.0 14.2 13.5 13.2 13.8 
14.2 14.2 14.2 14.2 14.2 14.0 14.0 14.0 
14.0 14.0 14.0 14.2 14.2 14.2 14.2 14.2 
14.2 14.5 14.2 14.0 13.8 14.0 14.0 14.0 


# DIFF
#  1  1  2  6  5  1  0  1
#  1  1  3  6  4  1  1  0
#  1  1  2  4  2  1  1  0
#  1  1  1  1  2  1  1  0
#  0  1  2  1  1  0  0  1
#  1  1  1  1  1  1  1  1
#  1  1  1  1  1  1  1  1
#  1  2  1  1  1  1  1  1
