# TS_TEXT=2019-08-25-12:34:25
# TS_SECS=1566732865.26
# HOST=aft-node
# PERCENTILE_10=15.8
# PERCENTILE_90=17.4
# MIN_PIXEL=14.8
# MEDIAN_PIXEL=16.2
# MAX_PIXEL=20.2

# IMAGE
15.5 16.8 16.5 16.5 16.5 15.8 16.0 14.8 
16.8 16.5 18.0 19.2 17.2 16.5 16.0 16.0 
16.2 17.0 19.8 20.2 18.5 16.8 16.2 16.0 
16.2 17.0 17.5 18.8 16.2 16.5 16.2 16.2 
16.0 16.0 16.5 15.8 16.0 16.0 16.2 15.8 
16.2 16.0 16.2 16.2 16.2 16.0 16.0 15.8 
15.8 15.8 15.8 15.5 16.2 16.0 15.8 15.8 
15.8 16.0 15.8 16.2 15.5 15.0 16.2 15.2 


# DIFF
#  1  2  2  2  2  1  1  0
#  2  2  3  4  2  2  1  1
#  2  2  5  6  4  2  2  1
#  2  2  3  4  2  2  2  2
#  1  1  2  1  1  1  2  1
#  2  1  2  2  2  1  1  1
#  1  1  1  1  2  1  1  1
#  1  1  1  2  1  0  2  0
