# TS_TEXT=2019-08-18-23:04:57
# TS_SECS=1566165897.62
# HOST=fore-node
# PERCENTILE_10=13.6
# PERCENTILE_90=15.2
# MIN_PIXEL=0.0
# MEDIAN_PIXEL=14.2
# MAX_PIXEL=17.0

# IMAGE
14.0 14.0 13.8 13.8 13.8 14.2 13.5 15.2 
14.8 13.8 14.5 14.0 14.2 13.8 13.5 13.5 
14.0 14.2 14.2 14.2 14.0 13.8 13.8 13.8 
16.5 15.2 14.0 14.8 14.2 14.0 14.2 13.8 
17.0 15.5 15.0 14.5 14.2 14.8 14.5 14.5 
15.2 14.0 14.8 14.2 15.0 13.8 14.2 13.5 
15.5 15.2 15.2 14.5 14.5 14.2 13.8 14.2 
0.0 13.5 14.5 13.8 13.2 14.0 13.8 14.0 


# DIFF
# 14 14 14 14 14 14 14 15
# 15 14 14 14 14 14 14 14
# 14 14 14 14 14 14 14 14
# 16 15 14 15 14 14 14 14
# 17 16 15 14 14 15 14 14
# 15 14 15 14 15 14 14 14
# 16 15 15 14 14 14 14 14
#  0 14 14 14 13 14 14 14
