# TS_TEXT=2019-08-25-12:23:28
# TS_SECS=1566732208.50
# HOST=fore-node
# PERCENTILE_10=15.3
# PERCENTILE_90=16.9
# MIN_PIXEL=15.0
# MEDIAN_PIXEL=16.0
# MAX_PIXEL=19.2

# IMAGE
15.0 15.5 15.5 15.2 16.0 15.8 16.0 15.2 
16.0 15.8 16.0 15.8 15.8 16.0 15.5 15.8 
15.5 15.2 16.2 16.0 16.0 15.8 16.8 17.8 
16.0 15.8 15.8 16.0 16.0 17.0 19.0 19.2 
15.8 16.2 16.0 16.2 15.8 16.2 16.8 17.8 
15.8 16.2 17.0 16.0 16.5 16.2 16.2 15.8 
15.8 15.0 15.5 16.0 16.2 16.0 15.5 15.5 
17.0 16.0 15.8 16.0 16.2 15.2 15.8 15.0 


# DIFF
#  0  0  0  0  1  1  1  0
#  1  1  1  1  1  1  0  1
#  0  0  1  1  1  1  2  3
#  1  1  1  1  1  2  4  4
#  1  1  1  1  1  1  2  3
#  1  1  2  1  2  1  1  1
#  1  0  0  1  1  1  0  0
#  2  1  1  1  1  0  1  0
