# TS_TEXT=2019-08-25-12:23:18
# TS_SECS=1566732198.43
# HOST=fore-node
# PERCENTILE_10=15.2
# PERCENTILE_90=16.5
# MIN_PIXEL=15.2
# MEDIAN_PIXEL=16.0
# MAX_PIXEL=19.2

# IMAGE
15.2 15.2 15.8 15.5 16.0 15.2 15.5 15.5 
15.5 15.5 15.8 16.5 15.5 16.0 15.2 15.5 
15.2 15.8 16.2 15.8 15.8 16.5 17.2 16.8 
15.5 16.0 16.0 16.2 16.0 17.5 19.2 19.0 
16.2 16.0 15.8 16.0 15.8 16.2 16.5 18.0 
15.5 16.0 16.2 15.8 16.0 16.5 15.8 16.0 
16.0 15.5 16.2 16.2 16.0 15.8 15.2 15.5 
16.5 16.5 16.2 15.8 16.2 15.2 15.2 15.2 


# DIFF
#  0  0  0  0  1  0  0  0
#  0  0  0  1  0  1  0  0
#  0  0  1  0  0  1  2  2
#  0  1  1  1  1  2  4  4
#  1  1  0  1  0  1  1  3
#  0  1  1  0  1  1  0  1
#  1  0  1  1  1  0  0  0
#  1  1  1  0  1  0  0  0
