# TS_TEXT=2019-08-27-13:24:41
# TS_SECS=1566908681.07
# HOST=fore-node
# PERCENTILE_10=14.5
# PERCENTILE_90=18.8
# MIN_PIXEL=14.0
# MEDIAN_PIXEL=15.2
# MAX_PIXEL=23.0

# IMAGE
14.2 15.2 15.2 15.5 16.8 16.5 15.8 15.0 
14.5 15.5 15.0 18.2 22.0 19.0 15.8 14.8 
15.0 15.5 16.2 19.8 23.0 22.0 16.5 15.5 
14.5 15.0 15.5 19.0 21.8 16.5 15.8 15.5 
15.0 15.5 15.0 16.0 16.8 15.8 15.8 15.5 
14.5 15.2 14.5 15.5 15.5 15.2 15.2 14.8 
14.5 14.5 14.8 15.5 15.0 14.5 15.2 15.2 
14.5 14.2 14.5 14.5 14.5 14.2 14.2 14.0 


# DIFF
#  0  1  1  2  3  2  2  1
#  0  2  1  4  8  5  2  1
#  1  2  2  6  9  8  2  2
#  0  1  2  5  8  2  2  2
#  1  2  1  2  3  2  2  2
#  0  1  0  2  2  1  1  1
#  0  0  1  2  1  0  1  1
#  0  0  0  0  0  0  0  0
