# TS_TEXT=2019-08-27-13:26:51
# TS_SECS=1566908811.97
# HOST=fore-node
# PERCENTILE_10=14.0
# PERCENTILE_90=18.0
# MIN_PIXEL=13.5
# MEDIAN_PIXEL=15.0
# MAX_PIXEL=24.2

# IMAGE
13.5 14.5 14.8 13.8 15.0 14.2 14.5 14.2 
15.0 14.8 15.0 15.2 15.0 15.2 14.5 14.0 
14.5 14.2 15.2 15.0 16.0 15.2 15.2 15.5 
14.5 14.8 15.2 17.2 19.5 20.2 16.8 15.2 
14.8 14.8 14.8 19.2 23.0 24.2 19.5 15.5 
14.2 15.2 15.2 16.0 17.5 18.2 16.2 15.0 
13.8 14.2 14.8 15.0 15.2 15.2 15.2 15.8 
14.0 14.5 14.2 14.0 14.8 14.0 14.5 14.0 


# DIFF
#  0  1  1  0  2  1  1  1
#  2  1  2  2  2  2  1  0
#  1  1  2  2  2  2  2  2
#  1  1  2  4  6  7  3  2
#  1  1  1  6 10 11  6  2
#  1  2  2  2  4  5  3  2
#  0  1  1  2  2  2  2  2
#  0  1  1  0  1  0  1  0
