# TS_TEXT=2019-08-27-13:22:13
# TS_SECS=1566908533.06
# HOST=fore-node
# PERCENTILE_10=16.5
# PERCENTILE_90=19.4
# MIN_PIXEL=15.8
# MEDIAN_PIXEL=17.2
# MAX_PIXEL=25.2

# IMAGE
16.8 17.2 17.0 16.2 17.2 17.2 16.5 16.5 
17.2 17.0 17.0 17.8 18.0 17.2 17.2 16.5 
16.5 17.0 18.0 18.5 23.2 19.0 17.5 17.0 
16.5 17.5 18.0 24.2 25.2 23.8 18.2 16.5 
17.5 17.0 18.0 20.8 20.2 19.5 18.0 17.0 
16.8 17.5 17.8 17.2 17.5 17.8 16.8 16.8 
16.8 16.8 17.2 17.8 17.0 16.8 17.2 16.8 
17.0 16.5 16.8 17.2 17.5 16.8 16.2 15.8 


# DIFF
#  1  2  1  0  2  2  1  1
#  2  1  1  2  2  2  2  1
#  1  1  2  3  8  3  2  1
#  1  2  2  8 10  8  2  1
#  2  1  2  5  4  4  2  1
#  1  2  2  2  2  2  1  1
#  1  1  2  2  1  1  2  1
#  1  1  1  2  2  1  0  0
