# TS_TEXT=2019-08-27-13:22:17
# TS_SECS=1566908537.08
# HOST=fore-node
# PERCENTILE_10=16.8
# PERCENTILE_90=20.0
# MIN_PIXEL=16.2
# MEDIAN_PIXEL=17.0
# MAX_PIXEL=24.8

# IMAGE
16.8 16.8 16.8 16.8 17.0 16.8 17.5 17.2 
16.5 16.8 16.8 17.2 17.8 18.0 17.5 17.0 
16.8 16.8 17.2 17.2 19.2 22.5 22.8 17.8 
17.2 17.2 17.0 18.0 22.5 24.8 22.8 18.0 
17.0 17.2 17.0 17.8 20.2 21.2 18.5 17.5 
16.8 17.2 17.2 17.0 17.2 17.2 17.5 16.8 
16.8 16.2 17.2 16.8 16.8 16.8 16.8 16.2 
17.0 16.8 16.8 16.5 16.8 16.8 16.8 16.2 


# DIFF
#  0  0  0  0  1  0  1  1
#  0  0  0  1  2  2  1  1
#  0  0  1  1  3  6  6  2
#  1  1  1  2  6  8  6  2
#  1  1  1  2  4  5  2  1
#  0  1  1  1  1  1  1  0
#  0  0  1  0  0  0  0  0
#  1  0  0  0  0  0  0  0
