# TS_TEXT=2019-08-27-13:26:43
# TS_SECS=1566908803.90
# HOST=fore-node
# PERCENTILE_10=14.0
# PERCENTILE_90=17.9
# MIN_PIXEL=13.5
# MEDIAN_PIXEL=14.8
# MAX_PIXEL=23.0

# IMAGE
13.8 14.8 15.0 14.5 15.5 15.8 15.0 14.0 
14.5 14.5 15.0 15.5 17.0 21.0 16.0 14.8 
13.5 14.5 15.2 18.2 22.2 23.0 18.2 15.8 
14.0 14.8 14.8 15.5 19.2 19.8 16.8 14.8 
14.8 14.8 14.2 15.0 15.0 14.8 14.8 15.0 
14.2 14.8 14.5 14.2 15.2 15.0 14.8 14.5 
14.0 13.8 14.5 14.5 15.0 14.0 14.2 14.5 
14.0 14.0 14.0 14.0 14.8 14.0 13.5 14.0 


# DIFF
#  0  1  2  1  2  2  2  0
#  1  1  2  2  4  8  2  1
#  0  1  2  5  9 10  5  2
#  0  1  1  2  6  6  3  1
#  1  1  1  2  2  1  1  2
#  1  1  1  1  2  2  1  1
#  0  0  1  1  2  0  1  1
#  0  0  0  0  1  0  0  0
