# TS_TEXT=2019-08-27-13:24:40
# TS_SECS=1566908680.06
# HOST=fore-node
# PERCENTILE_10=14.2
# PERCENTILE_90=17.7
# MIN_PIXEL=13.8
# MEDIAN_PIXEL=15.2
# MAX_PIXEL=22.8

# IMAGE
15.2 15.2 15.5 17.5 17.8 16.0 15.0 14.2 
15.0 15.2 15.5 21.2 22.8 20.0 15.5 14.5 
14.2 15.2 16.0 21.5 21.8 16.2 15.5 14.8 
14.8 15.0 15.5 17.5 18.2 15.5 15.0 15.0 
15.0 15.0 15.0 15.5 15.8 15.2 15.2 15.0 
14.2 15.2 15.2 15.2 15.5 15.2 15.2 14.8 
15.0 14.8 14.8 15.2 15.2 14.5 14.5 15.0 
13.8 14.2 14.2 14.8 15.0 14.5 14.0 13.8 


# DIFF
#  2  2  2  4  4  2  1  0
#  1  2  2  8  9  6  2  1
#  0  2  2  8  8  2  2  1
#  1  1  2  4  4  2  1  1
#  1  1  1  2  2  2  2  1
#  0  2  2  2  2  2  2  1
#  1  1  1  2  2  1  1  1
#  0  0  0  1  1  1  0  0
