# TS_TEXT=2019-08-27-13:24:52
# TS_SECS=1566908692.19
# HOST=fore-node
# PERCENTILE_10=14.5
# PERCENTILE_90=17.4
# MIN_PIXEL=14.0
# MEDIAN_PIXEL=15.2
# MAX_PIXEL=22.8

# IMAGE
14.8 14.5 15.5 15.2 15.0 16.0 15.8 16.0 
15.0 15.0 15.2 15.5 15.8 17.0 20.5 17.5 
14.5 15.2 15.5 15.2 16.8 21.5 22.8 19.8 
14.8 15.0 15.0 15.2 17.0 21.0 17.8 15.8 
15.0 15.8 15.0 15.8 15.8 15.8 16.0 15.2 
14.5 15.2 15.2 14.5 15.5 15.5 15.0 14.8 
14.2 14.5 15.0 15.2 15.0 15.0 15.0 14.8 
14.5 14.5 14.8 14.5 14.8 14.2 14.0 14.2 


# DIFF
#  1  0  2  1  1  2  2  2
#  1  1  1  2  2  3  6  4
#  0  1  2  1  3  8  9  6
#  1  1  1  1  3  7  4  2
#  1  2  1  2  2  2  2  1
#  0  1  1  0  2  2  1  1
#  0  0  1  1  1  1  1  1
#  0  0  1  0  1  0  0  0
