# TS_TEXT=2019-08-27-13:22:52
# TS_SECS=1566908572.29
# HOST=fore-node
# PERCENTILE_10=15.3
# PERCENTILE_90=18.6
# MIN_PIXEL=14.8
# MEDIAN_PIXEL=16.2
# MAX_PIXEL=23.2

# IMAGE
15.2 15.8 15.8 15.5 16.2 15.8 15.8 16.2 
15.8 16.2 16.2 16.8 16.5 16.5 16.0 16.0 
15.5 16.0 17.0 15.8 16.8 17.5 17.2 16.8 
15.5 16.0 16.0 16.5 19.0 23.0 23.2 19.2 
16.0 16.2 16.5 16.5 17.5 20.5 22.5 22.8 
14.8 16.5 16.5 16.5 16.8 16.8 17.5 17.0 
15.5 15.2 16.0 15.8 16.2 15.5 16.2 16.2 
15.5 15.2 15.8 15.2 16.2 15.2 15.2 15.5 


# DIFF
#  0  1  1  1  2  1  1  2
#  1  2  2  2  2  2  1  1
#  1  1  2  1  2  3  2  2
#  1  1  1  2  4  8  8  4
#  1  2  2  2  3  6  8  8
#  0  2  2  2  2  2  3  2
#  1  0  1  1  2  1  2  2
#  1  0  1  0  2  0  0  1
