# TS_TEXT=2019-08-27-13:22:08
# TS_SECS=1566908528.02
# HOST=fore-node
# PERCENTILE_10=16.5
# PERCENTILE_90=19.8
# MIN_PIXEL=15.5
# MEDIAN_PIXEL=17.0
# MAX_PIXEL=24.5

# IMAGE
17.0 17.0 17.0 17.2 17.2 16.8 16.5 16.8 
16.8 16.5 16.8 17.5 17.8 18.0 17.5 17.0 
16.5 17.0 17.8 17.5 19.2 21.0 20.8 17.8 
16.5 17.2 17.2 19.0 23.5 24.5 24.5 18.2 
17.2 17.5 16.8 18.0 20.0 20.8 18.8 17.8 
16.8 17.0 17.0 17.0 17.2 17.2 17.5 17.0 
16.8 16.5 17.2 16.5 17.2 16.8 16.2 16.8 
16.8 17.0 17.0 16.8 16.8 16.2 16.5 15.5 


# DIFF
#  2  2  2  2  2  1  1  1
#  1  1  1  2  2  2  2  2
#  1  2  2  2  4  6  5  2
#  1  2  2  4  8  9  9  3
#  2  2  1  2  4  5  3  2
#  1  2  2  2  2  2  2  2
#  1  1  2  1  2  1  1  1
#  1  2  2  1  1  1  1  0
