# TS_TEXT=2019-08-27-13:23:17
# TS_SECS=1566908597.45
# HOST=fore-node
# PERCENTILE_10=15.5
# PERCENTILE_90=17.9
# MIN_PIXEL=15.0
# MEDIAN_PIXEL=16.2
# MAX_PIXEL=24.0

# IMAGE
15.2 15.5 15.5 15.5 16.2 16.5 16.0 16.0 
15.8 16.2 15.8 16.8 16.8 16.5 16.5 15.5 
15.5 16.0 17.0 16.5 17.8 17.0 17.5 16.8 
15.8 16.8 16.5 17.2 22.0 23.8 24.0 17.2 
16.2 16.2 16.8 16.8 18.0 22.2 23.5 18.0 
15.2 16.2 16.2 15.8 17.0 17.2 17.2 16.2 
15.2 16.0 15.8 16.2 16.2 16.2 16.0 16.2 
16.0 16.0 16.0 15.8 15.8 15.8 15.0 15.5 


# DIFF
#  0  0  0  0  1  2  1  1
#  1  1  1  2  2  2  2  0
#  0  1  2  2  3  2  2  2
#  1  2  2  2  7  9  9  2
#  1  1  2  2  3  7  8  3
#  0  1  1  1  2  2  2  1
#  0  1  1  1  1  1  1  1
#  1  1  1  1  1  1  0  0
