# TS_TEXT=2019-08-27-13:22:45
# TS_SECS=1566908565.26
# HOST=fore-node
# PERCENTILE_10=15.8
# PERCENTILE_90=19.0
# MIN_PIXEL=15.2
# MEDIAN_PIXEL=16.5
# MAX_PIXEL=24.5

# IMAGE
16.0 17.2 16.5 16.8 17.2 16.8 16.8 16.2 
16.0 16.8 16.2 17.5 18.2 18.0 16.5 16.0 
15.8 16.0 17.2 19.8 23.5 21.8 17.8 17.0 
16.2 16.2 16.2 18.5 23.5 24.5 19.2 16.8 
16.5 16.2 16.5 17.0 18.0 20.0 17.8 16.8 
15.5 16.2 16.5 16.5 16.8 17.0 16.5 16.2 
15.8 15.2 16.2 16.5 16.5 15.8 16.2 16.0 
16.5 15.8 16.5 15.8 16.0 15.8 15.2 15.2 


# DIFF
#  1  2  1  2  2  2  2  1
#  1  2  1  2  3  3  1  1
#  0  1  2  4  8  6  2  2
#  1  1  1  3  8  9  4  2
#  1  1  1  2  3  5  2  2
#  0  1  1  1  2  2  1  1
#  0  0  1  1  1  0  1  1
#  1  0  1  0  1  0  0  0
