# TS_TEXT=2019-08-25-16:09:20
# TS_SECS=1566745760.24
# HOST=centre-node
# PERCENTILE_10=15.5
# PERCENTILE_90=17.2
# MIN_PIXEL=15.0
# MEDIAN_PIXEL=16.2
# MAX_PIXEL=24.5

# IMAGE
18.0 16.0 15.8 16.0 15.5 15.8 15.2 16.0 
16.2 16.5 16.5 16.2 16.0 16.0 15.5 15.0 
16.5 16.2 17.5 18.5 17.0 15.8 15.8 15.5 
16.5 16.8 22.0 24.5 16.2 15.8 16.2 15.5 
16.2 17.2 16.8 16.0 17.8 16.5 16.0 16.5 
16.8 16.8 16.2 16.2 17.2 16.5 16.5 15.8 
16.8 16.0 16.8 16.8 16.5 16.8 15.8 16.0 
16.0 16.5 16.5 16.2 16.0 15.5 15.5 15.8 


# DIFF
#  3  1  1  1  0  1  0  1
#  1  2  2  1  1  1  0  0
#  2  1  2  4  2  1  1  0
#  2  2  7 10  1  1  1  0
#  1  2  2  1  3  2  1  2
#  2  2  1  1  2  2  2  1
#  2  1  2  2  2  2  1  1
#  1  2  2  1  1  0  0  1
