# TS_TEXT=2019-08-25-16:08:52
# TS_SECS=1566745732.13
# HOST=centre-node
# PERCENTILE_10=15.0
# PERCENTILE_90=16.2
# MIN_PIXEL=14.0
# MEDIAN_PIXEL=15.5
# MAX_PIXEL=23.8

# IMAGE
16.2 15.2 15.2 15.2 14.8 15.5 15.0 15.0 
15.5 15.2 16.0 15.8 15.5 15.5 15.0 14.5 
15.8 15.8 16.8 17.8 16.0 15.0 15.2 14.0 
16.0 16.2 20.8 23.8 16.2 15.2 15.2 15.0 
15.5 16.0 16.2 15.5 16.2 15.8 15.5 15.8 
15.2 15.5 16.0 15.8 16.8 15.8 16.0 15.0 
15.2 15.0 16.0 15.8 15.2 15.8 15.2 15.0 
16.0 15.8 16.0 15.8 15.5 15.2 15.5 14.5 


# DIFF
#  2  1  1  1  1  2  1  1
#  2  1  2  2  2  2  1  0
#  2  2  3  4  2  1  1  0
#  2  2  7 10  2  1  1  1
#  2  2  2  2  2  2  2  2
#  1  2  2  2  3  2  2  1
#  1  1  2  2  1  2  1  1
#  2  2  2  2  2  1  2  0
