# TS_TEXT=2019-08-25-11:27:59
# TS_SECS=1566728879.75
# HOST=aft-node
# PERCENTILE_10=15.5
# PERCENTILE_90=17.0
# MIN_PIXEL=15.0
# MEDIAN_PIXEL=16.0
# MAX_PIXEL=19.2

# IMAGE
15.5 16.0 16.0 16.0 18.5 18.5 16.2 15.8 
16.0 16.0 16.0 16.8 19.0 19.2 16.0 15.8 
16.0 16.2 15.8 16.2 17.0 16.5 15.8 16.2 
15.2 16.2 16.2 16.0 15.8 16.2 16.0 15.5 
16.0 16.2 15.5 15.5 16.0 16.0 16.0 15.0 
15.5 16.0 16.5 15.5 16.2 16.2 16.0 15.2 
16.5 15.8 15.8 15.5 17.5 17.0 15.5 16.2 
15.5 15.8 16.2 16.0 16.5 17.0 15.8 16.2 


# DIFF
#  0  1  1  1  4  4  1  1
#  1  1  1  2  4  4  1  1
#  1  1  1  1  2  2  1  1
#  0  1  1  1  1  1  1  0
#  1  1  0  0  1  1  1  0
#  0  1  2  0  1  1  1  0
#  2  1  1  0  2  2  0  1
#  0  1  1  1  2  2  1  1
