# TS_TEXT=2019-08-25-11:27:49
# TS_SECS=1566728869.63
# HOST=aft-node
# PERCENTILE_10=16.0
# PERCENTILE_90=17.4
# MIN_PIXEL=15.8
# MEDIAN_PIXEL=16.2
# MAX_PIXEL=19.8

# IMAGE
16.2 16.2 16.0 16.0 16.5 16.8 16.0 16.5 
16.2 16.0 16.2 16.0 15.8 18.0 17.5 16.0 
16.5 16.0 16.8 16.5 16.2 17.2 17.2 16.2 
16.0 16.5 16.2 16.2 16.2 16.2 19.0 18.2 
16.0 16.2 16.2 16.5 16.8 17.5 19.8 19.2 
16.2 16.0 16.5 16.2 16.5 16.8 17.0 16.8 
16.0 16.2 16.0 16.5 16.5 16.5 16.0 16.8 
16.0 16.8 16.0 16.2 16.5 16.2 16.5 15.8 


# DIFF
#  0  0  0  0  1  1  0  1
#  0  0  0  0  0  2  2  0
#  1  0  1  1  0  2  2  0
#  0  1  0  0  0  0  3  2
#  0  0  0  1  1  2  4  4
#  0  0  1  0  1  1  1  1
#  0  0  0  1  1  1  0  1
#  0  1  0  0  1  0  1  0
