# TS_TEXT=2019-08-25-13:18:39
# TS_SECS=1566735519.67
# HOST=starboard-node
# PERCENTILE_10=15.5
# PERCENTILE_90=17.9
# MIN_PIXEL=14.8
# MEDIAN_PIXEL=16.2
# MAX_PIXEL=21.0

# IMAGE
15.2 16.0 16.2 16.5 16.2 15.5 14.8 15.0 
15.2 15.8 16.8 16.8 16.5 16.2 15.8 15.2 
16.5 16.8 17.5 19.5 17.0 15.8 15.5 15.5 
16.5 17.5 19.8 20.2 18.2 16.2 15.5 16.0 
16.8 17.5 21.0 19.0 16.8 16.5 16.0 15.8 
16.0 16.8 18.0 16.8 16.2 16.0 16.2 15.5 
17.2 15.8 16.5 16.2 16.5 16.0 15.5 16.2 
16.2 16.5 16.2 15.8 15.8 16.0 16.2 16.8 


# DIFF
#  0  1  2  2  2  1  0  0
#  0  1  2  2  2  2  1  0
#  2  2  3  5  2  1  1  1
#  2  3  5  6  4  2  1  1
#  2  3  6  4  2  2  1  1
#  1  2  3  2  2  1  2  1
#  2  1  2  2  2  1  1  2
#  2  2  2  1  1  1  2  2
