# TS_TEXT=2019-08-18-21:27:11
# TS_SECS=1566160031.93
# HOST=aft-node
# PERCENTILE_10=14.5
# PERCENTILE_90=16.5
# MIN_PIXEL=0.0
# MEDIAN_PIXEL=15.0
# MAX_PIXEL=19.0

# IMAGE
15.0 15.5 15.2 17.5 19.0 17.8 15.2 14.8 
15.5 15.5 15.2 16.5 18.5 17.0 15.0 15.0 
14.5 14.8 14.8 15.5 15.0 17.2 15.2 14.8 
15.5 14.8 15.2 14.2 15.0 14.2 14.5 15.0 
14.8 14.5 14.8 14.5 15.0 15.0 15.2 14.5 
15.2 14.8 14.8 14.0 14.5 14.5 14.5 14.5 
15.5 15.8 15.5 15.2 14.8 15.2 14.5 14.2 
0.0 14.8 15.2 15.0 15.0 16.5 14.8 15.2 


# DIFF
# 15 16 15 18 19 18 15 15
# 16 16 15 16 18 17 15 15
# 14 15 15 16 15 17 15 15
# 16 15 15 14 15 14 14 15
# 15 14 15 14 15 15 15 14
# 15 15 15 14 14 14 14 14
# 16 16 16 15 15 15 14 14
#  0 15 15 15 15 16 15 15
