# TS_TEXT=2019-08-18-22:56:25
# TS_SECS=1566165385.71
# HOST=aft-node
# PERCENTILE_10=14.0
# PERCENTILE_90=14.8
# MIN_PIXEL=13.2
# MEDIAN_PIXEL=14.2
# MAX_PIXEL=16.0

# IMAGE
14.0 14.5 14.2 14.2 14.8 14.2 14.2 14.0 
14.5 14.2 14.0 14.8 14.2 14.8 14.5 15.5 
15.0 14.5 14.5 14.2 14.2 14.5 14.8 16.0 
14.5 14.5 14.2 14.5 14.5 14.2 14.0 14.5 
14.2 14.8 14.5 14.5 14.5 14.0 14.0 13.8 
14.2 14.0 14.2 14.0 14.0 14.0 13.8 13.8 
14.5 14.2 14.2 14.0 14.0 14.2 13.2 14.2 
15.0 15.2 14.8 14.5 14.5 13.8 14.2 14.5 


# DIFF
#  1  1  1  1  2  1  1  1
#  1  1  1  2  1  2  1  2
#  2  1  1  1  1  1  2  3
#  1  1  1  1  1  1  1  1
#  1  2  1  1  1  1  1  0
#  1  1  1  1  1  1  0  0
#  1  1  1  1  1  1  0  1
#  2  2  2  1  1  0  1  1
