# TS_TEXT=2019-08-18-22:56:30
# TS_SECS=1566165390.76
# HOST=aft-node
# PERCENTILE_10=14.2
# PERCENTILE_90=15.2
# MIN_PIXEL=13.5
# MEDIAN_PIXEL=14.5
# MAX_PIXEL=17.2

# IMAGE
15.0 17.2 15.8 15.2 14.5 14.5 14.2 14.2 
14.5 15.0 15.5 14.8 15.0 14.5 14.5 14.5 
15.0 14.8 15.2 14.8 15.0 14.2 14.5 14.5 
15.5 14.5 15.0 14.0 14.5 14.5 15.0 15.0 
14.2 15.0 14.5 14.5 13.8 14.5 14.0 14.5 
14.5 15.0 14.8 14.8 14.2 14.8 13.8 13.5 
15.2 14.5 14.5 14.2 14.5 13.8 14.2 14.8 
15.0 15.2 14.5 14.5 14.8 14.5 14.5 15.0 


# DIFF
#  2  4  2  2  1  1  1  1
#  1  2  2  1  2  1  1  1
#  2  1  2  1  2  1  1  1
#  2  1  2  0  1  1  2  2
#  1  2  1  1  0  1  0  1
#  1  2  1  1  1  1  0  0
#  2  1  1  1  1  0  1  1
#  2  2  1  1  1  1  1  2
