# TS_TEXT=2019-08-18-23:18:54
# TS_SECS=1566166734.13
# HOST=port-node
# PERCENTILE_10=13.3
# PERCENTILE_90=14.8
# MIN_PIXEL=13.0
# MEDIAN_PIXEL=13.8
# MAX_PIXEL=16.2

# IMAGE
13.8 13.5 14.0 13.5 13.0 13.8 13.2 13.8 
13.2 13.8 14.2 13.0 13.5 13.2 14.0 13.8 
13.2 14.0 13.8 14.0 13.5 14.0 13.8 14.0 
13.8 13.8 14.0 13.5 13.5 14.2 13.8 13.8 
13.5 14.8 14.0 14.0 13.8 13.8 14.2 13.8 
14.8 14.2 14.2 14.5 14.0 14.2 14.0 14.2 
16.2 14.8 14.2 14.8 14.8 14.2 14.8 14.8 
16.0 13.8 13.8 13.5 13.5 13.0 13.8 13.5 


# DIFF
#  1  0  1  0  0  1  0  1
#  0  1  1  0  0  0  1  1
#  0  1  1  1  0  1  1  1
#  1  1  1  0  0  1  1  1
#  0  2  1  1  1  1  1  1
#  2  1  1  2  1  1  1  1
#  3  2  1  2  2  1  2  2
#  3  1  1  0  0  0  1  0
