# TS_TEXT=2019-08-18-23:18:57
# TS_SECS=1566166737.15
# HOST=port-node
# PERCENTILE_10=13.2
# PERCENTILE_90=14.8
# MIN_PIXEL=12.8
# MEDIAN_PIXEL=13.8
# MAX_PIXEL=16.8

# IMAGE
14.2 13.8 13.2 13.8 14.2 13.5 13.2 13.8 
13.8 13.5 13.2 14.8 13.8 14.0 13.2 13.2 
13.2 13.8 13.5 16.8 14.0 14.0 14.0 14.0 
13.5 13.5 14.2 15.8 14.5 14.2 14.8 15.2 
13.8 14.2 14.2 13.5 14.2 13.8 12.8 13.2 
14.8 13.8 14.0 13.5 13.8 13.5 13.8 13.8 
16.8 14.0 14.0 14.8 13.2 13.8 13.5 13.5 
15.8 14.5 14.2 14.5 13.5 13.5 14.2 13.5 


# DIFF
#  2  1  0  1  2  1  0  1
#  1  1  0  2  1  1  0  0
#  0  1  1  4  1  1  1  1
#  1  1  2  3  2  2  2  2
#  1  2  2  1  2  1  0  0
#  2  1  1  1  1  1  1  1
#  4  1  1  2  0  1  1  1
#  3  2  2  2  1  1  2  1
