# TS_TEXT=2019-08-27-14:06:11
# TS_SECS=1566911171.05
# HOST=fore-node
# PERCENTILE_10=15.5
# PERCENTILE_90=19.9
# MIN_PIXEL=14.8
# MEDIAN_PIXEL=16.2
# MAX_PIXEL=23.5

# IMAGE
14.8 15.8 15.8 15.5 16.2 15.2 16.0 15.0 
15.8 16.0 16.2 16.0 16.2 16.5 15.5 16.0 
15.5 15.8 17.0 17.5 17.5 16.8 16.2 16.2 
15.8 16.2 16.2 20.8 21.8 20.0 17.0 15.8 
15.8 16.2 16.5 19.5 22.2 23.5 18.0 16.8 
15.0 16.5 16.2 17.0 21.8 22.0 17.0 16.0 
15.5 15.5 16.2 16.0 17.0 16.8 15.8 16.0 
16.0 16.2 15.8 15.8 16.8 16.2 15.5 15.5 


# DIFF
#  0  1  1  1  2  0  1  0
#  1  1  2  1  2  2  1  1
#  1  1  2  3  3  2  2  2
#  1  2  2  6  7  5  2  1
#  1  2  2  5  8  9  3  2
#  0  2  2  2  7  7  2  1
#  1  1  2  1  2  2  1  1
#  1  2  1  1  2  2  1  1
