# TS_TEXT=2019-08-27-14:04:13
# TS_SECS=1566911053.28
# HOST=fore-node
# PERCENTILE_10=14.0
# PERCENTILE_90=18.7
# MIN_PIXEL=14.0
# MEDIAN_PIXEL=14.8
# MAX_PIXEL=21.2

# IMAGE
14.0 14.5 14.5 14.0 14.8 14.2 14.5 15.0 
14.5 14.8 15.0 14.8 14.8 14.8 14.8 14.2 
14.0 14.8 15.0 15.5 15.2 14.8 14.8 14.8 
14.2 14.5 15.5 19.2 19.5 17.5 15.2 14.5 
15.0 14.5 15.5 19.2 20.5 21.0 16.5 15.5 
14.5 14.8 15.0 15.5 20.2 21.2 16.2 14.5 
14.0 14.2 15.0 15.0 15.2 14.5 15.5 15.8 
14.0 14.2 14.8 14.0 14.8 14.0 14.8 14.0 


# DIFF
#  0  0  0  0  1  0  0  1
#  0  1  1  1  1  1  1  0
#  0  1  1  2  1  1  1  1
#  0  0  2  5  6  4  1  0
#  1  0  2  5  6  7  2  2
#  0  1  1  2  6  7  2  0
#  0  0  1  1  1  0  2  2
#  0  0  1  0  1  0  1  0
