# TS_TEXT=2019-08-27-14:05:04
# TS_SECS=1566911104.64
# HOST=fore-node
# PERCENTILE_10=14.5
# PERCENTILE_90=19.4
# MIN_PIXEL=14.0
# MEDIAN_PIXEL=15.5
# MAX_PIXEL=22.8

# IMAGE
14.5 14.8 15.0 14.5 15.2 14.5 14.8 14.0 
14.8 15.2 15.5 15.5 15.8 15.5 15.0 14.0 
14.8 14.8 15.8 16.0 17.0 15.5 15.8 15.8 
14.8 15.0 16.0 19.5 21.0 19.8 15.8 15.2 
15.0 15.2 16.0 19.0 21.0 22.8 17.0 15.8 
14.5 15.5 15.5 16.5 20.5 20.5 16.5 15.2 
14.8 14.5 15.2 15.8 16.2 15.8 15.8 15.2 
14.2 15.2 15.5 14.8 15.5 14.8 14.5 14.5 


# DIFF
#  0  1  1  0  1  0  1  0
#  1  1  2  2  2  2  1  0
#  1  1  2  2  3  2  2  2
#  1  1  2  6  7  6  2  1
#  1  1  2  5  7  9  3  2
#  0  2  2  2  6  6  2  1
#  1  0  1  2  2  2  2  1
#  0  1  2  1  2  1  0  0
