# TS_TEXT=2019-08-27-14:05:10
# TS_SECS=1566911110.67
# HOST=fore-node
# PERCENTILE_10=14.5
# PERCENTILE_90=18.7
# MIN_PIXEL=14.0
# MEDIAN_PIXEL=15.0
# MAX_PIXEL=22.8

# IMAGE
14.0 14.5 14.5 14.2 15.0 14.5 14.2 14.5 
15.0 15.0 15.0 15.2 14.8 15.8 14.5 14.0 
14.5 14.8 15.5 16.2 16.2 15.2 14.8 14.5 
14.5 15.2 15.2 19.0 20.2 18.5 15.5 14.8 
14.8 14.8 15.0 18.8 20.8 22.8 17.2 15.8 
15.0 15.2 15.5 16.0 19.8 20.5 15.8 15.5 
14.2 14.5 15.0 15.0 15.5 15.2 15.0 15.0 
15.0 14.5 14.8 14.5 14.8 14.2 15.0 14.5 


# DIFF
#  0  0  0  0  1  0  0  0
#  1  1  1  1  1  2  0  0
#  0  1  2  2  2  1  1  0
#  0  1  1  5  6  4  2  1
#  1  1  1  5  7  9  3  2
#  1  1  2  2  6  6  2  2
#  0  0  1  1  2  1  1  1
#  1  0  1  0  1  0  1  0
