# TS_TEXT=2019-08-27-14:04:37
# TS_SECS=1566911077.45
# HOST=fore-node
# PERCENTILE_10=14.8
# PERCENTILE_90=19.1
# MIN_PIXEL=14.2
# MEDIAN_PIXEL=15.8
# MAX_PIXEL=22.8

# IMAGE
14.2 14.8 15.5 14.8 15.8 14.8 15.0 15.2 
15.0 15.8 15.8 15.5 15.5 15.5 15.5 14.8 
14.8 15.0 16.2 16.2 16.2 15.8 16.0 15.8 
15.0 15.8 16.5 20.0 19.5 18.0 16.0 15.2 
15.5 15.8 16.0 20.0 21.8 22.8 17.0 16.0 
15.0 15.8 16.0 17.0 21.0 21.5 16.8 15.2 
14.8 15.2 15.8 15.8 16.5 16.2 16.0 15.8 
14.8 15.2 15.2 15.2 15.8 15.0 15.2 14.5 


# DIFF
#  0  0  1  0  2  0  1  1
#  1  2  2  1  1  1  1  0
#  0  1  2  2  2  2  2  2
#  1  2  2  6  5  4  2  1
#  1  2  2  6  8  8  3  2
#  1  2  2  3  7  7  2  1
#  0  1  2  2  2  2  2  2
#  0  1  1  1  2  1  1  0
