# TS_TEXT=2019-08-27-14:04:56
# TS_SECS=1566911096.58
# HOST=fore-node
# PERCENTILE_10=14.2
# PERCENTILE_90=17.7
# MIN_PIXEL=13.8
# MEDIAN_PIXEL=14.9
# MAX_PIXEL=22.0

# IMAGE
14.2 14.2 14.2 14.2 15.0 14.2 14.2 13.8 
14.5 15.0 14.8 14.8 15.0 15.0 14.5 14.2 
14.8 14.5 14.8 15.8 16.0 15.0 15.0 15.0 
14.8 14.5 15.0 18.8 20.2 17.8 15.8 14.2 
14.8 14.8 15.0 17.5 21.2 22.0 16.8 15.2 
14.0 14.8 15.0 15.5 19.8 20.0 16.2 15.0 
14.5 14.2 14.5 15.2 15.0 15.2 14.5 14.2 
15.2 15.0 14.8 14.2 15.0 14.0 14.2 14.2 


# DIFF
#  0  0  0  0  1  0  0  0
#  1  1  1  1  1  1  1  0
#  1  1  1  2  2  1  1  1
#  1  1  1  5  6  4  2  0
#  1  1  1  4  8  8  3  2
#  0  1  1  2  6  6  2  1
#  1  0  1  2  1  2  1  0
#  2  1  1  0  1  0  0  0
