# TS_TEXT=2019-08-27-14:05:46
# TS_SECS=1566911146.89
# HOST=fore-node
# PERCENTILE_10=15.1
# PERCENTILE_90=19.9
# MIN_PIXEL=14.8
# MEDIAN_PIXEL=16.0
# MAX_PIXEL=23.2

# IMAGE
14.8 15.0 15.2 15.5 16.5 15.2 15.2 15.5 
15.2 15.5 16.0 16.2 16.0 16.0 15.5 15.0 
16.0 15.2 16.8 16.5 16.8 16.2 15.8 16.0 
15.0 15.8 16.2 20.0 21.2 20.0 16.8 15.8 
15.8 15.8 15.8 19.5 22.0 23.2 18.0 17.0 
15.0 16.2 16.8 17.5 21.8 21.8 17.2 15.8 
15.5 15.2 15.8 16.0 16.5 16.8 16.5 16.2 
14.8 15.0 15.5 15.2 16.0 16.0 16.0 15.5 


# DIFF
#  0  0  0  1  2  0  0  1
#  0  1  1  2  1  1  1  0
#  1  0  2  2  2  2  1  1
#  0  1  2  5  6  5  2  1
#  1  1  1  5  7  8  3  2
#  0  2  2  3  7  7  2  1
#  1  0  1  1  2  2  2  2
#  0  0  1  0  1  1  1  1
