# TS_TEXT=2019-08-27-14:04:14
# TS_SECS=1566911054.28
# HOST=fore-node
# PERCENTILE_10=14.0
# PERCENTILE_90=18.7
# MIN_PIXEL=13.8
# MEDIAN_PIXEL=14.6
# MAX_PIXEL=21.5

# IMAGE
14.5 14.0 15.2 14.8 15.2 15.2 15.0 15.2 
14.0 14.0 15.0 14.2 14.8 14.0 14.2 14.5 
14.2 14.2 13.8 14.2 14.0 14.8 14.0 14.2 
14.2 14.2 14.5 14.5 15.0 14.8 14.8 14.5 
14.2 14.2 14.5 15.0 14.8 15.2 14.5 14.5 
14.5 14.2 15.0 15.2 19.5 19.5 17.2 15.0 
14.5 14.2 14.2 14.8 19.2 20.2 21.5 16.2 
14.0 14.5 14.8 15.0 16.0 20.0 21.2 15.8 


# DIFF
#  1  0  2  1  2  2  1  2
#  0  0  1  0  1  0  0  1
#  0  0  0  0  0  1  0  0
#  0  0  1  1  1  1  1  1
#  0  0  1  1  1  2  1  1
#  1  0  1  2  6  6  4  1
#  1  0  0  1  6  6  8  2
#  0  1  1  1  2  6  8  2
