# TS_TEXT=2019-08-27-14:04:08
# TS_SECS=1566911048.26
# HOST=fore-node
# PERCENTILE_10=14.5
# PERCENTILE_90=19.1
# MIN_PIXEL=14.0
# MEDIAN_PIXEL=15.2
# MAX_PIXEL=22.0

# IMAGE
14.0 14.5 15.2 14.8 15.5 14.8 14.8 14.5 
15.5 15.2 14.8 15.5 15.0 15.0 15.0 14.2 
14.5 14.8 15.8 15.8 16.0 15.2 15.5 15.2 
15.0 15.2 15.8 20.0 20.2 18.2 15.8 15.2 
15.0 15.2 15.0 19.5 21.0 22.0 17.5 15.8 
14.5 15.5 15.8 16.2 20.5 21.5 16.5 15.2 
14.5 14.2 15.0 15.5 16.8 15.8 15.5 15.2 
15.0 14.8 14.8 15.5 15.8 15.5 14.8 14.8 


# DIFF
#  0  0  1  1  2  1  1  0
#  2  1  1  2  1  1  1  0
#  0  1  2  2  2  1  2  1
#  1  1  2  6  6  4  2  1
#  1  1  1  6  7  8  4  2
#  0  2  2  2  6  8  2  1
#  0  0  1  2  3  2  2  1
#  1  1  1  2  2  2  1  1
