# TS_TEXT=2019-08-27-14:06:22
# TS_SECS=1566911182.10
# HOST=fore-node
# PERCENTILE_10=15.2
# PERCENTILE_90=19.9
# MIN_PIXEL=15.0
# MEDIAN_PIXEL=16.2
# MAX_PIXEL=23.2

# IMAGE
15.0 15.8 16.0 15.5 16.0 15.5 15.8 15.2 
15.5 16.0 16.2 16.8 16.8 15.8 16.2 15.2 
15.2 16.0 16.8 17.5 17.2 16.5 16.8 16.0 
15.8 16.2 16.0 20.5 21.5 20.0 16.8 16.0 
16.2 16.2 16.2 19.5 21.8 23.2 17.5 16.2 
15.2 16.2 17.0 17.0 21.0 22.2 17.5 16.0 
15.2 15.2 16.2 16.2 17.0 16.5 16.2 15.8 
15.5 16.5 16.0 15.2 16.2 15.8 15.5 15.0 


# DIFF
#  0  1  1  0  1  0  1  0
#  0  1  1  2  2  1  1  0
#  0  1  2  2  2  2  2  1
#  1  1  1  6  6  5  2  1
#  1  1  1  4  7  8  2  1
#  0  1  2  2  6  7  2  1
#  0  0  1  1  2  2  1  1
#  0  2  1  0  1  1  0  0
