# TS_TEXT=2019-08-27-14:06:02
# TS_SECS=1566911162.02
# HOST=fore-node
# PERCENTILE_10=14.8
# PERCENTILE_90=19.2
# MIN_PIXEL=14.5
# MEDIAN_PIXEL=15.5
# MAX_PIXEL=22.5

# IMAGE
15.0 15.5 14.5 14.8 15.2 14.5 14.8 14.8 
15.2 14.8 15.2 15.8 15.2 15.8 15.2 14.8 
14.8 15.2 15.8 16.2 16.2 15.5 15.2 16.0 
15.0 15.5 16.2 19.5 20.8 19.5 16.2 15.0 
14.8 15.5 15.5 18.5 21.8 22.5 17.2 15.8 
14.5 15.5 16.0 16.2 20.5 21.0 16.5 15.5 
15.0 14.8 15.5 15.2 16.2 15.8 15.5 15.8 
15.8 15.2 15.2 15.5 15.5 15.0 14.5 15.0 


# DIFF
#  0  1  0  0  1  0  0  0
#  1  0  1  1  1  1  1  0
#  0  1  1  2  2  1  1  2
#  0  1  2  5  6  5  2  0
#  0  1  1  4  7  8  3  1
#  0  1  2  2  6  6  2  1
#  0  0  1  1  2  1  1  1
#  1  1  1  1  1  0  0  0
