# TS_TEXT=2019-08-27-14:04:59
# TS_SECS=1566911099.59
# HOST=fore-node
# PERCENTILE_10=14.2
# PERCENTILE_90=17.6
# MIN_PIXEL=13.8
# MEDIAN_PIXEL=14.8
# MAX_PIXEL=22.0

# IMAGE
14.0 14.0 14.8 14.2 14.8 14.5 14.5 14.0 
14.5 14.5 14.2 15.0 15.2 14.8 14.5 14.0 
13.8 14.5 15.0 15.8 16.2 14.8 15.0 15.2 
14.5 14.8 15.2 19.2 20.2 17.8 15.8 14.8 
14.8 15.0 14.8 17.2 21.0 22.0 16.8 15.8 
13.8 15.0 15.2 15.5 19.5 19.8 16.5 15.0 
14.2 14.2 15.0 15.0 15.5 15.2 14.8 15.0 
14.5 14.8 14.2 14.2 14.8 14.5 14.5 14.2 


# DIFF
#  0  0  1  0  1  1  1  0
#  1  1  0  1  2  1  1  0
#  0  1  1  2  2  1  1  2
#  1  1  2  6  6  4  2  1
#  1  1  1  4  7  8  3  2
#  0  1  2  2  6  6  3  1
#  0  0  1  1  2  2  1  1
#  1  1  0  0  1  1  1  0
