# TS_TEXT=2019-08-27-14:05:15
# TS_SECS=1566911115.69
# HOST=fore-node
# PERCENTILE_10=14.5
# PERCENTILE_90=18.8
# MIN_PIXEL=13.5
# MEDIAN_PIXEL=15.2
# MAX_PIXEL=22.2

# IMAGE
13.5 15.0 14.5 15.0 15.2 14.0 14.2 14.5 
15.5 14.8 15.0 15.5 15.0 15.8 15.2 14.5 
14.8 14.8 15.5 16.2 15.8 15.2 15.5 15.0 
14.5 14.8 15.2 19.5 20.0 18.2 15.8 14.8 
15.2 14.5 15.5 19.0 21.0 22.2 17.2 15.8 
14.5 15.0 15.8 15.8 20.2 20.8 16.5 15.0 
14.8 14.2 15.2 15.5 16.0 15.5 15.2 15.8 
14.5 14.8 15.2 15.0 15.2 14.8 14.2 14.5 


# DIFF
#  0  2  1  2  2  0  1  1
#  2  1  2  2  2  2  2  1
#  1  1  2  3  2  2  2  2
#  1  1  2  6  6  5  2  1
#  2  1  2  6  8  9  4  2
#  1  2  2  2  7  7  3  2
#  1  1  2  2  2  2  2  2
#  1  1  2  2  2  1  1  1
