# TS_TEXT=2019-08-27-14:10:16
# TS_SECS=1566911416.58
# HOST=fore-node
# PERCENTILE_10=15.5
# PERCENTILE_90=18.8
# MIN_PIXEL=15.0
# MEDIAN_PIXEL=16.2
# MAX_PIXEL=23.8

# IMAGE
15.2 16.2 15.5 16.2 15.8 15.8 15.5 15.5 
16.2 15.8 16.5 16.8 16.5 16.2 15.8 15.2 
16.0 16.2 17.0 18.8 18.0 16.2 16.0 15.8 
16.0 17.0 20.2 22.0 20.8 17.0 16.2 15.8 
16.0 17.2 20.8 23.8 19.8 16.2 16.5 16.0 
15.8 16.5 17.0 18.8 17.2 16.5 15.8 15.5 
16.0 15.8 16.8 16.5 17.0 15.8 15.8 16.0 
16.2 15.8 16.0 16.2 16.2 15.0 15.5 15.2 


# DIFF
#  0  1  0  1  1  1  0  0
#  1  1  2  2  2  1  1  0
#  1  1  2  4  3  1  1  1
#  1  2  5  7  6  2  1  1
#  1  2  6  9  5  1  2  1
#  1  2  2  4  2  2  1  0
#  1  1  2  2  2  1  1  1
#  1  1  1  1  1  0  0  0
