# TS_TEXT=2019-08-27-14:11:12
# TS_SECS=1566911472.99
# HOST=fore-node
# PERCENTILE_10=14.2
# PERCENTILE_90=17.3
# MIN_PIXEL=13.8
# MEDIAN_PIXEL=15.0
# MAX_PIXEL=22.5

# IMAGE
14.2 14.8 15.2 14.5 15.8 14.0 14.2 14.8 
15.0 15.0 14.8 15.5 15.5 15.2 14.8 14.5 
14.2 15.0 16.2 16.5 17.5 15.2 14.8 15.0 
15.2 15.5 19.0 21.2 20.5 15.8 15.2 14.2 
15.2 15.2 19.0 22.5 19.0 15.5 14.8 14.5 
14.8 15.2 16.0 16.8 15.5 14.8 14.5 14.5 
14.8 14.5 15.2 15.2 15.0 15.0 14.8 14.0 
15.5 14.0 15.0 14.8 15.0 13.8 14.0 14.0 


# DIFF
#  0  1  2  1  2  0  0  1
#  1  1  1  2  2  2  1  1
#  0  1  2  3  4  2  1  1
#  2  2  5  8  7  2  2  0
#  2  2  5  9  5  2  1  1
#  1  2  2  3  2  1  1  1
#  1  1  2  2  1  1  1  0
#  2  0  1  1  1  0  0  0
