# TS_TEXT=2019-08-27-14:09:39
# TS_SECS=1566911379.31
# HOST=fore-node
# PERCENTILE_10=14.8
# PERCENTILE_90=17.7
# MIN_PIXEL=14.0
# MEDIAN_PIXEL=15.5
# MAX_PIXEL=22.8

# IMAGE
15.0 15.8 15.5 15.5 15.8 15.5 15.2 14.8 
16.0 15.5 15.5 15.8 15.5 15.8 15.5 14.0 
15.5 15.5 16.2 16.5 17.5 15.5 15.5 14.8 
15.8 16.2 19.8 22.0 20.2 16.2 15.5 15.0 
16.0 15.8 19.5 22.8 18.5 15.8 15.8 15.2 
15.2 16.5 16.2 17.8 16.2 16.0 15.0 14.8 
15.0 15.0 16.0 16.2 15.8 15.5 14.8 15.2 
15.2 15.5 15.8 15.2 15.2 14.5 14.5 14.2 


# DIFF
#  1  2  2  2  2  2  1  1
#  2  2  2  2  2  2  2  0
#  2  2  2  2  4  2  2  1
#  2  2  6  8  6  2  2  1
#  2  2  6  9  4  2  2  1
#  1  2  2  4  2  2  1  1
#  1  1  2  2  2  2  1  1
#  1  2  2  1  1  0  0  0
