# TS_TEXT=2019-08-27-14:10:37
# TS_SECS=1566911437.75
# HOST=fore-node
# PERCENTILE_10=15.1
# PERCENTILE_90=18.0
# MIN_PIXEL=14.5
# MEDIAN_PIXEL=15.8
# MAX_PIXEL=24.0

# IMAGE
15.0 16.0 15.8 15.0 16.5 14.8 14.8 14.5 
15.8 15.8 16.0 16.5 16.0 16.2 15.8 15.2 
15.8 15.8 17.0 17.0 18.0 16.2 15.5 15.5 
15.8 16.2 19.8 22.0 20.8 16.5 15.8 15.2 
16.2 16.5 19.5 24.0 19.8 16.2 15.8 16.0 
15.2 16.5 17.0 18.0 17.0 16.0 15.8 15.8 
15.5 15.2 15.8 16.2 16.0 15.8 15.0 15.2 
15.2 15.2 15.2 15.5 15.5 15.0 15.2 15.2 


# DIFF
#  0  2  1  0  2  0  0  0
#  1  1  2  2  2  2  1  1
#  1  1  2  2  4  2  1  1
#  1  2  5  8  6  2  1  1
#  2  2  5 10  5  2  1  2
#  1  2  2  4  2  2  1  1
#  1  1  1  2  2  1  0  1
#  1  1  1  1  1  0  1  1
