# TS_TEXT=2019-08-18-22:09:17
# TS_SECS=1566162557.62
# HOST=port-node
# PERCENTILE_10=13.6
# PERCENTILE_90=15.2
# MIN_PIXEL=13.0
# MEDIAN_PIXEL=14.5
# MAX_PIXEL=17.2

# IMAGE
14.2 14.5 13.0 13.0 13.2 14.8 13.8 14.5 
14.0 14.0 13.5 13.5 14.5 14.0 13.8 14.8 
13.2 14.8 14.2 14.8 14.2 14.0 15.0 15.5 
13.8 14.8 14.2 14.5 14.2 14.8 14.8 17.2 
13.5 14.0 14.5 14.2 14.5 15.0 15.2 15.0 
14.5 14.8 14.8 14.0 14.5 14.8 14.8 15.2 
14.8 14.2 14.5 14.8 14.8 15.2 14.5 14.8 
15.5 14.5 14.8 14.5 15.2 15.2 15.2 13.8 


# DIFF
#  1  2  0  0  0  2  1  2
#  1  1  0  0  2  1  1  2
#  0  2  1  2  1  1  2  2
#  1  2  1  2  1  2  2  4
#  0  1  2  1  2  2  2  2
#  2  2  2  1  2  2  2  2
#  2  1  2  2  2  2  2  2
#  2  2  2  2  2  2  2  1
