# TS_TEXT=2019-08-18-22:09:39
# TS_SECS=1566162579.85
# HOST=port-node
# PERCENTILE_10=13.2
# PERCENTILE_90=14.9
# MIN_PIXEL=0.0
# MEDIAN_PIXEL=14.0
# MAX_PIXEL=16.8

# IMAGE
13.5 13.2 13.2 14.2 13.5 13.5 13.0 13.2 
13.0 13.8 14.0 14.0 13.8 13.5 13.2 13.5 
13.5 13.8 14.2 14.0 14.0 14.5 14.2 14.2 
13.2 13.8 14.0 14.2 13.8 14.5 14.8 15.0 
14.8 14.5 14.0 14.2 14.0 14.0 14.2 16.0 
16.8 13.2 14.5 14.8 14.0 14.0 14.2 15.5 
15.5 14.5 14.2 14.5 14.8 14.5 14.0 15.2 
0.0 13.8 13.8 12.8 12.8 13.8 13.0 15.0 


# DIFF
# 14 13 13 14 14 14 13 13
# 13 14 14 14 14 14 13 14
# 14 14 14 14 14 14 14 14
# 13 14 14 14 14 14 15 15
# 15 14 14 14 14 14 14 16
# 17 13 14 15 14 14 14 16
# 16 14 14 14 15 14 14 15
#  0 14 14 13 13 14 13 15
