# TS_TEXT=2019-08-18-22:09:26
# TS_SECS=1566162566.72
# HOST=port-node
# PERCENTILE_10=13.8
# PERCENTILE_90=17.1
# MIN_PIXEL=13.5
# MEDIAN_PIXEL=14.5
# MAX_PIXEL=21.0

# IMAGE
14.0 14.2 14.5 13.8 14.2 14.2 14.0 14.5 
13.8 14.2 14.8 14.0 14.8 14.5 14.8 14.8 
13.8 14.2 15.0 14.5 14.5 15.5 15.5 16.5 
13.8 14.8 15.0 15.0 15.5 17.8 19.5 18.5 
14.2 14.2 14.8 13.8 15.5 20.2 21.0 18.5 
14.5 14.2 14.5 15.0 15.2 17.2 16.8 16.2 
14.5 14.5 15.0 15.0 15.8 15.2 15.2 16.2 
14.0 14.2 14.0 14.0 13.8 13.5 14.0 13.8 


# DIFF
#  0  1  1  0  1  1  0  1
#  0  1  1  0  1  1  1  1
#  0  1  2  1  1  2  2  3
#  0  1  2  2  2  4  6  5
#  1  1  1  0  2  7  8  5
#  1  1  1  2  2  4  3  3
#  1  1  2  2  2  2  2  3
#  0  1  0  0  0  0  0  0
