# TS_TEXT=2019-08-18-22:09:24
# TS_SECS=1566162564.70
# HOST=port-node
# PERCENTILE_10=13.5
# PERCENTILE_90=16.7
# MIN_PIXEL=0.0
# MEDIAN_PIXEL=14.4
# MAX_PIXEL=21.2

# IMAGE
14.0 14.2 14.2 14.0 14.0 14.5 13.8 14.0 
13.2 13.8 13.5 14.2 14.8 14.0 15.0 14.2 
14.0 14.2 14.0 14.2 14.5 15.2 15.8 15.5 
14.0 14.5 14.5 14.0 14.8 17.5 19.2 16.0 
15.0 14.2 14.8 14.0 15.2 19.8 21.2 18.5 
14.0 13.5 14.0 15.2 15.0 16.5 16.8 19.0 
13.2 14.0 15.0 14.2 15.2 15.2 15.5 16.5 
0.0 14.0 14.5 13.5 13.5 13.5 14.5 15.8 


# DIFF
# 14 14 14 14 14 14 14 14
# 13 14 14 14 15 14 15 14
# 14 14 14 14 14 15 16 16
# 14 14 14 14 15 18 19 16
# 15 14 15 14 15 20 21 18
# 14 14 14 15 15 16 17 19
# 13 14 15 14 15 15 16 16
#  0 14 14 14 14 14 14 16
