# TS_TEXT=2019-08-18-22:45:53
# TS_SECS=1566164753.24
# HOST=aft-node
# PERCENTILE_10=13.8
# PERCENTILE_90=14.7
# MIN_PIXEL=0.0
# MEDIAN_PIXEL=14.0
# MAX_PIXEL=17.8

# IMAGE
14.5 13.8 14.2 14.8 15.5 15.8 14.0 14.0 
14.5 14.0 14.0 14.2 14.2 14.2 13.8 14.0 
13.8 14.5 14.5 14.5 14.0 14.2 14.0 14.0 
14.0 14.0 14.0 13.8 14.2 13.2 14.0 13.5 
14.0 13.8 14.5 13.8 13.8 14.0 13.8 13.8 
14.5 14.0 13.8 13.5 13.8 14.0 13.5 13.8 
14.0 14.0 14.8 14.0 13.2 14.5 14.0 14.5 
0.0 14.0 13.8 14.2 14.0 16.2 17.8 15.8 


# DIFF
# 14 14 14 15 16 16 14 14
# 14 14 14 14 14 14 14 14
# 14 14 14 14 14 14 14 14
# 14 14 14 14 14 13 14 14
# 14 14 14 14 14 14 14 14
# 14 14 14 14 14 14 14 14
# 14 14 15 14 13 14 14 14
#  0 14 14 14 14 16 18 16
