# TS_TEXT=2019-08-25-11:32:33
# TS_SECS=1566729153.36
# HOST=aft-node
# PERCENTILE_10=15.5
# PERCENTILE_90=16.8
# MIN_PIXEL=0.0
# MEDIAN_PIXEL=16.0
# MAX_PIXEL=20.5

# IMAGE
16.0 16.2 16.0 17.2 19.5 18.0 16.2 16.0 
16.2 16.5 15.8 16.8 20.5 17.8 15.8 15.8 
15.8 16.0 16.5 16.5 17.2 16.5 16.2 15.8 
16.5 16.2 16.2 15.5 15.8 16.2 15.2 16.0 
15.8 16.0 16.2 15.8 16.0 15.8 15.5 15.0 
16.0 15.5 15.8 15.5 16.0 16.0 15.8 15.2 
15.8 16.2 16.2 16.5 16.5 16.8 15.5 15.0 
0.0 15.5 16.0 16.2 16.0 16.0 16.0 15.5 


# DIFF
# 16 16 16 17 20 18 16 16
# 16 16 16 17 20 18 16 16
# 16 16 16 16 17 16 16 16
# 16 16 16 16 16 16 15 16
# 16 16 16 16 16 16 16 15
# 16 16 16 16 16 16 16 15
# 16 16 16 16 16 17 16 15
#  0 16 16 16 16 16 16 16
