# TS_TEXT=2019-08-25-11:32:48
# TS_SECS=1566729168.54
# HOST=aft-node
# PERCENTILE_10=15.0
# PERCENTILE_90=16.0
# MIN_PIXEL=0.0
# MEDIAN_PIXEL=15.4
# MAX_PIXEL=19.2

# IMAGE
15.2 15.5 15.5 16.5 19.2 18.2 16.0 15.0 
15.8 15.5 15.5 15.8 16.5 15.8 15.0 15.0 
15.8 15.5 15.5 16.0 15.5 15.5 15.2 15.2 
15.5 15.5 15.2 15.0 15.2 15.0 15.8 14.8 
15.2 15.2 15.2 15.2 15.0 15.0 15.0 15.2 
15.0 15.5 14.8 14.5 15.5 16.0 15.2 14.5 
15.0 15.2 15.5 15.2 15.5 16.0 15.0 14.5 
0.0 15.5 15.2 15.8 15.8 18.2 17.2 15.2 


# DIFF
# 15 16 16 16 19 18 16 15
# 16 16 16 16 16 16 15 15
# 16 16 16 16 16 16 15 15
# 16 16 15 15 15 15 16 15
# 15 15 15 15 15 15 15 15
# 15 16 15 14 16 16 15 14
# 15 15 16 15 16 16 15 14
#  0 16 15 16 16 18 17 15
