# TS_TEXT=2019-08-19-08:21:57
# TS_SECS=1566199317.55
# HOST=fore-node
# PERCENTILE_10=13.3
# PERCENTILE_90=16.8
# MIN_PIXEL=13.2
# MEDIAN_PIXEL=14.0
# MAX_PIXEL=19.5

# IMAGE
14.5 16.8 16.8 15.5 14.0 13.5 13.2 13.5 
15.0 17.8 19.5 16.8 14.0 13.5 14.0 13.2 
13.2 14.0 13.5 13.2 13.5 13.5 13.8 14.0 
14.2 14.0 13.5 14.0 13.2 14.0 14.0 13.2 
13.8 14.5 13.5 13.8 14.0 14.2 14.0 14.0 
14.0 13.8 14.0 14.0 13.2 14.8 14.0 14.0 
14.2 14.0 14.2 14.0 14.0 16.8 16.8 15.5 
14.0 15.0 14.8 14.0 14.0 17.8 19.5 16.8 


# DIFF
#  1  4  4  2  1  0  0  0
#  2  4  6  4  1  0  1  0
#  0  1  0  0  0  0  0  1
#  1  1  0  1  0  1  1  0
#  0  1  0  0  1  1  1  1
#  1  0  1  1  0  2  1  1
#  1  1  1  1  1  4  4  2
#  1  2  2  1  1  4  6  4
