# TS_TEXT=2019-08-25-12:39:09
# TS_SECS=1566733149.87
# HOST=aft-node
# PERCENTILE_10=15.0
# PERCENTILE_90=16.7
# MIN_PIXEL=14.2
# MEDIAN_PIXEL=15.5
# MAX_PIXEL=19.0

# IMAGE
15.0 15.5 15.8 15.2 16.2 15.5 15.2 14.5 
15.8 15.5 15.8 16.5 18.2 17.5 15.2 15.2 
15.8 16.2 15.8 17.0 19.0 18.5 15.8 15.0 
15.5 16.0 15.2 16.2 17.8 16.8 15.8 15.2 
15.5 15.2 15.8 15.5 15.5 15.0 15.5 15.5 
15.5 15.5 15.5 15.2 15.5 15.2 15.5 15.0 
15.5 15.0 15.0 14.8 15.5 15.5 15.2 14.2 
15.2 15.5 15.0 14.8 15.0 15.0 14.8 15.2 


# DIFF
#  1  1  2  1  2  1  1  0
#  2  1  2  2  4  3  1  1
#  2  2  2  3  5  4  2  1
#  1  2  1  2  4  2  2  1
#  1  1  2  1  1  1  1  1
#  1  1  1  1  1  1  1  1
#  1  1  1  0  1  1  1  0
#  1  1  1  0  1  1  0  1
