# TS_TEXT=2019-08-18-22:30:59
# TS_SECS=1566163859.56
# HOST=centre-node
# PERCENTILE_10=14.2
# PERCENTILE_90=16.7
# MIN_PIXEL=13.8
# MEDIAN_PIXEL=15.0
# MAX_PIXEL=20.8

# IMAGE
14.5 14.0 15.0 15.0 14.8 14.5 14.0 14.5 
14.0 15.0 15.2 17.2 15.0 14.5 14.5 14.2 
14.0 14.5 16.5 20.8 17.5 14.5 14.5 13.8 
15.0 15.0 16.5 20.0 18.0 14.2 15.0 14.2 
14.2 14.8 15.8 17.2 16.8 15.0 14.2 14.8 
15.0 15.2 15.5 15.8 15.0 14.8 14.5 14.8 
15.8 14.5 15.2 15.2 14.8 14.5 14.5 14.8 
14.8 15.2 15.2 15.0 15.2 14.5 15.0 15.0 


# DIFF
#  1  0  1  1  1  1  0  1
#  0  1  2  4  1  1  1  0
#  0  1  3  7  4  1  1  0
#  1  1  3  6  4  0  1  0
#  0  1  2  4  3  1  0  1
#  1  2  2  2  1  1  1  1
#  2  1  2  2  1  1  1  1
#  1  2  2  1  2  1  1  1
