# TS_TEXT=2019-08-27-14:00:53
# TS_SECS=1566910853.87
# HOST=centre-node
# PERCENTILE_10=15.2
# PERCENTILE_90=19.1
# MIN_PIXEL=15.0
# MEDIAN_PIXEL=15.8
# MAX_PIXEL=22.8

# IMAGE
15.5 15.2 15.0 15.8 15.5 15.0 15.0 15.8 
15.5 15.5 15.2 16.0 15.5 15.5 15.0 15.2 
15.2 15.8 16.2 16.0 16.2 15.2 15.8 15.0 
16.0 16.5 17.0 18.8 16.5 15.8 15.8 15.0 
15.8 16.8 19.8 22.2 17.8 15.8 15.2 15.8 
16.2 17.2 21.8 22.8 19.2 15.8 15.8 15.5 
16.2 17.0 20.0 22.8 18.0 16.0 15.5 15.5 
15.8 17.0 17.0 17.0 16.2 15.8 16.0 15.8 


# DIFF
#  0  0  0  1  0  0  0  1
#  0  0  0  1  0  0  0  0
#  0  1  1  1  1  0  1  0
#  1  2  2  4  2  1  1  0
#  1  2  5  7  3  1  0  1
#  1  2  7  8  4  1  1  0
#  1  2  5  8  3  1  0  0
#  1  2  2  2  1  1  1  1
