# TS_TEXT=2019-08-27-14:01:26
# TS_SECS=1566910886.03
# HOST=centre-node
# PERCENTILE_10=15.5
# PERCENTILE_90=19.5
# MIN_PIXEL=15.0
# MEDIAN_PIXEL=16.2
# MAX_PIXEL=23.8

# IMAGE
15.8 15.2 15.5 15.8 15.2 15.8 15.5 15.5 
15.5 15.8 15.8 16.5 16.0 16.2 15.2 15.0 
16.0 16.2 16.8 16.8 16.5 15.8 16.2 15.2 
16.0 16.8 17.5 19.5 17.2 16.2 16.2 15.8 
16.0 16.8 20.2 23.0 17.5 16.2 15.5 15.8 
16.5 17.5 22.2 23.0 19.5 16.5 16.5 15.8 
17.2 17.0 22.8 23.8 18.8 16.2 16.2 15.8 
16.5 17.0 18.5 19.0 17.0 17.0 16.5 15.8 


# DIFF
#  1  0  0  1  0  1  0  0
#  0  1  1  2  1  1  0  0
#  1  1  2  2  2  1  1  0
#  1  2  2  4  2  1  1  1
#  1  2  5  8  2  1  0  1
#  2  2  7  8  4  2  2  1
#  2  2  8  9  4  1  1  1
#  2  2  4  4  2  2  2  1
