# TS_TEXT=2019-08-27-14:01:44
# TS_SECS=1566910904.10
# HOST=centre-node
# PERCENTILE_10=15.0
# PERCENTILE_90=18.5
# MIN_PIXEL=13.8
# MEDIAN_PIXEL=15.8
# MAX_PIXEL=23.5

# IMAGE
15.8 15.0 15.0 15.2 15.2 14.8 14.2 14.5 
15.8 15.5 15.5 15.5 15.5 15.5 15.0 14.5 
15.2 15.2 16.0 15.8 15.8 15.5 15.5 13.8 
16.0 16.2 16.5 18.5 17.0 15.5 15.5 15.0 
15.5 16.2 18.5 22.2 18.0 15.8 15.2 15.2 
15.8 16.5 20.5 22.8 20.0 16.0 15.2 15.8 
16.8 16.5 21.2 23.5 18.2 16.2 15.2 15.0 
15.5 16.2 17.8 18.0 16.5 16.2 16.2 15.5 


# DIFF
#  2  1  1  2  2  1  0  1
#  2  2  2  2  2  2  1  1
#  2  2  2  2  2  2  2  0
#  2  2  3  5  3  2  2  1
#  2  2  5  8  4  2  2  2
#  2  3  7  9  6  2  2  2
#  3  3  8 10  4  2  2  1
#  2  2  4  4  3  2  2  2
