# TS_TEXT=2019-08-27-14:02:25
# TS_SECS=1566910945.28
# HOST=centre-node
# PERCENTILE_10=14.8
# PERCENTILE_90=18.8
# MIN_PIXEL=14.2
# MEDIAN_PIXEL=15.2
# MAX_PIXEL=22.5

# IMAGE
15.0 14.8 14.8 15.2 14.5 14.8 14.5 14.8 
14.8 15.2 15.2 15.2 14.5 15.0 14.8 14.2 
15.5 15.0 15.2 15.2 15.5 15.2 15.2 14.2 
15.5 16.5 17.2 17.2 15.0 14.8 15.2 14.5 
15.5 16.2 20.2 21.0 17.5 15.8 14.8 15.2 
16.0 17.2 21.0 22.2 19.2 15.5 15.2 15.5 
16.5 16.2 22.5 22.2 17.2 15.2 15.2 14.8 
15.8 16.8 17.8 17.2 16.5 15.2 15.8 15.2 


# DIFF
#  1  0  0  1  0  0  0  0
#  0  1  1  1  0  1  0  0
#  1  1  1  1  1  1  1  0
#  1  2  3  3  1  0  1  0
#  1  2  6  7  3  2  0  1
#  2  3  7  8  5  1  1  1
#  2  2  8  8  3  1  1  0
#  2  2  4  3  2  1  2  1
