# TS_TEXT=2019-08-27-14:01:37
# TS_SECS=1566910897.07
# HOST=centre-node
# PERCENTILE_10=15.2
# PERCENTILE_90=19.0
# MIN_PIXEL=15.0
# MEDIAN_PIXEL=16.1
# MAX_PIXEL=23.8

# IMAGE
15.8 15.5 16.0 15.2 15.2 15.2 15.0 15.2 
15.8 16.2 15.5 16.2 16.0 15.8 15.2 15.2 
16.0 15.8 15.8 16.2 16.5 15.5 15.8 15.2 
16.5 16.2 17.0 19.0 16.8 16.0 15.5 15.0 
16.2 17.0 19.0 22.2 17.5 16.0 16.0 15.2 
16.5 17.2 21.8 23.0 19.0 16.0 15.5 15.5 
16.5 17.0 22.5 23.8 18.2 16.2 15.8 15.0 
16.5 17.5 18.2 18.5 17.0 16.2 16.2 16.0 


# DIFF
#  1  0  1  0  0  0  0  0
#  1  1  0  1  1  1  0  0
#  1  1  1  1  2  0  1  0
#  2  1  2  4  2  1  0  0
#  1  2  4  7  2  1  1  0
#  2  2  7  8  4  1  0  0
#  2  2  8  9  3  1  1  0
#  2  2  3  4  2  1  1  1
