# TS_TEXT=2019-08-27-14:01:52
# TS_SECS=1566910912.13
# HOST=centre-node
# PERCENTILE_10=14.5
# PERCENTILE_90=18.2
# MIN_PIXEL=14.2
# MEDIAN_PIXEL=15.2
# MAX_PIXEL=23.2

# IMAGE
14.2 14.2 14.5 14.5 14.8 14.5 14.5 15.0 
15.2 14.2 15.2 15.5 15.0 14.8 15.2 14.2 
15.0 15.0 15.5 15.2 15.8 14.5 14.8 14.5 
15.5 15.5 15.8 18.0 16.0 15.0 15.0 14.5 
15.5 16.2 18.2 21.5 16.8 15.5 14.8 15.2 
15.8 16.0 20.8 22.2 19.2 15.2 15.0 15.0 
16.0 15.8 20.8 23.2 18.2 15.5 15.2 14.5 
15.0 16.2 17.8 18.0 16.2 15.2 15.0 15.5 


# DIFF
#  0  0  0  0  0  0  0  1
#  1  0  1  1  1  0  1  0
#  1  1  1  1  2  0  0  0
#  1  1  2  4  2  1  1  0
#  1  2  4  7  2  1  0  1
#  2  2  6  8  5  1  1  1
#  2  2  6  9  4  1  1  0
#  1  2  4  4  2  1  1  1
