# TS_TEXT=2019-08-18-22:02:57
# TS_SECS=1566162177.47
# HOST=port-node
# PERCENTILE_10=14.0
# PERCENTILE_90=16.4
# MIN_PIXEL=0.0
# MEDIAN_PIXEL=14.9
# MAX_PIXEL=18.8

# IMAGE
14.0 14.2 14.5 13.8 14.5 13.8 14.2 14.0 
13.8 14.2 14.8 14.0 15.0 14.5 15.5 14.5 
14.0 14.8 14.5 14.5 14.8 15.2 17.2 15.5 
13.8 15.0 14.5 14.8 14.8 15.0 16.5 17.5 
15.2 15.8 15.0 14.5 15.0 14.5 15.0 18.8 
18.2 16.2 15.0 15.5 15.0 15.5 16.0 17.2 
18.8 15.8 15.5 15.0 15.2 15.0 15.0 15.5 
0.0 14.8 14.2 14.0 14.0 13.8 14.5 16.0 


# DIFF
# 14 14 14 14 14 14 14 14
# 14 14 15 14 15 14 16 14
# 14 15 14 14 15 15 17 16
# 14 15 14 15 15 15 16 18
# 15 16 15 14 15 14 15 19
# 18 16 15 16 15 16 16 17
# 19 16 16 15 15 15 15 16
#  0 15 14 14 14 14 14 16
