# TS_TEXT=2019-08-25-15:54:19
# TS_SECS=1566744859.50
# HOST=centre-node
# PERCENTILE_10=16.0
# PERCENTILE_90=17.0
# MIN_PIXEL=15.5
# MEDIAN_PIXEL=16.5
# MAX_PIXEL=17.8

# IMAGE
17.8 16.2 16.2 16.5 17.0 16.5 16.2 16.5 
16.2 16.8 16.2 17.0 16.5 16.8 16.0 15.8 
16.0 16.5 16.2 16.2 17.0 15.5 16.5 15.8 
16.5 16.5 16.5 16.2 16.5 16.2 16.8 16.2 
16.2 16.5 17.0 16.8 17.2 16.2 16.8 17.0 
16.0 16.5 16.2 17.0 16.8 16.8 16.0 16.5 
17.2 16.0 16.2 16.8 17.0 16.8 16.5 16.5 
16.2 16.5 16.5 16.5 16.5 16.5 16.2 16.0 


# DIFF
#  2  1  1  1  2  1  1  1
#  1  1  1  2  1  1  0  0
#  0  1  1  1  2  0  1  0
#  1  1  1  1  1  1  1  1
#  1  1  2  1  2  1  1  2
#  0  1  1  2  1  1  0  1
#  2  0  1  1  2  1  1  1
#  1  1  1  1  1  1  1  0
