# TS_TEXT=2019-08-25-15:54:52
# TS_SECS=1566744892.62
# HOST=centre-node
# PERCENTILE_10=16.2
# PERCENTILE_90=17.0
# MIN_PIXEL=15.8
# MEDIAN_PIXEL=16.8
# MAX_PIXEL=18.0

# IMAGE
18.0 16.8 16.8 16.5 16.5 16.0 17.0 16.8 
16.2 16.5 16.2 16.8 17.0 16.8 16.2 16.2 
16.0 16.2 17.0 16.8 16.8 16.8 16.2 16.0 
16.8 16.8 16.5 17.0 17.0 16.8 17.2 16.2 
16.2 16.5 17.2 16.5 17.0 16.8 16.8 16.8 
16.8 16.8 17.0 16.5 17.0 16.5 17.0 16.5 
16.8 16.8 17.0 17.0 17.2 16.8 16.5 16.5 
16.5 17.0 16.5 16.8 16.8 16.8 16.5 15.8 


# DIFF
#  2  1  1  1  1  0  1  1
#  0  1  0  1  1  1  0  0
#  0  0  1  1  1  1  0  0
#  1  1  1  1  1  1  2  0
#  0  1  2  1  1  1  1  1
#  1  1  1  1  1  1  1  1
#  1  1  1  1  2  1  1  1
#  1  1  1  1  1  1  1  0
