# TS_TEXT=2019-08-25-16:18:50
# TS_SECS=1566746330.30
# HOST=fore-node
# PERCENTILE_10=16.2
# PERCENTILE_90=18.2
# MIN_PIXEL=15.8
# MEDIAN_PIXEL=16.8
# MAX_PIXEL=26.8

# IMAGE
16.2 16.2 16.5 17.2 16.8 16.5 16.5 16.8 
17.0 16.5 16.8 18.0 18.2 18.5 17.0 16.8 
16.0 16.2 17.2 17.0 26.8 22.2 18.2 17.5 
16.8 16.8 16.8 17.5 26.0 23.5 18.2 16.8 
16.2 16.8 16.8 17.0 17.0 17.2 16.8 17.0 
16.0 16.5 16.2 17.0 17.2 16.8 17.0 16.5 
16.0 16.5 16.5 16.5 17.0 16.2 16.2 16.5 
17.2 16.2 16.2 16.8 17.2 16.0 16.0 15.8 


# DIFF
#  0  0  1  2  1  1  1  1
#  1  1  1  2  2  3  1  1
#  0  0  2  1 11  6  2  2
#  1  1  1  2 10  8  2  1
#  0  1  1  1  1  2  1  1
#  0  1  0  1  2  1  1  1
#  0  1  1  1  1  0  0  1
#  2  0  0  1  2  0  0  0
