# TS_TEXT=2019-08-25-16:19:09
# TS_SECS=1566746349.38
# HOST=fore-node
# PERCENTILE_10=16.0
# PERCENTILE_90=18.5
# MIN_PIXEL=15.5
# MEDIAN_PIXEL=16.5
# MAX_PIXEL=26.5

# IMAGE
16.0 16.5 17.0 17.2 17.5 16.5 16.2 16.5 
16.5 16.8 16.5 17.5 18.5 18.5 17.2 16.8 
16.0 16.5 16.8 16.8 26.5 21.8 18.5 16.8 
16.0 16.8 16.5 17.2 26.0 23.8 18.8 16.5 
16.8 16.5 16.5 16.8 17.5 17.0 17.0 17.0 
16.0 16.5 17.2 16.5 17.0 16.8 16.2 16.5 
16.2 16.0 16.0 16.2 16.5 16.2 16.0 16.5 
16.2 17.0 16.8 16.0 16.2 15.8 16.0 15.5 


# DIFF
#  0  1  2  2  2  1  1  1
#  1  1  1  2  3  3  2  1
#  0  1  1  1 11  6  3  1
#  0  1  1  2 10  8  3  1
#  1  1  1  1  2  2  2  2
#  0  1  2  1  2  1  1  1
#  1  0  0  1  1  1  0  1
#  1  2  1  0  1  0  0  0
