# TS_TEXT=2019-08-25-12:46:05
# TS_SECS=1566733565.38
# HOST=centre-node
# PERCENTILE_10=14.3
# PERCENTILE_90=16.4
# MIN_PIXEL=13.8
# MEDIAN_PIXEL=15.0
# MAX_PIXEL=19.8

# IMAGE
14.2 14.5 14.5 14.8 14.0 14.8 14.2 14.5 
15.0 14.5 14.0 14.8 14.5 15.0 14.8 14.2 
14.5 14.8 15.0 15.0 15.2 15.0 15.0 13.8 
15.5 15.5 16.5 14.5 15.2 14.8 14.5 14.2 
16.0 17.5 19.5 15.8 15.2 14.8 14.8 15.0 
15.2 19.8 19.2 16.0 15.2 14.8 15.2 14.8 
16.0 17.2 17.2 15.8 15.8 14.8 14.8 15.0 
15.8 15.8 16.0 15.5 14.5 15.0 15.0 14.5 


# DIFF
#  0  1  1  1  0  1  0  1
#  1  1  0  1  1  1  1  0
#  1  1  1  1  2  1  1  0
#  2  2  3  1  2  1  1  0
#  2  4  6  2  2  1  1  1
#  2  6  6  2  2  1  2  1
#  2  4  4  2  2  1  1  1
#  2  2  2  2  1  1  1  1
