# TS_TEXT=2019-08-25-12:46:00
# TS_SECS=1566733560.36
# HOST=centre-node
# PERCENTILE_10=14.5
# PERCENTILE_90=16.5
# MIN_PIXEL=14.0
# MEDIAN_PIXEL=15.0
# MAX_PIXEL=20.2

# IMAGE
15.0 14.8 14.0 15.2 14.8 14.2 14.2 14.5 
14.5 14.5 15.0 15.2 15.0 15.0 14.2 14.2 
14.8 15.0 15.2 15.0 15.2 14.8 15.0 14.2 
16.0 15.5 16.5 15.5 15.5 15.0 15.2 14.8 
15.5 19.0 19.5 16.0 15.8 15.0 14.5 14.8 
16.5 20.2 19.2 15.8 15.5 15.0 15.2 14.8 
16.5 17.5 17.8 15.2 15.5 14.8 14.8 14.8 
16.0 16.2 16.0 15.2 15.0 15.0 15.5 14.8 


# DIFF
#  1  1  0  1  1  0  0  0
#  0  0  1  1  1  1  0  0
#  1  1  1  1  1  1  1  0
#  2  2  2  2  2  1  1  1
#  2  5  6  2  2  1  0  1
#  2  6  5  2  2  1  1  1
#  2  4  4  1  2  1  1  1
#  2  2  2  1  1  1  2  1
