# TS_TEXT=2019-08-27-16:46:03
# TS_SECS=1566920763.62
# HOST=aft-node
# PERCENTILE_10=15.5
# PERCENTILE_90=18.5
# MIN_PIXEL=15.0
# MEDIAN_PIXEL=16.0
# MAX_PIXEL=21.8

# IMAGE
16.0 16.0 16.0 16.2 16.8 16.0 16.2 15.2 
16.2 15.8 17.0 18.8 18.5 16.5 15.8 15.5 
16.0 16.8 17.2 21.8 21.5 17.0 16.0 15.8 
15.8 16.5 20.0 21.2 18.5 16.5 16.2 15.5 
16.0 16.5 18.8 17.0 16.5 16.0 16.0 15.2 
15.8 15.5 16.5 16.2 16.0 15.8 16.0 15.2 
15.5 15.5 16.2 15.8 16.2 16.0 15.5 15.5 
15.8 16.0 15.8 16.0 15.0 15.8 16.0 15.5 


# DIFF
#  1  1  1  1  2  1  1  0
#  1  1  2  4  4  2  1  0
#  1  2  2  7  6  2  1  1
#  1  2  5  6  4  2  1  0
#  1  2  4  2  2  1  1  0
#  1  0  2  1  1  1  1  0
#  0  0  1  1  1  1  0  0
#  1  1  1  1  0  1  1  0
