# TS_TEXT=2019-08-27-16:50:56
# TS_SECS=1566921056.43
# HOST=aft-node
# PERCENTILE_10=14.0
# PERCENTILE_90=16.9
# MIN_PIXEL=13.8
# MEDIAN_PIXEL=14.8
# MAX_PIXEL=21.2

# IMAGE
14.8 14.8 15.0 14.8 15.2 14.5 14.5 14.0 
14.5 15.0 15.5 16.5 17.0 16.5 15.5 15.0 
15.0 15.2 19.2 21.2 20.2 17.5 15.2 15.0 
14.5 15.2 18.2 19.5 16.8 16.5 14.8 14.5 
15.0 14.8 15.2 14.8 15.0 14.8 14.8 14.2 
14.0 14.0 14.8 14.8 14.2 14.2 14.5 14.0 
14.2 14.0 14.8 13.8 14.2 14.5 13.8 14.5 
14.2 14.0 14.2 14.2 14.0 13.8 14.2 13.8 


# DIFF
#  1  1  1  1  2  1  1  0
#  1  1  2  3  3  3  2  1
#  1  2  6  8  6  4  2  1
#  1  2  4  6  3  3  1  1
#  1  1  2  1  1  1  1  0
#  0  0  1  1  0  0  1  0
#  0  0  1  0  0  1  0  1
#  0  0  0  0  0  0  0  0
