# TS_TEXT=2019-08-27-16:50:13
# TS_SECS=1566921013.14
# HOST=aft-node
# PERCENTILE_10=15.1
# PERCENTILE_90=17.9
# MIN_PIXEL=14.8
# MEDIAN_PIXEL=15.5
# MAX_PIXEL=22.5

# IMAGE
14.8 15.2 15.8 15.8 16.0 15.5 15.5 14.8 
15.5 15.8 16.0 17.0 16.8 16.0 15.8 15.5 
16.5 16.5 18.5 21.5 18.0 16.8 15.8 15.5 
15.5 16.2 18.2 22.5 21.2 20.0 17.8 15.5 
15.8 15.5 16.5 17.2 17.2 16.5 16.0 15.2 
15.5 15.2 16.0 15.2 15.8 15.5 15.5 15.2 
15.2 15.0 15.5 15.2 15.2 16.0 15.0 15.0 
15.2 15.5 15.5 15.2 15.0 15.0 15.5 15.2 


# DIFF
#  0  0  1  1  1  1  1  0
#  1  1  1  2  2  1  1  1
#  2  2  4  7  3  2  1  1
#  1  2  4  8  6  5  3  1
#  1  1  2  2  2  2  1  0
#  1  0  1  0  1  1  1  0
#  0  0  1  0  0  1  0  0
#  0  1  1  0  0  0  1  0
