# TS_TEXT=2019-08-27-16:43:04
# TS_SECS=1566920584.66
# HOST=aft-node
# PERCENTILE_10=16.8
# PERCENTILE_90=18.2
# MIN_PIXEL=16.2
# MEDIAN_PIXEL=17.1
# MAX_PIXEL=23.0

# IMAGE
17.0 17.0 17.8 17.2 18.0 17.0 17.2 16.2 
17.2 17.2 17.8 18.2 18.2 17.2 17.0 16.8 
17.8 18.0 19.8 21.2 21.2 18.0 17.0 17.0 
17.0 18.2 22.0 23.0 20.5 18.2 17.2 17.0 
17.2 17.2 17.5 17.5 17.5 16.5 17.5 16.5 
16.8 16.8 17.0 16.8 17.2 17.0 16.8 16.2 
17.0 17.0 16.8 16.8 16.8 17.2 17.0 16.8 
17.0 17.0 17.2 16.8 16.8 16.5 16.8 17.2 


# DIFF
#  1  1  2  1  2  1  1  0
#  1  1  2  2  2  1  1  0
#  2  2  4  5  5  2  1  1
#  1  2  6  7  4  2  1  1
#  1  1  1  1  1  0  1  0
#  0  0  1  0  1  1  0  0
#  1  1  0  0  0  1  1  0
#  1  1  1  0  0  0  0  1
