# TS_TEXT=2019-08-27-16:49:18
# TS_SECS=1566920958.71
# HOST=aft-node
# PERCENTILE_10=14.5
# PERCENTILE_90=16.7
# MIN_PIXEL=14.0
# MEDIAN_PIXEL=15.2
# MAX_PIXEL=21.0

# IMAGE
14.8 15.8 15.5 15.5 15.8 14.8 15.0 14.0 
15.2 15.2 15.5 17.5 16.5 16.0 15.5 15.0 
15.5 15.8 15.8 20.8 21.0 16.5 15.5 15.2 
14.8 15.8 15.8 17.8 20.2 16.8 15.0 15.0 
15.5 15.0 15.8 16.0 18.8 16.0 15.2 14.0 
15.0 15.0 16.0 15.2 15.8 15.2 15.0 15.2 
14.5 14.8 15.0 14.8 14.8 15.0 14.5 14.5 
15.2 15.2 15.0 14.8 14.8 14.5 14.5 14.5 


# DIFF
#  1  2  2  2  2  1  1  0
#  1  1  2  4  2  2  2  1
#  2  2  2  7  7  2  2  1
#  1  2  2  4  6  3  1  1
#  2  1  2  2  5  2  1  0
#  1  1  2  1  2  1  1  1
#  0  1  1  1  1  1  0  0
#  1  1  1  1  1  0  0  0
