# TS_TEXT=2019-08-27-16:46:35
# TS_SECS=1566920795.80
# HOST=aft-node
# PERCENTILE_10=15.5
# PERCENTILE_90=18.6
# MIN_PIXEL=15.2
# MEDIAN_PIXEL=16.2
# MAX_PIXEL=22.8

# IMAGE
16.2 16.5 16.2 16.2 16.5 16.0 16.0 15.2 
16.5 16.5 17.0 18.2 17.5 16.8 16.0 15.5 
15.8 16.5 20.2 22.8 20.8 17.5 15.8 15.8 
16.2 16.2 18.0 18.8 21.5 20.2 17.2 15.8 
15.5 15.5 16.2 16.8 18.0 18.8 16.8 16.2 
16.0 15.5 16.5 16.2 16.0 16.8 16.2 15.5 
15.8 15.5 16.0 15.8 16.0 16.0 15.5 15.5 
16.0 16.2 16.2 15.8 15.8 15.8 15.8 15.5 


# DIFF
#  1  1  1  1  1  1  1  0
#  1  1  2  3  2  2  1  0
#  0  1  5  8  6  2  0  0
#  1  1  3  4  6  5  2  0
#  0  0  1  2  3  4  2  1
#  1  0  1  1  1  2  1  0
#  0  0  1  0  1  1  0  0
#  1  1  1  0  0  0  0  0
