# TS_TEXT=2019-08-27-16:43:37
# TS_SECS=1566920617.84
# HOST=aft-node
# PERCENTILE_10=16.5
# PERCENTILE_90=19.7
# MIN_PIXEL=16.0
# MEDIAN_PIXEL=17.0
# MAX_PIXEL=23.8

# IMAGE
17.0 17.0 17.8 18.0 17.5 16.5 16.8 16.5 
16.5 18.0 18.2 19.5 17.5 17.2 16.8 16.8 
17.2 18.0 23.8 22.0 21.0 18.2 17.2 16.8 
16.8 18.5 21.8 21.2 21.8 19.8 17.0 17.2 
17.2 17.2 17.5 17.2 18.0 18.8 17.5 16.2 
16.2 17.0 16.8 17.0 17.2 17.0 16.8 16.8 
17.0 17.0 16.5 16.8 16.8 17.5 16.8 16.8 
16.5 17.0 16.8 16.5 16.2 16.2 16.0 16.5 


# DIFF
#  1  1  2  2  2  0  1  0
#  0  2  2  4  2  1  1  1
#  1  2  8  6  5  2  1  1
#  1  2  6  5  6  4  1  1
#  1  1  2  1  2  3  2  0
#  0  1  1  1  1  1  1  1
#  1  1  0  1  1  2  1  1
#  0  1  1  0  0  0  0  0
