# TS_TEXT=2019-08-27-16:52:49
# TS_SECS=1566921169.09
# HOST=aft-node
# PERCENTILE_10=14.8
# PERCENTILE_90=18.0
# MIN_PIXEL=14.2
# MEDIAN_PIXEL=15.8
# MAX_PIXEL=21.0

# IMAGE
15.5 15.5 16.0 15.5 16.2 15.5 15.5 14.2 
15.8 15.5 15.8 17.0 19.0 16.2 15.2 15.0 
16.2 15.8 16.5 17.5 20.0 16.5 16.0 15.2 
14.8 15.8 16.0 18.2 21.0 19.0 15.8 15.2 
15.8 15.8 16.0 17.5 20.5 18.5 15.8 15.0 
15.2 14.8 15.8 15.8 16.0 15.8 15.5 14.8 
15.5 15.2 15.2 15.0 15.2 15.8 15.0 15.2 
15.5 15.8 16.2 15.5 14.8 14.8 14.8 14.8 


# DIFF
#  1  1  2  1  2  1  1  0
#  2  1  2  3  5  2  1  1
#  2  2  2  3  6  2  2  1
#  0  2  2  4  7  5  2  1
#  2  2  2  3  6  4  2  1
#  1  0  2  2  2  2  1  0
#  1  1  1  1  1  2  1  1
#  1  2  2  1  0  0  0  0
