# TS_TEXT=2019-08-27-16:46:04
# TS_SECS=1566920764.62
# HOST=aft-node
# PERCENTILE_10=15.2
# PERCENTILE_90=18.2
# MIN_PIXEL=14.5
# MEDIAN_PIXEL=16.0
# MAX_PIXEL=21.5

# IMAGE
15.2 15.8 16.0 16.2 16.5 16.0 15.2 15.0 
15.8 15.8 16.5 18.2 18.5 17.0 15.5 15.0 
16.0 16.2 17.2 21.2 21.5 16.0 16.0 16.0 
16.2 16.2 20.0 20.8 18.0 16.2 15.8 15.8 
16.0 16.8 18.2 16.5 16.5 15.8 16.0 15.8 
16.0 15.2 16.0 15.8 16.0 15.8 16.0 15.2 
15.0 15.8 16.0 15.2 15.8 16.0 15.2 15.0 
15.5 16.2 16.0 15.5 14.5 15.5 15.5 14.8 


# DIFF
#  1  1  2  2  2  2  1  0
#  1  1  2  4  4  2  1  0
#  2  2  3  7  7  2  2  2
#  2  2  6  6  4  2  1  1
#  2  2  4  2  2  1  2  1
#  2  1  2  1  2  1  2  1
#  0  1  2  1  1  2  1  0
#  1  2  2  1  0  1  1  0
