# TS_TEXT=2019-08-27-16:46:55
# TS_SECS=1566920815.90
# HOST=aft-node
# PERCENTILE_10=15.2
# PERCENTILE_90=18.9
# MIN_PIXEL=15.0
# MEDIAN_PIXEL=16.0
# MAX_PIXEL=22.5

# IMAGE
16.0 15.5 16.0 16.2 16.5 15.8 15.8 15.0 
15.8 16.2 16.2 17.8 17.8 16.8 16.0 15.5 
16.0 16.2 18.5 22.5 21.5 19.2 17.8 15.8 
15.8 17.0 19.8 20.2 20.0 19.0 16.5 15.8 
16.0 16.0 16.5 16.8 17.0 16.2 16.0 15.0 
15.5 15.8 16.0 15.5 16.0 15.5 16.0 15.0 
15.5 15.2 15.5 15.5 15.5 15.8 15.0 15.2 
15.8 16.0 15.5 15.5 15.5 15.2 15.2 15.0 


# DIFF
#  1  0  1  1  2  1  1  0
#  1  1  1  3  3  2  1  0
#  1  1  4  8  6  4  3  1
#  1  2  5  5  5  4  2  1
#  1  1  2  2  2  1  1  0
#  0  1  1  0  1  0  1  0
#  0  0  0  0  0  1  0  0
#  1  1  0  0  0  0  0  0
