# TS_TEXT=2019-08-27-16:52:03
# TS_SECS=1566921123.82
# HOST=aft-node
# PERCENTILE_10=14.3
# PERCENTILE_90=17.8
# MIN_PIXEL=13.8
# MEDIAN_PIXEL=15.0
# MAX_PIXEL=20.2

# IMAGE
15.2 14.5 14.8 15.5 16.0 15.5 14.8 13.8 
15.0 15.2 15.8 17.2 18.0 16.0 15.0 15.0 
15.5 15.5 16.5 19.5 20.0 16.0 14.8 14.5 
15.0 15.0 16.2 20.2 20.0 16.2 14.8 15.0 
15.2 15.5 15.5 18.8 18.0 15.0 14.8 14.5 
15.0 14.5 15.5 15.2 15.5 14.8 14.8 14.0 
14.8 14.2 14.8 14.8 15.0 14.8 14.8 14.2 
14.8 14.8 15.0 15.0 14.2 14.2 14.5 14.2 


# DIFF
#  2  1  1  2  2  2  1  0
#  1  2  2  4  4  2  1  1
#  2  2  3  6  6  2  1  1
#  1  1  2  6  6  2  1  1
#  2  2  2  5  4  1  1  1
#  1  1  2  2  2  1  1  0
#  1  0  1  1  1  1  1  0
#  1  1  1  1  0  0  1  0
