# TS_TEXT=2019-08-27-16:46:49
# TS_SECS=1566920809.87
# HOST=aft-node
# PERCENTILE_10=15.2
# PERCENTILE_90=18.2
# MIN_PIXEL=15.0
# MEDIAN_PIXEL=16.0
# MAX_PIXEL=22.5

# IMAGE
15.0 16.2 15.8 16.0 16.2 15.5 15.8 15.0 
15.5 16.5 16.8 17.8 17.0 16.2 16.0 15.5 
16.5 17.0 20.5 22.5 19.2 18.2 15.8 15.5 
16.0 16.2 18.0 20.8 21.8 19.5 16.2 15.2 
16.2 16.2 16.0 15.8 17.0 17.8 16.8 15.8 
16.0 15.5 15.5 15.8 16.0 15.8 16.0 15.2 
15.5 15.2 15.8 15.2 15.2 16.0 15.5 15.2 
16.0 15.8 15.5 16.0 16.0 15.5 15.2 15.2 


# DIFF
#  0  1  1  1  1  0  1  0
#  0  2  2  3  2  1  1  0
#  2  2  6  8  4  3  1  0
#  1  1  3  6  7  4  1  0
#  1  1  1  1  2  3  2  1
#  1  0  0  1  1  1  1  0
#  0  0  1  0  0  1  0  0
#  1  1  0  1  1  0  0  0
