# TS_TEXT=2019-08-27-16:43:09
# TS_SECS=1566920589.68
# HOST=aft-node
# PERCENTILE_10=16.8
# PERCENTILE_90=20.2
# MIN_PIXEL=16.2
# MEDIAN_PIXEL=17.4
# MAX_PIXEL=23.2

# IMAGE
17.2 17.8 17.5 17.5 18.0 17.5 17.5 16.8 
17.5 18.2 18.5 18.5 18.2 18.0 17.2 16.8 
17.5 19.2 22.8 23.2 21.5 20.2 18.0 17.0 
17.0 18.2 20.2 21.0 21.0 21.0 18.5 17.5 
17.5 17.2 17.5 17.2 17.5 17.0 17.5 17.2 
16.8 16.8 17.2 17.2 17.2 17.2 17.0 16.2 
17.2 17.0 16.5 16.5 17.5 17.0 17.0 16.5 
17.0 17.5 16.8 16.8 16.5 17.0 16.5 16.8 


# DIFF
#  1  2  1  1  2  1  1  0
#  1  2  2  2  2  2  1  0
#  1  3  6  7  5  4  2  1
#  1  2  4  5  5  5  2  1
#  1  1  1  1  1  1  1  1
#  0  0  1  1  1  1  1  0
#  1  1  0  0  1  1  1  0
#  1  1  0  0  0  1  0  0
