# TS_TEXT=2019-08-27-16:49:28
# TS_SECS=1566920968.76
# HOST=aft-node
# PERCENTILE_10=15.2
# PERCENTILE_90=17.9
# MIN_PIXEL=15.0
# MEDIAN_PIXEL=15.8
# MAX_PIXEL=22.0

# IMAGE
15.2 15.5 15.8 16.5 16.8 15.5 15.5 15.0 
15.5 15.8 16.2 18.0 16.8 16.5 15.8 15.5 
16.0 15.5 18.2 22.0 21.5 17.2 15.8 15.8 
15.8 16.2 16.8 18.5 21.0 17.2 16.0 15.2 
15.8 15.8 16.5 16.8 19.0 17.5 15.8 15.2 
16.0 15.5 16.0 15.8 16.0 16.2 15.5 15.5 
16.0 15.5 15.8 15.5 15.8 15.8 15.2 15.2 
15.2 15.5 15.8 16.0 15.5 15.2 15.2 15.5 


# DIFF
#  0  0  1  2  2  0  0  0
#  0  1  1  3  2  2  1  0
#  1  0  3  7  6  2  1  1
#  1  1  2  4  6  2  1  0
#  1  1  2  2  4  2  1  0
#  1  0  1  1  1  1  0  0
#  1  0  1  0  1  1  0  0
#  0  0  1  1  0  0  0  0
