# TS_TEXT=2019-08-27-16:49:38
# TS_SECS=1566920978.82
# HOST=aft-node
# PERCENTILE_10=15.0
# PERCENTILE_90=17.6
# MIN_PIXEL=14.2
# MEDIAN_PIXEL=15.5
# MAX_PIXEL=21.8

# IMAGE
15.5 15.2 15.2 15.8 16.2 15.2 16.0 14.8 
15.8 16.0 16.0 17.8 17.2 16.0 15.8 15.2 
15.5 15.5 17.8 21.8 21.0 17.0 15.8 15.5 
15.5 16.5 17.0 18.8 20.8 19.2 16.5 15.5 
15.5 16.0 15.8 16.0 16.5 17.0 16.0 15.5 
15.5 15.0 15.5 15.2 15.8 15.2 15.5 14.2 
15.0 15.0 15.5 15.0 15.2 15.8 14.8 14.8 
15.8 15.8 15.5 14.8 14.8 15.0 15.0 15.0 


# DIFF
#  1  1  1  2  2  1  2  0
#  2  2  2  4  3  2  2  1
#  1  1  4  8  7  3  2  1
#  1  2  3  4  6  5  2  1
#  1  2  2  2  2  3  2  1
#  1  1  1  1  2  1  1  0
#  1  1  1  1  1  2  0  0
#  2  2  1  0  0  1  1  1
