# TS_TEXT=2019-08-27-16:45:09
# TS_SECS=1566920709.33
# HOST=aft-node
# PERCENTILE_10=15.8
# PERCENTILE_90=18.4
# MIN_PIXEL=15.2
# MEDIAN_PIXEL=16.2
# MAX_PIXEL=22.8

# IMAGE
16.0 16.2 16.2 16.5 16.8 16.2 16.0 15.2 
16.8 16.5 17.5 18.0 17.5 16.8 16.2 15.8 
16.2 17.0 19.5 22.0 21.8 17.8 16.5 16.2 
16.2 17.5 20.0 20.2 22.8 18.5 16.5 16.0 
16.2 16.2 16.8 16.5 18.0 16.8 16.5 16.0 
15.8 16.0 16.2 16.0 16.5 16.2 16.5 15.2 
15.8 16.5 16.0 15.8 16.0 16.2 16.0 15.5 
16.0 16.5 16.2 16.2 16.0 15.5 15.5 15.2 


# DIFF
#  1  1  1  1  2  1  1  0
#  2  1  2  3  2  2  1  0
#  1  2  4  7  6  2  1  1
#  1  2  5  5  8  3  1  1
#  1  1  2  1  3  2  1  1
#  0  1  1  1  1  1  1  0
#  0  1  1  0  1  1  1  0
#  1  1  1  1  1  0  0  0
