# TS_TEXT=2019-08-27-16:45:22
# TS_SECS=1566920722.40
# HOST=aft-node
# PERCENTILE_10=15.0
# PERCENTILE_90=18.3
# MIN_PIXEL=14.8
# MEDIAN_PIXEL=15.8
# MAX_PIXEL=22.5

# IMAGE
15.0 15.8 15.8 16.0 16.2 15.5 15.5 15.0 
15.8 16.2 16.5 17.2 16.5 16.0 15.2 15.2 
15.2 16.8 19.5 20.0 19.2 16.2 15.8 15.5 
15.2 16.8 18.8 20.8 22.5 17.2 15.8 15.5 
16.0 15.5 16.5 17.0 20.5 16.5 16.0 15.5 
16.0 15.2 16.0 15.8 16.2 16.0 16.0 14.8 
15.2 15.2 16.0 15.5 16.0 15.8 15.5 15.0 
15.0 15.8 15.5 14.8 14.8 15.2 14.8 14.8 


# DIFF
#  0  1  1  1  2  1  1  0
#  1  2  2  2  2  1  0  0
#  0  2  5  5  4  2  1  1
#  0  2  4  6  8  2  1  1
#  1  1  2  2  6  2  1  1
#  1  0  1  1  2  1  1  0
#  0  0  1  1  1  1  1  0
#  0  1  1  0  0  0  0  0
