# TS_TEXT=2019-08-27-16:52:56
# TS_SECS=1566921176.13
# HOST=aft-node
# PERCENTILE_10=15.0
# PERCENTILE_90=18.2
# MIN_PIXEL=14.2
# MEDIAN_PIXEL=15.6
# MAX_PIXEL=20.5

# IMAGE
16.0 16.0 15.8 15.8 15.8 15.2 15.2 14.5 
15.5 15.5 15.8 18.2 18.2 15.8 14.8 15.2 
16.0 15.2 16.0 19.5 19.8 17.0 16.0 15.2 
15.2 15.8 16.5 19.0 20.5 18.8 15.8 15.2 
15.8 15.5 15.8 18.2 20.2 18.0 15.8 15.2 
15.5 15.0 15.8 16.0 16.5 15.8 15.8 14.5 
15.5 15.5 15.2 15.2 15.2 15.2 15.0 14.8 
15.5 15.2 15.5 15.0 15.0 15.0 15.0 14.2 


# DIFF
#  2  2  2  2  2  1  1  0
#  1  1  2  4  4  2  0  1
#  2  1  2  5  6  3  2  1
#  1  2  2  5  6  4  2  1
#  2  1  2  4  6  4  2  1
#  1  1  2  2  2  2  2  0
#  1  1  1  1  1  1  1  0
#  1  1  1  1  1  1  1  0
