# TS_TEXT=2019-08-27-16:51:53
# TS_SECS=1566921113.77
# HOST=aft-node
# PERCENTILE_10=14.5
# PERCENTILE_90=17.6
# MIN_PIXEL=14.5
# MEDIAN_PIXEL=15.2
# MAX_PIXEL=21.5

# IMAGE
15.2 15.5 15.5 15.8 16.0 15.5 15.5 14.5 
15.8 15.2 16.0 16.5 17.2 18.2 15.5 14.8 
15.0 15.8 16.8 19.5 20.2 17.8 15.5 15.2 
14.8 16.5 18.8 21.5 19.5 16.2 15.5 15.2 
15.2 15.5 15.5 16.0 15.8 14.5 15.0 14.8 
15.0 15.0 15.2 15.2 15.2 14.8 15.0 14.8 
15.0 15.2 14.5 14.5 15.5 15.2 14.5 14.5 
15.0 15.8 15.0 15.0 14.8 14.8 14.5 14.5 


# DIFF
#  1  1  1  1  2  1  1  0
#  1  1  2  2  3  4  1  0
#  0  1  2  5  6  3  1  1
#  0  2  4  7  5  2  1  1
#  1  1  1  2  1  0  0  0
#  0  0  1  1  1  0  0  0
#  0  1  0  0  1  1  0  0
#  0  1  0  0  0  0  0  0
