# TS_TEXT=2019-08-27-16:50:38
# TS_SECS=1566921038.33
# HOST=aft-node
# PERCENTILE_10=14.5
# PERCENTILE_90=17.3
# MIN_PIXEL=14.0
# MEDIAN_PIXEL=15.2
# MAX_PIXEL=21.5

# IMAGE
15.0 15.0 15.2 15.2 15.0 15.0 14.5 14.2 
15.2 15.0 15.8 15.8 16.0 16.0 15.2 15.0 
15.2 15.5 16.0 19.0 19.2 17.5 15.5 14.5 
15.2 15.8 17.8 21.5 20.0 17.5 15.2 15.2 
15.5 15.8 16.0 16.5 16.8 15.5 15.2 15.2 
15.2 15.0 15.5 15.2 15.2 14.8 15.2 14.2 
15.0 15.0 14.8 14.8 14.5 15.0 14.8 14.0 
15.0 15.0 14.8 14.2 14.5 15.0 14.5 14.5 


# DIFF
#  1  1  1  1  1  1  0  0
#  1  1  2  2  2  2  1  1
#  1  2  2  5  5  4  2  0
#  1  2  4  8  6  4  1  1
#  2  2  2  2  3  2  1  1
#  1  1  2  1  1  1  1  0
#  1  1  1  1  0  1  1  0
#  1  1  1  0  0  1  0  0
