# TS_TEXT=2019-08-27-16:44:08
# TS_SECS=1566920649.00
# HOST=aft-node
# PERCENTILE_10=16.2
# PERCENTILE_90=20.0
# MIN_PIXEL=15.8
# MEDIAN_PIXEL=16.8
# MAX_PIXEL=23.8

# IMAGE
15.8 16.8 17.0 17.2 17.5 16.8 16.5 16.5 
16.5 17.2 17.8 19.5 18.2 17.2 16.5 16.5 
16.8 17.2 21.0 23.8 20.8 17.5 17.2 16.2 
16.5 17.2 18.5 20.2 22.5 21.2 18.2 16.5 
16.5 16.2 17.2 17.5 20.5 18.2 17.5 16.8 
16.2 16.2 17.0 16.8 17.0 16.8 17.2 16.5 
16.5 16.5 16.5 16.2 16.2 16.2 16.0 16.2 
15.8 16.2 16.5 16.8 16.0 16.0 16.2 16.2 


# DIFF
#  0  1  1  2  2  1  1  1
#  1  2  2  4  2  2  1  1
#  1  2  5  8  5  2  2  0
#  1  2  3  4  7  6  2  1
#  1  0  2  2  5  2  2  1
#  0  0  1  1  1  1  2  1
#  1  1  1  0  0  0  0  0
#  0  0  1  1  0  0  0  0
