# TS_TEXT=2019-08-27-16:42:57
# TS_SECS=1566920577.59
# HOST=aft-node
# PERCENTILE_10=16.8
# PERCENTILE_90=18.5
# MIN_PIXEL=16.5
# MEDIAN_PIXEL=17.2
# MAX_PIXEL=23.5

# IMAGE
17.2 17.5 17.2 17.8 18.0 17.5 17.2 17.0 
17.2 17.8 18.2 18.2 17.5 17.8 17.0 16.8 
17.2 17.8 19.8 21.0 21.5 18.5 17.8 17.2 
17.0 18.0 21.8 23.5 20.5 18.5 17.2 17.0 
17.5 17.2 17.8 17.5 17.5 17.2 17.2 16.5 
17.0 17.0 17.8 17.0 17.5 17.0 17.2 16.8 
16.5 17.0 17.0 17.0 17.5 17.2 16.8 16.5 
17.5 17.5 17.5 17.0 16.8 16.8 16.8 16.5 


# DIFF
#  1  1  1  1  2  1  1  0
#  1  1  2  2  1  1  0  0
#  1  1  3  4  5  2  1  1
#  0  2  5  7  4  2  1  0
#  1  1  1  1  1  1  1  0
#  0  0  1  0  1  0  1  0
#  0  0  0  0  1  1  0  0
#  1  1  1  0  0  0  0  0
