# TS_TEXT=2019-08-27-16:44:04
# TS_SECS=1566920644.98
# HOST=aft-node
# PERCENTILE_10=16.0
# PERCENTILE_90=19.8
# MIN_PIXEL=15.8
# MEDIAN_PIXEL=16.8
# MAX_PIXEL=23.8

# IMAGE
16.5 17.0 17.2 17.2 17.8 16.0 16.8 15.8 
16.8 16.8 18.2 20.0 17.8 17.0 16.8 16.2 
17.0 17.0 21.0 23.8 20.2 17.8 17.0 17.0 
16.5 17.0 18.8 20.2 22.5 21.0 18.0 17.0 
16.8 16.8 17.0 16.5 17.5 19.2 18.0 16.5 
16.5 16.8 16.8 16.5 16.8 16.0 16.8 15.8 
16.5 16.2 16.2 15.8 16.8 16.0 16.0 16.2 
16.0 16.5 16.8 16.2 16.2 16.0 15.8 15.8 


# DIFF
#  1  1  2  2  2  0  1  0
#  1  1  2  4  2  1  1  0
#  1  1  5  8  4  2  1  1
#  1  1  3  4  7  5  2  1
#  1  1  1  1  2  4  2  1
#  1  1  1  1  1  0  1  0
#  1  0  0  0  1  0  0  0
#  0  1  1  0  0  0  0  0
