# TS_TEXT=2019-08-27-16:52:26
# TS_SECS=1566921146.94
# HOST=aft-node
# PERCENTILE_10=14.0
# PERCENTILE_90=17.3
# MIN_PIXEL=13.8
# MEDIAN_PIXEL=15.0
# MAX_PIXEL=20.5

# IMAGE
15.0 15.2 14.8 15.2 15.8 15.2 14.8 14.0 
15.2 15.2 15.0 16.0 18.0 16.8 15.0 14.0 
15.2 15.0 15.2 16.8 20.2 17.5 14.8 14.8 
14.8 15.2 15.5 19.2 20.5 17.5 14.5 14.8 
14.8 15.2 15.2 16.8 20.0 16.5 14.8 14.5 
14.8 14.5 15.0 14.8 15.2 14.8 14.5 14.0 
14.5 14.8 14.8 14.0 15.0 15.0 14.2 14.0 
15.0 15.2 15.2 14.2 14.0 13.8 14.2 14.0 


# DIFF
#  1  2  1  2  2  2  1  0
#  2  2  1  2  4  3  1  0
#  2  1  2  3  6  4  1  1
#  1  2  2  6  7  4  1  1
#  1  2  2  3  6  3  1  1
#  1  1  1  1  2  1  1  0
#  1  1  1  0  1  1  0  0
#  1  2  2  0  0  0  0  0
