# TS_TEXT=2019-08-27-16:49:24
# TS_SECS=1566920964.74
# HOST=aft-node
# PERCENTILE_10=14.8
# PERCENTILE_90=16.7
# MIN_PIXEL=14.2
# MEDIAN_PIXEL=15.2
# MAX_PIXEL=21.2

# IMAGE
14.2 14.8 15.8 15.2 15.8 15.2 15.2 14.5 
15.2 15.0 16.0 17.8 16.2 16.2 15.5 15.2 
15.5 15.8 16.0 21.0 21.2 16.5 15.2 15.0 
15.5 15.2 15.5 17.8 20.8 16.8 15.8 15.0 
15.0 15.2 15.8 15.8 18.5 16.5 15.5 14.8 
15.2 15.0 15.8 15.8 15.5 15.2 15.2 14.8 
15.0 15.0 14.8 15.2 15.8 15.5 15.2 14.8 
14.8 15.8 15.0 15.0 14.8 15.0 15.0 14.5 


# DIFF
#  0  0  2  1  2  1  1  0
#  1  1  2  4  2  2  1  1
#  1  2  2  7  7  2  1  1
#  1  1  1  4  6  2  2  1
#  1  1  2  2  4  2  1  0
#  1  1  2  2  1  1  1  0
#  1  1  0  1  2  1  1  0
#  0  2  1  1  0  1  1  0
