# TS_TEXT=2019-08-27-16:44:53
# TS_SECS=1566920693.24
# HOST=aft-node
# PERCENTILE_10=15.8
# PERCENTILE_90=18.8
# MIN_PIXEL=15.2
# MEDIAN_PIXEL=16.2
# MAX_PIXEL=22.8

# IMAGE
15.5 16.2 17.0 17.0 17.2 16.5 16.2 15.5 
16.0 16.5 17.0 18.8 19.5 17.8 16.2 16.0 
17.0 16.5 18.8 22.2 22.8 19.5 16.2 16.2 
16.0 18.8 20.8 21.2 18.8 18.0 17.5 16.0 
16.2 16.8 17.8 17.8 17.2 16.0 16.2 16.0 
15.8 16.2 16.5 16.2 16.8 16.0 15.8 15.5 
16.0 16.2 16.2 16.0 16.2 16.5 16.2 15.8 
16.2 16.5 16.5 16.0 16.0 16.2 16.0 15.2 


# DIFF
#  0  1  2  2  2  1  1  0
#  1  1  2  4  4  2  1  1
#  2  1  4  7  8  4  1  1
#  1  4  6  6  4  3  2  1
#  1  2  2  2  2  1  1  1
#  0  1  1  1  2  1  0  0
#  1  1  1  1  1  1  1  0
#  1  1  1  1  1  1  1  0
