# TS_TEXT=2019-08-27-16:47:10
# TS_SECS=1566920830.99
# HOST=aft-node
# PERCENTILE_10=15.8
# PERCENTILE_90=19.1
# MIN_PIXEL=14.8
# MEDIAN_PIXEL=16.2
# MAX_PIXEL=23.5

# IMAGE
15.8 16.0 16.5 16.5 17.5 17.2 15.8 14.8 
16.0 16.2 16.8 17.8 19.8 18.2 16.5 16.2 
16.8 16.5 17.8 21.8 21.8 19.8 16.5 16.0 
16.0 17.0 18.0 23.5 19.5 17.2 16.0 16.5 
16.0 16.2 17.0 19.8 17.5 16.5 16.2 15.5 
16.0 16.2 16.5 16.2 16.5 16.0 16.2 16.0 
15.5 15.8 16.5 16.0 16.2 16.2 15.8 15.2 
16.2 16.5 15.8 15.5 15.8 15.2 16.2 16.0 


# DIFF
#  1  1  2  2  3  2  1  0
#  1  2  2  3  5  4  2  2
#  2  2  3  7  7  5  2  1
#  1  2  3  9  5  2  1  2
#  1  2  2  5  3  2  2  1
#  1  2  2  2  2  1  2  1
#  1  1  2  1  2  2  1  0
#  2  2  1  1  1  0  2  1
