# TS_TEXT=2019-08-27-16:44:28
# TS_SECS=1566920668.10
# HOST=aft-node
# PERCENTILE_10=16.2
# PERCENTILE_90=19.9
# MIN_PIXEL=15.2
# MEDIAN_PIXEL=17.0
# MAX_PIXEL=23.0

# IMAGE
16.2 16.5 16.5 17.5 17.5 17.0 16.2 16.2 
16.8 17.0 17.5 20.2 19.5 17.5 16.8 16.5 
16.8 17.8 18.2 22.0 23.0 18.2 17.0 16.2 
16.8 18.0 17.8 20.0 23.0 19.0 17.0 17.2 
16.8 16.8 17.0 20.0 20.0 18.8 17.0 16.5 
16.2 16.8 17.0 16.8 17.8 18.0 17.5 15.8 
16.0 16.2 16.8 17.0 16.8 17.0 16.0 16.5 
16.5 17.0 16.0 16.0 16.2 16.5 16.2 15.2 


# DIFF
#  1  1  1  2  2  2  1  1
#  2  2  2  5  4  2  2  1
#  2  2  3  7  8  3  2  1
#  2  3  2  5  8  4  2  2
#  2  2  2  5  5  4  2  1
#  1  2  2  2  2  3  2  0
#  1  1  2  2  2  2  1  1
#  1  2  1  1  1  1  1  0
