# TS_TEXT=2019-08-25-16:08:31
# TS_SECS=1566745711.14
# HOST=starboard-node
# PERCENTILE_10=16.2
# PERCENTILE_90=17.9
# MIN_PIXEL=15.5
# MEDIAN_PIXEL=17.0
# MAX_PIXEL=22.5

# IMAGE
15.5 16.2 16.5 17.0 17.2 17.0 16.0 16.5 
17.0 16.2 16.8 16.5 17.0 17.0 17.2 17.2 
16.0 16.8 16.8 17.5 18.0 17.2 17.5 17.5 
17.0 16.5 17.2 17.5 19.8 22.5 17.5 17.8 
17.0 17.8 17.5 17.8 18.2 18.2 18.0 16.8 
16.2 17.2 16.8 17.0 16.8 17.0 17.5 17.5 
16.2 16.8 17.0 17.0 17.5 17.2 16.8 17.0 
16.2 17.0 17.2 16.8 16.8 17.2 17.0 18.0 


# DIFF
#  0  1  1  2  2  2  0  1
#  2  1  1  1  2  2  2  2
#  0  1  1  2  2  2  2  2
#  2  1  2  2  4  7  2  2
#  2  2  2  2  3  3  2  1
#  1  2  1  2  1  2  2  2
#  1  1  2  2  2  2  1  2
#  1  2  2  1  1  2  2  2
