# TS_TEXT=2019-08-18-21:51:31
# TS_SECS=1566161491.46
# HOST=port-node
# PERCENTILE_10=13.0
# PERCENTILE_90=14.8
# MIN_PIXEL=12.8
# MEDIAN_PIXEL=14.0
# MAX_PIXEL=17.0

# IMAGE
13.2 13.2 13.0 12.8 13.8 13.5 13.5 13.5 
13.2 13.2 14.2 13.0 14.0 13.8 13.8 14.2 
12.8 13.8 13.5 12.8 14.2 14.0 13.8 14.0 
13.0 14.0 13.8 14.2 14.8 14.2 14.2 14.0 
12.8 14.2 14.0 17.0 14.8 14.0 14.5 14.2 
14.2 14.8 14.2 16.5 14.2 14.2 14.2 14.8 
17.0 14.8 14.0 14.5 13.2 13.2 13.0 13.5 
16.5 14.2 14.2 14.2 13.2 13.2 14.2 13.5 


# DIFF
#  0  0  0  0  1  1  1  1
#  0  0  2  0  1  1  1  2
#  0  1  1  0  2  1  1  1
#  0  1  1  2  2  2  2  1
#  0  2  1  4  2  1  2  2
#  2  2  2  4  2  2  2  2
#  4  2  1  2  0  0  0  1
#  4  2  2  2  0  0  2  1
