# TS_TEXT=2019-08-18-22:20:08
# TS_SECS=1566163208.76
# HOST=fore-node
# PERCENTILE_10=12.5
# PERCENTILE_90=14.5
# MIN_PIXEL=0.0
# MEDIAN_PIXEL=13.5
# MAX_PIXEL=18.0

# IMAGE
12.5 13.2 13.2 13.5 13.2 13.2 12.5 12.8 
12.0 13.2 13.8 13.0 13.5 12.8 12.5 12.5 
13.5 12.8 13.5 13.8 13.2 13.5 13.2 13.8 
13.2 13.5 13.8 13.5 13.5 13.5 13.5 13.0 
13.2 13.5 14.2 13.5 14.2 15.0 14.2 14.0 
12.8 13.8 14.2 14.0 14.5 17.0 14.8 14.0 
14.5 14.0 14.2 14.0 14.2 18.0 16.5 14.2 
0.0 12.2 12.5 13.5 13.2 13.2 13.0 14.5 


# DIFF
# 12 13 13 14 13 13 12 13
# 12 13 14 13 14 13 12 12
# 14 13 14 14 13 14 13 14
# 13 14 14 14 14 14 14 13
# 13 14 14 14 14 15 14 14
# 13 14 14 14 14 17 15 14
# 14 14 14 14 14 18 16 14
#  0 12 12 14 13 13 13 14
