# TS_TEXT=2019-08-25-12:49:58
# TS_SECS=1566733798.56
# HOST=fore-node
# PERCENTILE_10=14.6
# PERCENTILE_90=16.2
# MIN_PIXEL=14.2
# MEDIAN_PIXEL=15.2
# MAX_PIXEL=19.5

# IMAGE
14.5 15.0 15.5 14.8 15.5 14.2 14.5 14.8 
15.2 15.2 15.0 15.5 14.8 15.2 15.2 14.8 
15.0 14.8 15.2 15.2 17.2 16.2 15.5 15.5 
15.0 15.0 15.0 16.0 18.5 19.5 18.2 15.2 
15.8 15.0 15.5 15.8 16.2 19.0 17.5 16.2 
15.5 15.8 15.5 15.0 15.5 15.8 15.8 15.0 
16.0 15.0 16.0 15.5 15.2 14.8 15.2 15.5 
15.0 15.8 14.5 14.8 15.2 14.2 14.5 14.5 


# DIFF
#  0  1  1  0  1  0  0  0
#  1  1  1  1  0  1  1  0
#  1  0  1  1  3  2  1  1
#  1  1  1  2  4  5  4  1
#  2  1  1  2  2  5  3  2
#  1  2  1  1  1  2  2  1
#  2  1  2  1  1  0  1  1
#  1  2  0  0  1  0  0  0
