# TS_TEXT=2019-08-25-12:49:34
# TS_SECS=1566733774.39
# HOST=fore-node
# PERCENTILE_10=15.2
# PERCENTILE_90=17.2
# MIN_PIXEL=14.5
# MEDIAN_PIXEL=16.0
# MAX_PIXEL=20.5

# IMAGE
15.5 14.8 15.8 15.2 16.0 15.2 15.0 14.5 
15.8 15.2 15.5 16.0 16.2 16.0 16.5 15.5 
15.8 15.8 16.2 16.0 17.2 16.8 17.5 15.8 
15.8 16.0 16.0 16.8 19.0 20.5 18.5 16.5 
15.8 16.2 15.8 16.0 17.0 18.2 17.5 16.0 
15.2 16.2 16.0 15.8 16.2 16.2 16.0 16.2 
16.0 15.2 15.5 16.0 16.0 16.0 15.8 15.5 
16.0 15.8 16.2 15.8 16.0 15.2 15.2 15.2 


# DIFF
#  1  0  1  1  2  1  0  0
#  1  1  1  2  2  2  2  1
#  1  1  2  2  3  2  3  1
#  1  2  2  2  4  6  4  2
#  1  2  1  2  2  4  3  2
#  1  2  2  1  2  2  2  2
#  2  1  1  2  2  2  1  1
#  2  1  2  1  2  1  1  1
