# TS_TEXT=2019-08-25-12:30:16
# TS_SECS=1566732616.72
# HOST=aft-node
# PERCENTILE_10=15.6
# PERCENTILE_90=17.5
# MIN_PIXEL=14.8
# MEDIAN_PIXEL=16.5
# MAX_PIXEL=20.5

# IMAGE
15.8 16.2 16.5 16.0 16.5 16.0 16.2 14.8 
16.5 16.5 17.0 16.5 18.0 17.5 16.5 16.2 
16.8 16.5 16.2 17.5 20.5 19.8 17.0 16.2 
16.0 17.0 16.5 17.8 19.2 19.5 16.5 16.5 
16.8 16.5 17.0 16.5 16.8 16.8 16.8 16.0 
16.5 15.8 16.5 16.8 16.5 16.0 16.5 15.5 
16.2 16.2 16.5 15.5 16.5 16.2 15.5 15.5 
16.0 16.5 16.2 16.0 15.5 15.5 16.2 15.8 


# DIFF
#  1  2  2  1  2  1  2  0
#  2  2  2  2  3  3  2  2
#  2  2  2  3  6  5  2  2
#  1  2  2  3  4  5  2  2
#  2  2  2  2  2  2  2  1
#  2  1  2  2  2  1  2  1
#  2  2  2  1  2  2  1  1
#  1  2  2  1  1  1  2  1
