# TS_TEXT=2019-08-25-12:30:46
# TS_SECS=1566732646.94
# HOST=aft-node
# PERCENTILE_10=15.0
# PERCENTILE_90=16.4
# MIN_PIXEL=14.5
# MEDIAN_PIXEL=15.5
# MAX_PIXEL=20.0

# IMAGE
14.5 15.2 15.5 15.5 16.2 16.0 16.0 15.0 
15.0 15.8 15.8 16.0 17.2 17.0 15.8 16.0 
15.5 15.2 15.8 16.2 20.0 19.0 16.5 15.5 
15.2 15.5 15.2 16.2 18.8 18.2 15.8 16.0 
15.5 15.0 15.5 15.2 15.8 15.5 15.8 15.5 
15.2 15.2 15.5 15.2 15.2 15.2 15.5 15.2 
15.0 15.2 15.5 15.0 15.2 15.2 14.8 15.2 
15.0 15.5 15.2 14.8 14.8 15.0 15.0 14.8 


# DIFF
#  0  1  1  1  2  2  2  0
#  0  1  1  2  3  2  1  2
#  1  1  1  2  6  4  2  1
#  1  1  1  2  4  4  1  2
#  1  0  1  1  1  1  1  1
#  1  1  1  1  1  1  1  1
#  0  1  1  0  1  1  0  1
#  0  1  1  0  0  0  0  0
