# TS_TEXT=2019-08-25-11:28:28
# TS_SECS=1566728908.03
# HOST=starboard-node
# PERCENTILE_10=15.2
# PERCENTILE_90=16.8
# MIN_PIXEL=0.0
# MEDIAN_PIXEL=16.0
# MAX_PIXEL=20.2

# IMAGE
15.2 15.8 16.0 15.5 15.8 15.8 15.5 15.2 
15.0 15.5 15.8 16.2 15.8 15.8 15.2 15.8 
16.0 16.2 16.0 16.2 16.0 16.8 15.5 16.0 
16.2 16.2 18.2 19.0 16.5 16.2 16.2 15.5 
16.0 16.2 20.2 19.0 17.5 16.5 16.0 15.8 
15.8 15.8 16.8 17.0 16.5 16.0 15.2 15.8 
15.5 16.5 16.2 16.0 16.2 16.8 15.8 16.5 
0.0 15.5 15.2 16.0 16.2 16.2 16.0 14.8 


# DIFF
# 15 16 16 16 16 16 16 15
# 15 16 16 16 16 16 15 16
# 16 16 16 16 16 17 16 16
# 16 16 18 19 16 16 16 16
# 16 16 20 19 18 16 16 16
# 16 16 17 17 16 16 15 16
# 16 16 16 16 16 17 16 16
#  0 16 15 16 16 16 16 15
