# TS_TEXT=2019-08-18-22:24:22
# TS_SECS=1566163462.33
# HOST=fore-node
# PERCENTILE_10=12.5
# PERCENTILE_90=14.5
# MIN_PIXEL=0.0
# MEDIAN_PIXEL=13.0
# MAX_PIXEL=17.5

# IMAGE
12.2 13.0 12.5 12.5 13.2 12.5 12.5 12.5 
12.8 12.8 13.2 13.2 13.0 12.8 12.8 13.0 
12.2 12.5 12.5 13.0 13.2 12.8 13.0 13.0 
12.8 13.0 13.0 13.0 12.5 13.0 12.8 13.5 
13.0 13.8 13.5 13.5 13.5 13.5 13.5 13.5 
12.2 13.0 13.5 13.2 14.8 15.8 13.8 13.8 
14.5 13.8 13.8 14.2 16.2 17.5 14.2 14.0 
0.0 12.8 12.8 12.8 15.8 17.5 14.5 14.0 


# DIFF
# 12 13 12 12 13 12 12 12
# 13 13 13 13 13 13 13 13
# 12 12 12 13 13 13 13 13
# 13 13 13 13 12 13 13 14
# 13 14 14 14 14 14 14 14
# 12 13 14 13 15 16 14 14
# 14 14 14 14 16 18 14 14
#  0 13 13 13 16 18 14 14
