# TS_TEXT=2019-08-27-14:17:08
# TS_SECS=1566911828.04
# HOST=centre-node
# PERCENTILE_10=15.2
# PERCENTILE_90=18.7
# MIN_PIXEL=14.8
# MEDIAN_PIXEL=15.8
# MAX_PIXEL=21.2

# IMAGE
15.0 15.2 16.0 15.0 15.2 15.8 15.2 15.2 
14.8 15.2 15.8 16.2 16.0 16.0 15.5 14.8 
15.8 15.5 17.5 17.5 19.5 16.2 15.5 14.8 
15.8 15.8 16.5 19.5 19.8 16.0 16.0 15.2 
15.2 16.0 16.2 18.5 21.0 18.8 15.5 15.8 
15.2 15.5 16.0 19.0 21.2 17.8 16.0 15.8 
16.0 15.5 15.8 16.0 17.0 16.2 15.8 15.8 
15.0 15.2 16.0 15.5 15.5 16.0 16.0 15.8 


# DIFF
#  0  0  1  0  0  1  0  0
#  0  0  1  2  1  1  1  0
#  1  1  3  3  5  2  1  0
#  1  1  2  5  5  1  1  0
#  0  1  2  4  6  4  1  1
#  0  1  1  4  6  3  1  1
#  1  1  1  1  2  2  1  1
#  0  0  1  1  1  1  1  1
