# TS_TEXT=2019-08-27-14:17:16
# TS_SECS=1566911836.07
# HOST=centre-node
# PERCENTILE_10=15.0
# PERCENTILE_90=18.7
# MIN_PIXEL=14.8
# MEDIAN_PIXEL=15.8
# MAX_PIXEL=21.2

# IMAGE
15.0 15.2 14.8 15.2 15.2 15.2 15.2 15.0 
15.5 15.5 15.8 16.8 16.8 15.5 15.2 14.8 
15.5 15.5 16.2 18.5 19.0 16.0 15.0 15.0 
15.2 15.5 16.2 18.8 20.0 16.5 16.0 15.0 
15.8 15.8 15.8 18.0 21.2 18.8 15.5 15.2 
15.0 15.8 16.0 19.5 21.2 17.8 16.2 15.8 
16.2 15.2 15.8 17.0 16.5 16.5 15.5 15.5 
15.0 15.8 16.0 15.5 15.2 15.8 16.2 15.8 


# DIFF
#  0  0  0  0  0  0  0  0
#  1  1  1  2  2  1  0  0
#  1  1  2  4  4  1  0  0
#  0  1  2  4  5  2  1  0
#  1  1  1  3  6  4  1  0
#  0  1  1  5  6  3  2  1
#  2  0  1  2  2  2  1  1
#  0  1  1  1  0  1  2  1
