# TS_TEXT=2019-08-25-12:15:53
# TS_SECS=1566731753.48
# HOST=starboard-node
# PERCENTILE_10=15.1
# PERCENTILE_90=17.0
# MIN_PIXEL=14.5
# MEDIAN_PIXEL=15.6
# MAX_PIXEL=19.2

# IMAGE
15.2 16.2 15.5 15.8 15.2 15.5 15.0 15.0 
15.0 15.0 15.5 15.2 15.2 15.5 15.8 14.5 
15.2 15.8 15.5 15.8 15.8 15.2 15.8 15.0 
15.5 15.8 15.5 16.0 18.2 17.5 15.8 15.2 
15.5 15.2 15.2 17.0 19.2 19.0 17.0 15.5 
15.8 15.5 15.2 16.5 19.0 17.8 16.5 16.0 
15.8 15.2 16.0 15.8 16.2 15.8 15.5 15.5 
16.0 16.2 16.0 15.0 15.5 16.0 15.5 16.2 


# DIFF
#  1  2  1  1  1  1  0  0
#  0  0  1  1  1  1  1  0
#  1  1  1  1  1  1  1  0
#  1  1  1  2  4  3  1  1
#  1  1  1  2  5  4  2  1
#  1  1  1  2  4  3  2  2
#  1  1  2  1  2  1  1  1
#  2  2  2  0  1  2  1  2
