# TS_TEXT=2019-08-18-22:20:10
# TS_SECS=1566163210.68
# HOST=centre-node
# PERCENTILE_10=12.2
# PERCENTILE_90=14.0
# MIN_PIXEL=12.0
# MEDIAN_PIXEL=13.0
# MAX_PIXEL=18.8

# IMAGE
12.5 12.2 12.2 12.2 12.2 12.5 12.2 12.8 
12.0 12.2 12.5 13.2 12.5 12.8 12.8 12.5 
12.5 12.2 12.5 12.5 13.2 16.0 14.0 12.8 
12.8 12.8 12.8 12.8 15.0 18.8 15.2 13.5 
13.0 13.2 13.2 13.5 14.0 17.2 15.2 13.8 
13.0 13.2 13.0 13.2 12.8 13.0 13.0 13.5 
13.5 13.0 13.5 13.5 13.2 13.0 13.0 13.2 
12.8 13.5 13.2 13.0 12.8 13.0 13.5 12.8 


# DIFF
#  0  0  0  0  0  0  0  1
#  0  0  0  1  0  1  1  0
#  0  0  0  0  1  4  2  1
#  1  1  1  1  3  7  3  2
#  1  1  1  2  2  5  3  2
#  1  1  1  1  1  1  1  2
#  2  1  2  2  1  1  1  1
#  1  2  1  1  1  1  2  1
