# TS_TEXT=2019-08-18-22:20:07
# TS_SECS=1566163207.67
# HOST=centre-node
# PERCENTILE_10=12.2
# PERCENTILE_90=13.8
# MIN_PIXEL=11.8
# MEDIAN_PIXEL=12.9
# MAX_PIXEL=17.5

# IMAGE
12.5 11.8 12.5 12.5 12.5 12.2 12.2 12.5 
12.2 12.2 12.2 12.8 12.8 13.0 12.5 11.8 
12.0 12.5 12.8 12.8 13.5 15.8 13.8 12.5 
12.2 12.5 12.8 12.2 15.0 17.5 16.0 13.5 
12.5 13.0 13.2 13.2 13.5 17.5 17.0 13.8 
12.8 13.2 13.0 13.2 13.0 13.5 13.8 13.2 
12.8 13.0 12.8 13.5 13.2 12.5 12.8 13.5 
12.5 13.0 13.5 13.0 13.2 13.0 13.5 12.8 


# DIFF
#  1  0  1  1  1  0  0  1
#  0  0  0  1  1  1  1  0
#  0  1  1  1  2  4  2  1
#  0  1  1  0  3  6  4  2
#  1  1  2  2  2  6  5  2
#  1  2  1  2  1  2  2  2
#  1  1  1  2  2  1  1  2
#  1  1  2  1  2  1  2  1
