# TS_TEXT=2019-08-18-22:20:04
# TS_SECS=1566163204.66
# HOST=centre-node
# PERCENTILE_10=11.8
# PERCENTILE_90=14.4
# MIN_PIXEL=11.2
# MEDIAN_PIXEL=12.5
# MAX_PIXEL=18.5

# IMAGE
11.8 11.2 11.8 11.8 12.0 11.8 12.2 12.2 
11.8 11.5 11.8 12.8 12.0 12.8 12.5 12.8 
11.5 11.8 12.2 12.2 13.2 15.5 16.2 13.2 
11.8 12.2 12.2 12.0 15.0 17.5 18.5 13.5 
12.0 12.5 12.5 12.5 13.0 14.8 14.8 13.2 
12.5 12.2 12.8 13.0 12.5 12.5 12.8 12.8 
12.8 12.2 13.2 12.8 12.5 12.0 12.8 13.0 
12.2 13.0 12.5 12.8 12.8 12.5 13.0 12.2 


# DIFF
#  0  0  0  0  1  0  1  1
#  0  0  0  2  1  2  1  2
#  0  0  1  1  2  4  5  2
#  0  1  1  1  4  6  7  2
#  1  1  1  1  2  4  4  2
#  1  1  2  2  1  1  2  2
#  2  1  2  2  1  1  2  2
#  1  2  1  2  2  1  2  1
