# TS_TEXT=2019-08-25-11:34:32
# TS_SECS=1566729272.08
# HOST=centre-node
# PERCENTILE_10=14.0
# PERCENTILE_90=15.2
# MIN_PIXEL=13.8
# MEDIAN_PIXEL=14.6
# MAX_PIXEL=18.0

# IMAGE
14.8 14.0 14.2 13.8 14.2 14.8 14.2 14.0 
14.2 15.0 14.2 14.5 14.0 14.5 14.0 14.0 
14.2 14.0 14.8 15.2 14.8 14.2 14.2 14.0 
14.8 14.8 17.0 18.0 17.8 14.8 14.2 14.2 
14.2 15.0 17.2 17.5 16.2 14.8 14.0 14.2 
14.8 14.8 15.2 15.0 14.8 14.5 14.2 14.2 
15.0 14.8 14.8 14.8 14.8 14.2 14.2 14.2 
15.0 15.2 15.0 14.8 14.5 14.2 14.8 14.2 


# DIFF
#  1  0  0  0  0  1  0  0
#  0  1  0  1  0  1  0  0
#  0  0  1  2  1  0  0  0
#  1  1  3  4  4  1  0  0
#  0  1  4  4  2  1  0  0
#  1  1  2  1  1  1  0  0
#  1  1  1  1  1  0  0  0
#  1  2  1  1  1  0  1  0
