# TS_TEXT=2019-08-25-11:35:23
# TS_SECS=1566729323.54
# HOST=centre-node
# PERCENTILE_10=13.8
# PERCENTILE_90=15.4
# MIN_PIXEL=13.2
# MEDIAN_PIXEL=14.5
# MAX_PIXEL=18.5

# IMAGE
14.8 14.0 14.0 14.0 14.0 14.5 13.5 13.8 
13.5 14.2 14.0 14.5 14.0 14.2 13.8 13.2 
13.8 14.0 15.0 15.0 15.5 15.0 14.2 14.2 
14.8 15.0 16.5 17.0 18.5 15.0 14.2 14.0 
14.2 15.2 18.2 17.0 16.5 14.5 13.5 14.5 
14.0 14.2 15.0 15.2 14.5 14.5 14.8 14.8 
14.8 14.2 14.8 14.5 14.0 14.5 14.0 14.0 
13.8 14.5 15.0 14.8 15.0 14.5 15.0 14.0 


# DIFF
#  2  1  1  1  1  1  0  0
#  0  1  1  1  1  1  0  0
#  0  1  2  2  2  2  1  1
#  2  2  3  4  5  2  1  1
#  1  2  5  4  3  1  0  1
#  1  1  2  2  1  1  2  2
#  2  1  2  1  1  1  1  1
#  0  1  2  2  2  1  2  1
