# TS_TEXT=2019-08-25-11:35:17
# TS_SECS=1566729317.46
# HOST=centre-node
# PERCENTILE_10=14.0
# PERCENTILE_90=15.7
# MIN_PIXEL=13.8
# MEDIAN_PIXEL=14.8
# MAX_PIXEL=18.0

# IMAGE
14.2 14.0 14.0 14.0 14.2 14.0 14.2 14.2 
14.2 14.2 14.0 15.0 14.0 15.0 14.0 13.8 
14.2 14.0 14.8 15.2 15.5 14.5 14.8 14.0 
14.5 15.0 16.0 18.0 17.8 14.5 14.5 14.2 
14.8 15.5 17.5 18.0 15.8 14.8 14.2 14.8 
14.8 14.8 15.2 15.8 14.8 14.8 14.5 14.2 
15.0 14.5 15.0 15.2 14.8 14.5 14.8 14.5 
14.5 15.0 14.8 15.0 14.8 14.5 14.8 13.8 


# DIFF
#  0  0  0  0  0  0  0  0
#  0  0  0  1  0  1  0  0
#  0  0  1  2  2  1  1  0
#  1  1  2  4  4  1  1  0
#  1  2  4  4  2  1  0  1
#  1  1  2  2  1  1  1  0
#  1  1  1  2  1  1  1  1
#  1  1  1  1  1  1  1  0
