# TS_TEXT=2019-08-25-11:35:02
# TS_SECS=1566729302.32
# HOST=centre-node
# PERCENTILE_10=14.0
# PERCENTILE_90=15.2
# MIN_PIXEL=13.2
# MEDIAN_PIXEL=14.5
# MAX_PIXEL=17.8

# IMAGE
14.8 14.5 13.8 14.2 13.5 14.0 14.5 14.2 
14.0 14.0 14.0 14.2 13.8 14.0 13.8 13.2 
14.0 14.0 14.8 15.0 14.5 14.0 14.0 14.0 
14.8 15.2 16.5 17.2 17.8 14.8 14.2 14.2 
14.5 15.2 17.8 17.2 17.2 14.8 14.0 14.8 
15.0 15.0 14.8 15.2 14.5 14.8 14.8 14.5 
14.8 14.5 14.8 14.8 14.2 14.8 14.2 14.5 
14.8 15.0 14.2 14.5 14.5 14.5 14.5 14.8 


# DIFF
#  2  1  0  1  0  1  1  1
#  1  1  1  1  0  1  0  0
#  1  1  2  2  1  1  1  1
#  2  2  3  4  4  2  1  1
#  1  2  4  4  4  2  1  2
#  2  2  2  2  1  2  2  1
#  2  1  2  2  1  2  1  1
#  2  2  1  1  1  1  1  2
