# TS_TEXT=2019-08-18-23:10:30
# TS_SECS=1566166230.61
# HOST=aft-node
# PERCENTILE_10=13.5
# PERCENTILE_90=16.9
# MIN_PIXEL=13.2
# MEDIAN_PIXEL=14.0
# MAX_PIXEL=21.8

# IMAGE
17.2 18.2 14.8 13.2 13.5 14.0 13.5 14.0 
20.2 19.5 17.2 14.2 13.2 13.5 13.2 14.0 
20.2 21.8 16.0 14.2 13.8 14.0 14.0 14.0 
13.8 14.0 13.5 14.8 13.5 13.5 14.0 13.8 
14.2 14.0 13.8 13.8 14.0 13.2 14.0 14.0 
13.5 14.2 14.2 14.0 14.0 14.0 14.0 14.0 
14.0 14.0 14.2 13.5 14.5 13.8 13.8 13.5 
14.2 15.5 14.0 14.2 13.2 13.8 14.0 14.0 


# DIFF
#  4  5  2  0  0  1  0  1
#  7  6  4  1  0  0  0  1
#  7  8  3  1  0  1  1  1
#  0  1  0  2  0  0  1  0
#  1  1  0  0  1  0  1  1
#  0  1  1  1  1  1  1  1
#  1  1  1  0  1  0  0  0
#  1  2  1  1  0  0  1  1
