# TS_TEXT=2019-08-18-23:10:06
# TS_SECS=1566166206.41
# HOST=aft-node
# PERCENTILE_10=13.8
# PERCENTILE_90=17.6
# MIN_PIXEL=0.0
# MEDIAN_PIXEL=14.5
# MAX_PIXEL=19.8

# IMAGE
13.8 13.8 14.0 14.0 15.0 14.2 14.2 13.8 
14.0 14.2 14.0 14.5 14.2 14.8 14.2 13.8 
13.2 13.8 14.0 14.2 15.2 15.5 14.8 14.2 
14.0 14.2 15.0 14.5 16.8 19.0 17.8 15.2 
14.2 14.2 14.5 14.2 15.5 16.5 19.8 15.5 
14.5 14.8 13.8 14.0 15.0 14.8 15.5 14.5 
14.5 15.0 15.2 13.8 14.5 17.2 17.8 15.8 
0.0 13.5 13.8 14.2 14.5 18.5 19.0 18.8 


# DIFF
# 14 14 14 14 15 14 14 14
# 14 14 14 14 14 15 14 14
# 13 14 14 14 15 16 15 14
# 14 14 15 14 17 19 18 15
# 14 14 14 14 16 16 20 16
# 14 15 14 14 15 15 16 14
# 14 15 15 14 14 17 18 16
#  0 14 14 14 14 18 19 19
