# TS_TEXT=2019-08-19-08:22:09
# TS_SECS=1566199329.68
# HOST=aft-node
# PERCENTILE_10=13.5
# PERCENTILE_90=15.0
# MIN_PIXEL=13.2
# MEDIAN_PIXEL=14.2
# MAX_PIXEL=18.2

# IMAGE
14.0 14.2 13.8 14.2 13.8 14.0 14.0 15.0 
13.8 14.5 14.5 14.0 13.5 14.5 13.2 14.0 
13.2 13.8 13.2 13.5 14.0 13.8 13.8 14.5 
13.2 13.5 13.8 13.8 13.2 14.0 14.0 14.2 
15.2 15.0 14.8 14.8 17.0 18.2 17.2 15.0 
14.5 14.0 14.8 15.0 15.0 16.0 14.8 14.0 
14.2 14.2 14.5 14.8 14.2 14.8 14.5 14.5 
13.8 15.0 14.5 14.8 14.0 14.8 14.0 14.2 


# DIFF
#  1  1  0  1  0  1  1  2
#  0  1  1  1  0  1  0  1
#  0  0  0  0  1  0  0  1
#  0  0  0  0  0  1  1  1
#  2  2  2  2  4  5  4  2
#  1  1  2  2  2  3  2  1
#  1  1  1  2  1  2  1  1
#  0  2  1  2  1  2  1  1
