# TS_TEXT=2019-08-19-08:22:03
# TS_SECS=1566199323.63
# HOST=aft-node
# PERCENTILE_10=13.5
# PERCENTILE_90=15.0
# MIN_PIXEL=0.0
# MEDIAN_PIXEL=14.1
# MAX_PIXEL=19.5

# IMAGE
14.5 14.2 14.5 14.8 14.0 14.5 15.0 15.0 
14.5 14.5 14.5 14.5 14.8 15.0 17.5 17.2 
14.0 14.0 14.0 14.8 14.2 14.5 15.2 19.5 
14.0 14.0 14.2 14.0 14.2 13.8 14.5 17.5 
14.2 13.8 14.0 14.0 14.0 13.2 14.0 14.0 
13.8 13.8 13.8 13.2 14.0 13.8 13.8 13.8 
13.5 13.8 13.5 13.5 13.5 14.0 13.5 14.0 
0.0 15.5 14.5 14.8 14.5 14.5 14.5 14.2 


# DIFF
# 14 14 14 15 14 14 15 15
# 14 14 14 14 15 15 18 17
# 14 14 14 15 14 14 15 20
# 14 14 14 14 14 14 14 18
# 14 14 14 14 14 13 14 14
# 14 14 14 13 14 14 14 14
# 14 14 14 14 14 14 14 14
#  0 16 14 15 14 14 14 14
