# TS_TEXT=2019-08-18-23:22:32
# TS_SECS=1566166952.65
# HOST=fore-node
# PERCENTILE_10=12.8
# PERCENTILE_90=13.5
# MIN_PIXEL=12.5
# MEDIAN_PIXEL=13.0
# MAX_PIXEL=13.8

# IMAGE
13.0 13.0 13.2 12.5 13.0 13.2 13.0 13.0 
13.2 13.2 12.8 13.2 13.2 13.0 13.0 13.2 
13.0 13.2 13.2 13.2 13.2 13.5 13.0 13.2 
13.8 13.0 13.8 13.0 12.5 13.0 13.2 13.0 
13.2 13.8 13.5 12.8 13.0 13.5 13.2 13.5 
13.5 13.2 13.2 13.2 13.5 12.8 12.5 13.0 
13.0 13.2 12.5 12.5 12.5 13.0 13.0 13.5 
13.0 13.0 12.8 13.0 13.0 13.0 13.2 12.8 


# DIFF
#  0  0  1  0  0  1  0  0
#  1  1  0  1  1  0  0  1
#  0  1  1  1  1  1  0  1
#  1  0  1  0  0  0  1  0
#  1  1  1  0  0  1  1  1
#  1  1  1  1  1  0  0  0
#  0  1  0  0  0  0  0  1
#  0  0  0  0  0  0  1  0
