# TS_TEXT=2019-08-18-21:52:30
# TS_SECS=1566161550.44
# HOST=centre-node
# PERCENTILE_10=13.8
# PERCENTILE_90=16.3
# MIN_PIXEL=13.5
# MEDIAN_PIXEL=14.5
# MAX_PIXEL=19.5

# IMAGE
13.8 13.8 13.8 13.8 13.5 14.0 14.2 14.5 
13.8 13.5 13.8 14.2 14.0 14.2 14.2 13.5 
14.0 14.0 14.0 14.2 14.5 13.8 14.2 13.8 
14.2 14.5 14.5 15.8 16.5 15.0 14.5 14.0 
13.8 14.5 15.0 18.8 18.8 15.5 14.5 14.5 
14.2 14.2 15.0 18.5 19.5 15.5 15.2 15.2 
15.0 14.5 15.2 17.2 17.0 15.2 15.2 14.2 
14.8 14.5 15.5 15.0 15.5 15.5 15.5 15.2 


# DIFF
#  0  0  0  0  0  0  1  1
#  0  0  0  1  0  1  1  0
#  0  0  0  1  1  0  1  0
#  1  1  1  2  3  2  1  0
#  0  1  2  5  5  2  1  1
#  1  1  2  5  6  2  2  2
#  2  1  2  4  4  2  2  1
#  1  1  2  2  2  2  2  2
