# TS_TEXT=2019-08-18-22:05:22
# TS_SECS=1566162322.68
# HOST=centre-node
# PERCENTILE_10=13.8
# PERCENTILE_90=17.9
# MIN_PIXEL=13.8
# MEDIAN_PIXEL=14.8
# MAX_PIXEL=19.8

# IMAGE
14.0 14.0 13.8 14.5 14.0 14.0 14.5 13.8 
13.8 13.8 14.0 14.8 14.0 14.2 13.8 13.8 
14.0 13.8 14.2 14.8 15.0 14.5 14.5 13.8 
14.5 14.8 14.8 17.5 18.5 15.8 15.0 14.0 
14.2 14.8 16.0 18.5 19.2 18.0 14.2 14.8 
14.5 14.8 15.5 18.0 19.2 19.8 16.0 15.2 
15.0 15.0 15.0 15.8 16.8 16.8 15.5 14.5 
13.8 15.5 15.2 15.0 15.0 14.5 15.5 14.5 


# DIFF
#  0  0  0  1  0  0  1  0
#  0  0  0  1  0  0  0  0
#  0  0  0  1  1  1  1  0
#  1  1  1  4  5  2  1  0
#  0  1  2  5  6  4  0  1
#  1  1  2  4  6  6  2  2
#  1  1  1  2  3  3  2  1
#  0  2  2  1  1  1  2  1
