# TS_TEXT=2019-08-25-12:47:42
# TS_SECS=1566733662.05
# HOST=starboard-node
# PERCENTILE_10=15.5
# PERCENTILE_90=17.1
# MIN_PIXEL=14.5
# MEDIAN_PIXEL=16.0
# MAX_PIXEL=20.2

# IMAGE
15.5 16.8 17.5 18.8 16.2 15.8 15.5 14.5 
16.0 16.5 20.2 19.8 16.5 16.0 15.8 15.0 
15.5 16.8 18.5 19.0 16.8 15.8 15.8 15.5 
16.2 16.5 16.8 17.2 16.2 16.2 15.2 15.8 
16.2 15.8 16.0 16.2 15.8 16.0 16.8 15.0 
16.2 15.5 15.5 16.0 15.8 16.2 15.8 16.0 
15.5 16.0 16.2 16.0 16.2 15.5 15.5 15.5 
16.0 16.0 16.0 15.8 15.8 16.0 16.2 16.5 


# DIFF
#  1  2  3  4  2  1  1  0
#  2  2  6  5  2  2  1  0
#  1  2  4  4  2  1  1  1
#  2  2  2  3  2  2  1  1
#  2  1  2  2  1  2  2  0
#  2  1  1  2  1  2  1  2
#  1  2  2  2  2  1  1  1
#  2  2  2  1  1  2  2  2
