# TS_TEXT=2019-08-25-12:47:06
# TS_SECS=1566733626.86
# HOST=starboard-node
# PERCENTILE_10=15.2
# PERCENTILE_90=16.7
# MIN_PIXEL=14.2
# MEDIAN_PIXEL=15.8
# MAX_PIXEL=20.2

# IMAGE
15.5 16.2 17.8 18.2 16.0 15.8 14.8 14.2 
15.8 15.8 20.2 19.5 16.0 15.8 15.8 14.8 
16.0 16.2 18.0 18.8 16.5 15.2 15.5 15.0 
16.0 16.0 16.0 16.5 16.2 15.8 15.2 15.8 
15.8 15.5 15.5 16.0 15.5 16.0 15.5 15.2 
16.5 15.2 16.0 16.0 15.8 16.0 15.8 15.5 
16.2 15.8 15.8 16.0 16.0 15.8 15.8 15.2 
16.8 16.0 16.2 15.8 15.5 16.0 15.2 16.0 


# DIFF
#  1  2  4  4  2  2  0  0
#  2  2  6  5  2  2  2  0
#  2  2  4  4  2  1  1  1
#  2  2  2  2  2  2  1  2
#  2  1  1  2  1  2  1  1
#  2  1  2  2  2  2  2  1
#  2  2  2  2  2  2  2  1
#  2  2  2  2  1  2  1  2
