# TS_TEXT=2019-08-27-13:26:35
# TS_SECS=1566908795.17
# HOST=centre-node
# PERCENTILE_10=14.5
# PERCENTILE_90=17.3
# MIN_PIXEL=14.2
# MEDIAN_PIXEL=15.2
# MAX_PIXEL=23.8

# IMAGE
15.2 14.5 15.0 15.0 14.5 14.8 14.2 14.2 
14.8 15.0 14.8 15.2 15.0 15.2 14.5 14.8 
15.5 15.2 16.2 17.5 16.2 15.0 15.0 14.2 
15.2 16.5 21.2 23.8 21.0 16.2 15.0 14.5 
15.8 16.5 21.8 22.5 21.8 16.8 15.2 15.0 
15.5 16.0 15.8 16.8 16.2 15.8 15.5 15.0 
15.2 15.5 14.8 15.8 15.2 15.5 15.2 15.0 
14.2 15.2 15.5 15.2 15.0 15.5 15.5 15.5 


# DIFF
#  1  0  1  1  0  0  0  0
#  0  1  0  1  1  1  0  0
#  1  1  2  3  2  1  1  0
#  1  2  7 10  7  2  1  0
#  2  2  8  8  8  2  1  1
#  1  2  2  2  2  2  1  1
#  1  1  0  2  1  1  1  1
#  0  1  1  1  1  1  1  1
