# TS_TEXT=2019-08-27-13:26:58
# TS_SECS=1566908818.32
# HOST=centre-node
# PERCENTILE_10=14.2
# PERCENTILE_90=19.1
# MIN_PIXEL=14.0
# MEDIAN_PIXEL=15.0
# MAX_PIXEL=24.5

# IMAGE
14.5 14.2 14.0 14.8 14.8 14.8 14.2 14.8 
14.2 14.8 15.0 15.0 14.5 15.0 14.2 14.2 
14.8 14.5 15.2 14.5 15.2 14.8 15.2 14.0 
14.8 15.0 15.5 15.0 15.5 15.2 14.5 14.2 
15.0 15.5 16.2 17.0 16.5 15.5 15.0 15.0 
15.5 16.2 21.0 22.0 21.5 16.2 15.0 15.0 
15.8 16.2 22.0 24.5 21.8 16.0 15.0 14.8 
15.0 16.2 17.5 19.8 16.5 15.2 15.8 15.2 


# DIFF
#  0  0  0  1  1  1  0  1
#  0  1  1  1  0  1  0  0
#  1  0  1  0  1  1  1  0
#  1  1  2  1  2  1  0  0
#  1  2  2  3  2  2  1  1
#  2  2  7  8  8  2  1  1
#  2  2  8 10  8  2  1  1
#  1  2  4  6  2  1  2  1
