# TS_TEXT=2019-08-27-13:26:19
# TS_SECS=1566908779.08
# HOST=centre-node
# PERCENTILE_10=15.5
# PERCENTILE_90=19.7
# MIN_PIXEL=15.0
# MEDIAN_PIXEL=16.2
# MAX_PIXEL=25.0

# IMAGE
15.5 15.8 15.5 16.0 15.2 15.5 15.0 15.0 
15.5 16.0 15.5 16.2 15.8 16.2 15.5 15.0 
15.5 15.8 16.5 16.2 16.2 15.5 16.0 16.0 
16.0 15.8 16.2 16.0 16.5 16.0 16.5 15.8 
16.2 16.8 16.5 18.0 21.0 20.5 17.0 16.5 
16.0 16.5 16.5 19.5 24.0 25.0 22.2 17.0 
16.0 15.8 16.5 17.5 19.8 20.2 18.5 16.8 
15.8 16.5 16.8 16.8 17.0 16.8 17.0 16.2 


# DIFF
#  0  1  0  1  0  0  0  0
#  0  1  0  1  1  1  0  0
#  0  1  2  1  1  0  1  1
#  1  1  1  1  2  1  2  1
#  1  2  2  3  6  6  2  2
#  1  2  2  4  9 10  7  2
#  1  1  2  2  5  5  4  2
#  1  2  2  2  2  2  2  1
