# TS_TEXT=2019-08-27-13:23:08
# TS_SECS=1566908588.29
# HOST=centre-node
# PERCENTILE_10=15.5
# PERCENTILE_90=18.1
# MIN_PIXEL=15.0
# MEDIAN_PIXEL=16.0
# MAX_PIXEL=24.8

# IMAGE
16.2 15.8 15.8 16.2 15.2 15.2 15.5 16.0 
15.5 15.8 15.8 16.5 15.5 16.0 15.2 15.5 
15.2 15.8 16.0 16.8 16.8 15.8 16.2 15.0 
16.5 16.2 17.8 22.2 20.0 16.2 15.5 15.2 
16.0 16.0 18.2 24.0 24.8 17.0 15.8 15.8 
15.8 16.5 16.5 23.2 22.0 17.0 16.0 16.2 
16.2 15.8 16.8 17.2 17.8 16.0 16.5 15.8 
15.5 16.0 16.5 15.8 16.0 16.2 16.0 16.0 


# DIFF
#  1  1  1  1  0  0  0  1
#  0  1  1  2  0  1  0  0
#  0  1  1  2  2  1  1  0
#  2  1  3  7  5  1  0  0
#  1  1  3  9 10  2  1  1
#  1  2  2  8  7  2  1  1
#  1  1  2  2  3  1  2  1
#  0  1  2  1  1  1  1  1
