# TS_TEXT=2019-08-27-13:26:09
# TS_SECS=1566908769.04
# HOST=centre-node
# PERCENTILE_10=14.8
# PERCENTILE_90=19.6
# MIN_PIXEL=14.2
# MEDIAN_PIXEL=15.5
# MAX_PIXEL=24.0

# IMAGE
15.8 14.5 14.8 15.2 15.0 15.0 14.8 14.5 
15.5 15.5 15.0 15.5 15.5 15.2 15.0 14.5 
15.5 15.2 15.5 15.0 15.8 15.2 15.5 14.2 
15.8 16.0 15.8 15.5 15.8 15.2 15.2 15.0 
15.0 15.5 16.0 16.2 16.8 15.8 14.8 15.5 
15.8 16.0 17.5 20.8 20.0 18.0 15.8 15.2 
16.5 15.8 18.5 23.8 23.8 20.8 16.2 15.2 
15.0 16.5 17.2 20.5 24.0 18.0 16.2 15.5 


# DIFF
#  2  0  0  1  1  1  0  0
#  1  1  1  1  1  1  1  0
#  1  1  1  1  2  1  1  0
#  2  2  2  1  2  1  1  1
#  1  1  2  2  2  2  0  1
#  2  2  3  6  6  4  2  1
#  2  2  4 10 10  6  2  1
#  1  2  3  6 10  4  2  1
