# TS_TEXT=2019-08-27-13:23:38
# TS_SECS=1566908618.42
# HOST=centre-node
# PERCENTILE_10=15.6
# PERCENTILE_90=19.3
# MIN_PIXEL=15.2
# MEDIAN_PIXEL=16.2
# MAX_PIXEL=25.0

# IMAGE
15.5 16.0 16.0 15.8 15.8 15.5 15.5 15.8 
15.5 16.0 15.8 16.2 16.0 16.5 15.8 15.2 
16.2 16.0 16.2 16.2 16.5 16.0 16.5 15.2 
16.0 16.0 16.2 16.5 17.0 16.0 15.8 16.0 
16.2 17.0 18.0 21.5 19.8 16.5 16.0 16.2 
16.2 17.2 21.0 24.5 19.8 16.5 16.8 16.2 
16.0 16.8 22.8 25.0 18.0 16.8 16.0 16.8 
15.5 17.2 18.2 18.2 17.0 16.8 16.2 15.8 


# DIFF
#  0  1  1  0  0  0  0  0
#  0  1  0  1  1  1  0  0
#  1  1  1  1  1  1  1  0
#  1  1  1  1  2  1  0  1
#  1  2  3  6  4  1  1  1
#  1  2  6  9  4  1  2  1
#  1  2  8 10  3  2  1  2
#  0  2  3  3  2  2  1  0
