# TS_TEXT=2019-08-27-13:24:46
# TS_SECS=1566908686.69
# HOST=centre-node
# PERCENTILE_10=15.1
# PERCENTILE_90=19.6
# MIN_PIXEL=14.8
# MEDIAN_PIXEL=15.8
# MAX_PIXEL=24.5

# IMAGE
14.8 14.8 15.2 15.8 15.0 15.2 15.2 15.5 
15.2 15.0 15.5 16.2 15.2 15.8 15.0 15.0 
15.2 15.2 16.8 16.2 16.2 15.5 15.8 14.8 
15.8 16.2 17.2 22.0 18.8 15.8 15.8 15.2 
15.8 16.5 20.0 24.2 20.0 15.8 15.8 15.5 
15.8 16.5 20.8 24.5 20.2 16.0 15.5 15.8 
16.2 16.0 17.2 17.8 16.5 16.2 15.8 15.8 
15.2 16.0 16.5 16.0 15.8 15.8 16.2 15.5 


# DIFF
#  0  0  0  1  0  0  0  1
#  0  0  1  2  0  1  0  0
#  0  0  2  2  2  1  1  0
#  1  2  2  7  4  1  1  0
#  1  2  5 10  5  1  1  1
#  1  2  6 10  6  1  1  1
#  2  1  2  3  2  2  1  1
#  0  1  2  1  1  1  2  1
