# TS_TEXT=2019-08-27-13:25:51
# TS_SECS=1566908751.98
# HOST=centre-node
# PERCENTILE_10=15.0
# PERCENTILE_90=19.9
# MIN_PIXEL=14.5
# MEDIAN_PIXEL=15.5
# MAX_PIXEL=24.0

# IMAGE
15.2 15.0 15.2 15.2 15.0 15.0 15.2 15.5 
15.2 15.8 15.2 15.5 15.2 15.8 15.0 14.5 
15.2 15.0 16.0 15.5 15.8 15.0 15.5 14.8 
15.5 15.5 16.0 15.2 16.0 15.2 15.5 15.2 
15.2 16.2 16.8 16.2 17.0 15.5 15.2 16.0 
15.5 15.5 17.2 20.5 22.0 17.5 15.8 15.2 
16.0 15.5 20.5 23.8 24.0 17.8 15.5 15.8 
15.2 16.0 18.5 23.0 20.5 16.5 16.0 15.5 


# DIFF
#  1  0  1  1  0  0  1  1
#  1  1  1  1  1  1  0  0
#  1  0  2  1  1  0  1  0
#  1  1  2  1  2  1  1  1
#  1  2  2  2  2  1  1  2
#  1  1  3  6  8  3  1  1
#  2  1  6  9 10  3  1  1
#  1  2  4  8  6  2  2  1
