# TS_TEXT=2019-08-27-13:26:55
# TS_SECS=1566908815.28
# HOST=centre-node
# PERCENTILE_10=14.5
# PERCENTILE_90=19.0
# MIN_PIXEL=14.2
# MEDIAN_PIXEL=15.0
# MAX_PIXEL=23.8

# IMAGE
14.8 14.8 14.5 14.5 14.5 14.2 14.5 14.2 
14.5 14.8 14.2 15.2 15.0 15.0 14.8 14.2 
14.8 14.2 15.0 15.2 15.8 14.8 14.8 14.2 
15.0 15.8 15.2 15.0 15.8 15.0 14.5 14.8 
15.5 16.2 17.5 18.5 17.0 15.2 14.8 15.0 
16.2 20.0 23.2 23.0 19.5 15.5 15.8 15.0 
16.0 19.2 23.8 21.2 17.0 15.5 14.8 14.8 
14.8 16.5 17.5 16.5 15.8 15.2 15.5 14.8 


# DIFF
#  0  0  0  0  0  0  0  0
#  0  0  0  1  1  1  0  0
#  0  0  1  1  2  0  0  0
#  1  2  1  1  2  1  0  0
#  1  2  3  4  3  1  0  1
#  2  6  9  9  5  1  2  1
#  2  5 10  7  3  1  0  0
#  0  2  3  2  2  1  1  0
