# TS_TEXT=2019-08-27-13:26:46
# TS_SECS=1566908806.21
# HOST=centre-node
# PERCENTILE_10=14.2
# PERCENTILE_90=18.0
# MIN_PIXEL=14.0
# MEDIAN_PIXEL=15.0
# MAX_PIXEL=23.8

# IMAGE
14.5 14.2 14.5 15.0 14.8 14.2 14.2 15.0 
14.8 14.2 14.8 15.2 14.5 15.0 14.2 14.0 
14.8 14.8 15.2 15.0 15.0 15.0 15.2 14.2 
15.2 15.8 16.0 16.8 17.2 15.5 15.0 14.2 
14.5 16.0 20.5 23.8 22.8 18.2 15.2 14.5 
14.8 15.8 18.2 23.0 22.0 17.5 15.8 15.2 
14.8 15.2 16.0 16.5 16.2 15.5 15.2 14.8 
14.5 14.8 15.0 15.2 15.5 14.5 15.0 14.8 


# DIFF
#  0  0  0  1  1  0  0  1
#  1  0  1  1  0  1  0  0
#  1  1  1  1  1  1  1  0
#  1  2  2  3  3  2  1  0
#  0  2  6 10  9  4  1  0
#  1  2  4  9  8  4  2  1
#  1  1  2  2  2  2  1  1
#  0  1  1  1  2  0  1  1
