# TS_TEXT=2019-08-27-13:22:37
# TS_SECS=1566908557.17
# HOST=centre-node
# PERCENTILE_10=16.0
# PERCENTILE_90=19.7
# MIN_PIXEL=15.2
# MEDIAN_PIXEL=16.4
# MAX_PIXEL=25.2

# IMAGE
16.0 16.0 16.2 16.5 15.2 16.0 16.0 16.2 
16.0 16.0 16.0 17.0 16.2 16.2 16.0 15.8 
15.8 16.0 17.0 16.2 17.0 16.2 16.5 15.5 
16.2 16.8 17.0 18.8 17.2 16.2 16.0 15.8 
16.5 17.0 18.5 24.0 20.5 16.5 16.0 16.0 
16.2 17.0 19.5 25.2 21.5 16.8 16.5 16.0 
16.5 16.2 19.8 23.2 20.5 17.0 16.5 16.0 
16.2 16.8 17.0 17.2 17.2 16.5 16.2 16.2 


# DIFF
#  1  1  1  1  0  1  1  1
#  1  1  1  2  1  1  1  0
#  0  1  2  1  2  1  1  0
#  1  2  2  4  2  1  1  0
#  1  2  3  9  5  1  1  1
#  1  2  4 10  6  2  1  1
#  1  1  4  8  5  2  1  1
#  1  2  2  2  2  1  1  1
