# TS_TEXT=2019-08-27-13:24:38
# TS_SECS=1566908678.66
# HOST=centre-node
# PERCENTILE_10=15.2
# PERCENTILE_90=18.4
# MIN_PIXEL=14.5
# MEDIAN_PIXEL=16.0
# MAX_PIXEL=23.8

# IMAGE
16.8 16.0 16.0 15.5 15.2 15.8 14.8 15.2 
16.0 17.2 18.0 16.5 16.0 16.2 15.5 14.8 
17.2 23.5 23.2 17.0 16.2 15.5 16.0 15.0 
17.2 22.2 23.8 19.5 16.2 16.0 15.5 14.5 
16.0 18.2 22.5 18.5 16.5 16.0 15.8 15.8 
16.2 16.2 16.8 16.2 16.2 15.8 16.0 15.5 
16.0 16.2 16.0 15.8 16.5 16.0 15.8 15.2 
15.0 16.0 16.0 15.5 15.8 15.5 16.0 15.0 


# DIFF
#  2  2  2  1  1  1  0  1
#  2  3  4  2  2  2  1  0
#  3  9  9  2  2  1  2  0
#  3  8  9  5  2  2  1  0
#  2  4  8  4  2  2  1  1
#  2  2  2  2  2  1  2  1
#  2  2  2  1  2  2  1  1
#  0  2  2  1  1  1  2  0
