# TS_TEXT=2019-08-18-23:01:41
# TS_SECS=1566165701.87
# HOST=fore-node
# PERCENTILE_10=12.8
# PERCENTILE_90=14.7
# MIN_PIXEL=0.0
# MEDIAN_PIXEL=13.5
# MAX_PIXEL=17.5

# IMAGE
13.0 13.2 13.8 13.5 13.2 13.2 13.0 12.8 
13.2 13.5 14.2 13.5 13.2 13.0 12.8 12.5 
13.0 13.2 13.5 13.5 13.2 13.5 13.2 13.5 
13.5 13.5 13.5 13.5 13.2 13.2 13.8 12.8 
13.5 13.8 14.8 13.8 13.5 13.5 13.8 13.2 
14.0 15.8 16.5 14.5 13.8 13.8 13.5 13.2 
14.8 17.5 17.5 15.0 14.0 13.2 13.5 13.0 
0.0 12.8 13.2 13.5 12.8 12.8 12.8 13.0 


# DIFF
# 13 13 14 14 13 13 13 13
# 13 14 14 14 13 13 13 12
# 13 13 14 14 13 14 13 14
# 14 14 14 14 13 13 14 13
# 14 14 15 14 14 14 14 13
# 14 16 16 14 14 14 14 13
# 15 18 18 15 14 13 14 13
#  0 13 13 14 13 13 13 13
