# TS_TEXT=2019-08-27-14:10:48
# TS_SECS=1566911448.89
# HOST=aft-node
# PERCENTILE_10=14.2
# PERCENTILE_90=16.9
# MIN_PIXEL=13.8
# MEDIAN_PIXEL=15.0
# MAX_PIXEL=22.2

# IMAGE
15.0 15.5 15.2 15.0 15.5 15.2 15.0 14.5 
14.8 15.8 16.0 17.2 15.5 16.0 15.0 15.0 
15.5 15.5 18.0 22.2 17.5 15.2 15.0 14.5 
15.0 16.0 18.8 22.2 18.2 15.0 14.5 15.2 
15.2 15.2 15.8 15.8 16.0 14.8 15.2 14.5 
14.5 14.8 15.0 14.8 15.0 14.5 15.0 14.2 
14.5 14.2 14.0 14.2 14.8 15.0 15.0 14.8 
14.2 14.8 14.5 14.2 13.8 14.0 14.8 14.2 


# DIFF
#  1  2  2  1  2  2  1  1
#  1  2  2  4  2  2  1  1
#  2  2  4  8  4  2  1  1
#  1  2  5  8  4  1  1  2
#  2  2  2  2  2  1  2  1
#  1  1  1  1  1  1  1  0
#  1  0  0  0  1  1  1  1
#  0  1  1  0  0  0  1  0
