# TS_TEXT=2019-08-27-14:11:48
# TS_SECS=1566911508.21
# HOST=aft-node
# PERCENTILE_10=14.5
# PERCENTILE_90=17.3
# MIN_PIXEL=14.0
# MEDIAN_PIXEL=15.2
# MAX_PIXEL=22.5

# IMAGE
15.0 15.8 15.8 15.0 16.0 15.0 15.0 14.8 
15.5 15.8 16.2 17.5 16.2 15.8 15.0 15.2 
16.0 16.2 19.8 22.0 20.0 15.8 14.8 15.0 
15.2 16.5 18.8 22.5 18.5 15.8 15.2 14.8 
15.5 15.8 16.0 16.8 15.8 15.0 15.0 14.2 
15.0 15.2 15.8 15.2 15.5 15.2 15.0 14.8 
14.5 15.0 15.0 15.0 14.5 15.2 15.2 14.2 
14.2 15.5 15.0 14.8 14.0 14.2 14.2 14.5 


# DIFF
#  1  2  2  1  2  1  1  1
#  2  2  2  4  2  2  1  1
#  2  2  6  8  6  2  1  1
#  1  2  5  8  4  2  1  1
#  2  2  2  3  2  1  1  0
#  1  1  2  1  2  1  1  1
#  0  1  1  1  0  1  1  0
#  0  2  1  1  0  0  0  0
