# TS_TEXT=2019-08-27-14:11:08
# TS_SECS=1566911469.00
# HOST=aft-node
# PERCENTILE_10=14.5
# PERCENTILE_90=16.4
# MIN_PIXEL=14.2
# MEDIAN_PIXEL=15.2
# MAX_PIXEL=22.5

# IMAGE
15.2 15.8 15.2 15.5 15.2 15.2 14.8 15.0 
15.2 16.0 16.0 16.2 16.0 15.5 15.5 14.5 
16.0 16.0 19.5 22.5 20.0 15.8 15.2 14.8 
15.2 16.0 18.0 22.2 18.5 15.2 15.5 15.2 
15.5 15.8 16.0 16.5 15.8 15.2 15.0 14.2 
15.0 14.8 15.5 14.8 15.5 15.2 15.2 14.5 
14.5 14.8 14.8 14.8 14.8 15.0 15.2 14.5 
14.8 14.5 14.8 15.0 14.2 14.2 14.8 14.5 


# DIFF
#  1  2  1  1  1  1  0  1
#  1  2  2  2  2  1  1  0
#  2  2  5  8  6  2  1  0
#  1  2  4  8  4  1  1  1
#  1  2  2  2  2  1  1  0
#  1  0  1  0  1  1  1  0
#  0  0  0  0  0  1  1  0
#  0  0  0  1  0  0  0  0
