# TS_TEXT=2019-08-27-14:10:21
# TS_SECS=1566911421.74
# HOST=aft-node
# PERCENTILE_10=14.0
# PERCENTILE_90=16.3
# MIN_PIXEL=13.8
# MEDIAN_PIXEL=14.8
# MAX_PIXEL=22.0

# IMAGE
15.0 14.8 15.8 15.5 15.5 15.0 15.0 14.8 
14.8 15.5 15.8 16.5 15.8 15.5 14.5 14.0 
15.2 15.5 19.0 22.0 18.5 15.0 14.8 14.5 
14.2 15.2 18.0 21.2 18.8 14.8 14.0 14.2 
15.0 15.0 15.5 15.5 14.8 14.8 14.8 14.0 
14.2 15.0 14.8 14.0 15.0 14.8 14.8 14.0 
14.0 14.0 14.2 14.0 14.8 14.5 14.0 14.5 
14.0 14.5 14.2 14.0 13.8 13.8 14.2 14.0 


# DIFF
#  1  1  2  2  2  1  1  1
#  1  2  2  3  2  2  1  0
#  2  2  5  8  5  1  1  1
#  0  2  4  8  5  1  0  0
#  1  1  2  2  1  1  1  0
#  0  1  1  0  1  1  1  0
#  0  0  0  0  1  1  0  1
#  0  1  0  0  0  0  0  0
