# TS_TEXT=2019-08-27-14:10:22
# TS_SECS=1566911422.75
# HOST=aft-node
# PERCENTILE_10=14.0
# PERCENTILE_90=15.9
# MIN_PIXEL=13.5
# MEDIAN_PIXEL=14.5
# MAX_PIXEL=22.0

# IMAGE
14.2 15.2 14.8 14.8 15.5 14.8 15.0 14.2 
14.5 15.0 15.5 16.0 15.2 15.2 14.5 15.0 
15.2 15.0 18.0 21.2 18.8 15.0 14.2 14.5 
14.5 15.5 17.8 22.0 18.8 15.5 14.5 15.0 
15.0 14.5 15.2 15.5 15.2 14.5 14.8 14.5 
14.2 14.5 15.0 14.5 14.5 14.2 14.8 14.0 
14.5 13.8 14.5 14.0 14.5 14.5 14.2 14.5 
14.0 13.8 14.5 14.0 13.5 13.8 13.5 13.8 


# DIFF
#  1  2  1  1  2  1  2  1
#  1  2  2  2  2  2  1  2
#  2  2  4  8  5  2  1  1
#  1  2  4  8  5  2  1  2
#  2  1  2  2  2  1  1  1
#  1  1  2  1  1  1  1  0
#  1  0  1  0  1  1  1  1
#  0  0  1  0  0  0  0  0
