# TS_TEXT=2019-08-27-14:10:28
# TS_SECS=1566911428.78
# HOST=aft-node
# PERCENTILE_10=14.6
# PERCENTILE_90=16.5
# MIN_PIXEL=13.8
# MEDIAN_PIXEL=15.5
# MAX_PIXEL=23.0

# IMAGE
15.2 15.8 16.0 15.5 16.0 15.5 15.8 15.0 
15.5 16.5 16.0 16.5 16.2 16.2 15.5 14.8 
16.0 15.8 19.0 21.5 19.0 16.0 15.2 15.2 
15.0 16.0 18.5 23.0 19.5 16.0 15.2 15.0 
15.8 15.5 16.2 16.5 16.0 15.5 15.5 14.8 
15.0 15.0 15.2 15.2 15.5 15.0 15.0 14.5 
15.0 15.0 14.8 14.5 15.0 15.5 15.0 14.8 
15.2 15.2 15.2 14.2 13.8 14.2 14.0 14.2 


# DIFF
#  2  2  2  2  2  2  2  1
#  2  3  2  3  2  2  2  1
#  2  2  5  8  5  2  2  2
#  1  2  5  9  6  2  2  1
#  2  2  2  3  2  2  2  1
#  1  1  2  2  2  1  1  1
#  1  1  1  1  1  2  1  1
#  2  2  2  0  0  0  0  0
