# TS_TEXT=2019-08-27-14:11:45
# TS_SECS=1566911505.19
# HOST=aft-node
# PERCENTILE_10=14.5
# PERCENTILE_90=16.7
# MIN_PIXEL=14.0
# MEDIAN_PIXEL=15.2
# MAX_PIXEL=22.2

# IMAGE
15.8 15.5 15.5 15.8 16.0 15.2 15.2 14.5 
15.8 16.0 16.0 16.5 16.5 15.8 15.0 14.8 
15.8 16.5 20.0 22.2 19.5 15.8 15.5 14.5 
16.0 16.0 19.5 22.2 18.8 15.8 15.2 15.0 
15.5 16.0 16.2 16.8 15.8 15.5 15.2 14.5 
15.5 14.8 15.2 15.2 15.2 15.0 15.2 14.5 
14.8 15.0 15.2 14.8 15.2 15.0 15.0 14.5 
14.8 14.5 14.5 14.5 14.2 14.2 14.5 14.0 


# DIFF
#  2  2  2  2  2  1  1  0
#  2  2  2  2  2  2  1  1
#  2  2  6  8  6  2  2  0
#  2  2  6  8  5  2  1  1
#  2  2  2  3  2  2  1  0
#  2  1  1  1  1  1  1  0
#  1  1  1  1  1  1  1  0
#  1  0  0  0  0  0  0  0
