# TS_TEXT=2019-08-18-21:48:58
# TS_SECS=1566161338.38
# HOST=aft-node
# PERCENTILE_10=14.5
# PERCENTILE_90=17.1
# MIN_PIXEL=14.5
# MEDIAN_PIXEL=15.0
# MAX_PIXEL=19.0

# IMAGE
14.8 15.2 17.5 18.8 17.5 15.2 15.2 14.5 
15.0 15.2 16.2 19.0 18.8 15.8 17.5 15.2 
15.0 15.0 15.0 14.8 15.0 15.5 18.8 15.8 
14.8 14.8 14.5 14.5 14.5 15.2 15.0 15.5 
15.2 14.8 14.5 15.0 15.0 14.5 14.5 15.2 
15.0 14.5 15.0 15.2 14.8 14.5 15.0 14.5 
15.5 15.8 15.0 15.2 14.8 15.5 14.8 14.5 
14.8 15.0 14.5 16.0 16.2 15.2 14.5 15.5 


# DIFF
#  0  1  3  4  3  1  1  0
#  0  1  2  4  4  1  3  1
#  0  0  0  0  0  1  4  1
#  0  0  0  0  0  1  0  1
#  1  0  0  0  0  0  0  1
#  0  0  0  1  0  0  0  0
#  1  1  0  1  0  1  0  0
#  0  0  0  2  2  1  0  1
