# TS_TEXT=2019-08-18-21:48:53
# TS_SECS=1566161333.34
# HOST=aft-node
# PERCENTILE_10=13.8
# PERCENTILE_90=16.3
# MIN_PIXEL=13.5
# MEDIAN_PIXEL=14.5
# MAX_PIXEL=18.8

# IMAGE
14.2 14.0 13.8 14.5 14.8 15.2 15.0 14.5 
13.5 14.5 13.8 14.8 17.0 17.8 17.2 14.5 
14.0 14.5 14.8 14.8 15.2 18.5 18.8 15.2 
15.0 14.2 14.0 14.5 13.8 14.8 14.5 14.5 
14.5 14.5 14.5 14.0 14.0 13.8 14.5 14.0 
16.8 15.2 14.0 14.2 14.5 14.0 14.2 13.5 
18.8 14.8 14.2 13.8 14.2 14.0 14.0 14.5 
14.8 15.0 15.2 14.8 14.0 14.5 13.8 14.5 


# DIFF
#  1  0  0  1  1  2  2  1
#  0  1  0  1  4  4  4  1
#  0  1  1  1  2  5  5  2
#  2  1  0  1  0  1  1  1
#  1  1  1  0  0  0  1  0
#  3  2  0  1  1  0  1  0
#  5  1  1  0  1  0  0  1
#  1  2  2  1  0  1  0  1
