# TS_TEXT=2019-08-18-21:53:55
# TS_SECS=1566161635.19
# HOST=aft-node
# PERCENTILE_10=14.0
# PERCENTILE_90=15.2
# MIN_PIXEL=0.0
# MEDIAN_PIXEL=14.5
# MAX_PIXEL=18.0

# IMAGE
14.2 14.0 14.2 14.5 15.0 18.0 14.8 14.8 
14.8 14.5 14.5 14.8 14.8 16.8 17.8 16.5 
14.0 14.8 14.8 14.8 14.0 14.5 15.2 17.0 
14.5 14.5 14.2 14.2 14.2 14.0 14.2 14.8 
14.5 14.2 15.0 14.5 14.5 14.0 14.5 14.0 
14.8 14.8 14.2 14.2 14.0 14.5 14.0 14.0 
15.5 15.2 15.0 14.5 14.8 14.8 14.5 14.2 
0.0 14.0 14.0 14.2 14.0 15.0 15.0 14.5 


# DIFF
# 14 14 14 14 15 18 15 15
# 15 14 14 15 15 17 18 16
# 14 15 15 15 14 14 15 17
# 14 14 14 14 14 14 14 15
# 14 14 15 14 14 14 14 14
# 15 15 14 14 14 14 14 14
# 16 15 15 14 15 15 14 14
#  0 14 14 14 14 15 15 14
