# TS_TEXT=2019-08-18-22:31:57
# TS_SECS=1566163917.84
# HOST=fore-node
# PERCENTILE_10=13.5
# PERCENTILE_90=15.7
# MIN_PIXEL=0.0
# MEDIAN_PIXEL=14.2
# MAX_PIXEL=20.0

# IMAGE
14.2 14.0 14.0 14.0 13.8 14.0 13.5 14.0 
14.0 13.5 14.0 14.0 14.5 13.8 14.0 13.5 
14.5 14.0 14.5 14.0 14.2 14.2 14.2 14.5 
14.5 14.0 14.2 15.0 15.0 14.8 14.2 13.8 
14.0 15.2 15.0 16.8 18.2 15.2 14.5 15.0 
14.5 14.0 15.0 18.0 20.0 15.5 14.2 14.5 
15.0 15.2 15.8 18.2 19.2 15.5 14.5 14.5 
0.0 13.2 13.0 14.0 13.2 14.2 13.0 14.2 


# DIFF
# 14 14 14 14 14 14 14 14
# 14 14 14 14 14 14 14 14
# 14 14 14 14 14 14 14 14
# 14 14 14 15 15 15 14 14
# 14 15 15 17 18 15 14 15
# 14 14 15 18 20 16 14 14
# 15 15 16 18 19 16 14 14
#  0 13 13 14 13 14 13 14
