# TS_TEXT=2019-08-18-21:43:10
# TS_SECS=1566160990.87
# HOST=aft-node
# PERCENTILE_10=14.5
# PERCENTILE_90=15.4
# MIN_PIXEL=14.5
# MEDIAN_PIXEL=14.8
# MAX_PIXEL=15.8

# IMAGE
14.8 15.0 14.5 14.8 14.8 15.0 14.8 15.2 
14.8 14.5 15.0 15.5 15.0 14.8 14.5 15.0 
14.8 15.0 14.8 15.2 15.5 14.8 14.8 14.5 
15.0 14.8 14.5 15.0 14.8 14.8 14.8 14.8 
15.5 14.8 14.8 14.5 15.0 15.0 14.5 14.5 
14.8 14.8 14.8 14.8 15.5 15.8 15.2 15.0 
15.0 15.0 14.5 14.5 14.5 14.8 15.0 14.5 
15.5 15.8 15.2 15.0 15.0 14.8 14.5 15.0 


# DIFF
#  0  0  0  0  0  0  0  1
#  0  0  0  1  0  0  0  0
#  0  0  0  1  1  0  0  0
#  0  0  0  0  0  0  0  0
#  1  0  0  0  0  0  0  0
#  0  0  0  0  1  1  1  0
#  0  0  0  0  0  0  0  0
#  1  1  1  0  0  0  0  0
