# TS_TEXT=2019-08-25-12:30:21
# TS_SECS=1566732621.79
# HOST=port-node
# PERCENTILE_10=16.0
# PERCENTILE_90=18.2
# MIN_PIXEL=15.5
# MEDIAN_PIXEL=16.2
# MAX_PIXEL=20.8

# IMAGE
16.0 16.0 15.8 15.8 16.0 16.2 16.2 16.0 
16.5 16.0 16.5 16.2 16.5 16.2 17.5 16.8 
15.8 16.2 16.2 16.5 16.2 16.8 20.8 18.5 
15.5 16.5 16.0 16.5 16.2 17.0 20.5 20.2 
16.0 16.5 16.5 16.2 16.5 16.5 17.5 18.8 
18.2 17.0 16.5 16.2 16.5 15.8 16.0 16.8 
19.5 16.2 16.0 16.5 16.2 16.2 16.2 16.2 
18.2 15.8 16.5 16.0 16.2 16.2 16.2 16.2 


# DIFF
#  0  0  0  0  0  1  1  0
#  1  0  1  1  1  1  2  1
#  0  1  1  1  1  1  5  3
#  0  1  0  1  1  2  5  5
#  0  1  1  1  1  1  2  3
#  3  2  1  1  1  0  0  1
#  4  1  0  1  1  1  1  1
#  3  0  1  0  1  1  1  1
