# TS_TEXT=2019-08-25-12:30:23
# TS_SECS=1566732623.80
# HOST=port-node
# PERCENTILE_10=16.0
# PERCENTILE_90=17.9
# MIN_PIXEL=15.2
# MEDIAN_PIXEL=16.4
# MAX_PIXEL=20.8

# IMAGE
16.8 16.2 15.8 15.5 16.2 16.2 16.2 16.0 
16.8 16.5 16.2 16.0 16.2 16.0 17.5 16.8 
16.2 16.5 16.8 16.5 16.5 16.2 20.2 19.2 
15.2 16.2 16.8 16.2 16.5 17.0 20.8 20.5 
16.0 16.2 16.2 16.5 16.2 16.5 17.8 19.5 
18.0 17.2 16.8 16.2 16.0 16.0 16.0 16.2 
20.2 17.0 16.2 16.5 16.0 16.5 16.2 16.8 
17.5 16.5 16.5 16.0 16.5 16.2 16.0 15.8 


# DIFF
#  2  1  0  0  1  1  1  1
#  2  1  1  1  1  1  2  2
#  1  1  2  1  1  1  5  4
#  0  1  2  1  1  2  6  5
#  1  1  1  1  1  1  2  4
#  3  2  2  1  1  1  1  1
#  5  2  1  1  1  1  1  2
#  2  1  1  1  1  1  1  0
