# TS_TEXT=2019-08-25-12:30:17
# TS_SECS=1566732617.76
# HOST=port-node
# PERCENTILE_10=16.0
# PERCENTILE_90=18.2
# MIN_PIXEL=15.8
# MEDIAN_PIXEL=16.5
# MAX_PIXEL=20.8

# IMAGE
15.8 16.5 16.0 15.8 16.5 16.8 16.0 16.5 
16.5 16.2 16.5 16.5 16.5 16.2 17.5 17.2 
16.2 16.5 16.5 16.0 16.8 16.5 20.0 18.2 
15.8 16.2 16.5 16.5 16.5 16.8 20.2 20.8 
16.5 16.5 16.5 16.5 16.0 16.8 17.2 18.5 
18.5 17.8 16.2 17.0 16.0 16.0 16.5 16.0 
18.8 16.8 16.8 16.2 16.5 16.5 16.0 16.0 
18.2 16.2 16.2 16.0 16.2 16.0 16.5 16.5 


# DIFF
#  0  1  0  0  1  1  0  1
#  1  0  1  1  1  0  2  2
#  0  1  1  0  1  1  4  2
#  0  0  1  1  1  1  4  5
#  1  1  1  1  0  1  2  3
#  3  2  0  1  0  0  1  0
#  3  1  1  0  1  1  0  0
#  2  0  0  0  0  0  1  1
