# TS_TEXT=2019-08-18-22:15:43
# TS_SECS=1566162943.07
# HOST=aft-node
# PERCENTILE_10=13.5
# PERCENTILE_90=15.7
# MIN_PIXEL=13.0
# MEDIAN_PIXEL=14.0
# MAX_PIXEL=17.8

# IMAGE
13.5 14.2 14.0 13.8 13.8 14.2 17.8 17.5 
13.8 14.0 13.5 14.0 13.2 14.0 15.8 15.5 
14.0 13.8 14.0 13.5 14.0 13.5 13.8 14.2 
14.2 14.0 14.0 13.8 13.8 13.8 13.2 14.0 
13.5 13.0 13.8 13.8 13.8 13.8 14.0 13.5 
14.2 14.5 14.2 14.0 14.5 14.2 13.8 13.8 
13.5 13.5 13.2 14.2 16.0 17.8 17.5 13.8 
13.5 14.0 14.2 14.0 14.8 15.8 15.5 14.2 


# DIFF
#  0  1  1  1  1  1  5  4
#  1  1  0  1  0  1  3  2
#  1  1  1  0  1  0  1  1
#  1  1  1  1  1  1  0  1
#  0  0  1  1  1  1  1  0
#  1  2  1  1  2  1  1  1
#  0  0  0  1  3  5  4  1
#  0  1  1  1  2  3  2  1
