# TS_TEXT=2019-08-18-22:57:48
# TS_SECS=1566165468.73
# HOST=centre-node
# PERCENTILE_10=14.0
# PERCENTILE_90=15.2
# MIN_PIXEL=13.8
# MEDIAN_PIXEL=14.6
# MAX_PIXEL=19.2

# IMAGE
15.0 14.5 13.8 14.5 14.2 14.2 14.0 14.2 
14.0 13.8 14.2 14.8 14.2 14.8 13.8 13.8 
14.0 14.2 14.5 14.2 14.2 14.2 14.2 14.0 
15.0 15.0 14.5 14.5 14.5 14.5 14.0 14.5 
14.2 15.2 14.8 14.5 14.8 14.5 14.0 14.8 
14.8 14.8 14.8 15.2 15.2 15.0 14.8 14.8 
16.5 17.2 16.8 15.2 14.8 14.8 14.8 14.5 
17.2 19.2 16.8 14.8 14.8 14.8 15.2 14.8 


# DIFF
#  1  1  0  1  0  0  0  0
#  0  0  0  1  0  1  0  0
#  0  0  1  0  0  0  0  0
#  1  1  1  1  1  1  0  1
#  0  2  1  1  1  1  0  1
#  1  1  1  2  2  1  1  1
#  3  4  3  2  1  1  1  1
#  4  6  3  1  1  1  2  1
