# TS_TEXT=2019-08-18-22:10:43
# TS_SECS=1566162643.59
# HOST=aft-node
# PERCENTILE_10=13.8
# PERCENTILE_90=16.2
# MIN_PIXEL=13.0
# MEDIAN_PIXEL=14.2
# MAX_PIXEL=18.5

# IMAGE
14.2 13.5 13.8 13.5 14.0 13.8 16.0 16.2 
14.2 14.0 14.0 13.8 14.2 13.5 18.5 18.2 
14.5 14.2 14.0 13.8 13.8 13.8 15.0 14.5 
14.5 14.8 14.2 14.8 14.5 14.5 14.0 14.2 
13.8 13.8 13.8 14.2 15.5 16.0 16.2 13.8 
13.8 14.0 14.2 14.2 16.8 18.5 18.2 13.5 
13.8 14.0 14.5 13.8 14.2 15.0 14.5 13.8 
14.0 14.0 14.5 13.0 14.0 14.0 14.2 14.5 


# DIFF
#  1  0  1  0  1  1  3  3
#  1  1  1  1  1  0  6  5
#  2  1  1  1  1  1  2  2
#  2  2  1  2  2  2  1  1
#  1  1  1  1  2  3  3  1
#  1  1  1  1  4  6  5  0
#  1  1  2  1  1  2  2  1
#  1  1  2  0  1  1  1  2
