# TS_TEXT=2019-08-18-22:10:26
# TS_SECS=1566162626.44
# HOST=aft-node
# PERCENTILE_10=14.0
# PERCENTILE_90=15.0
# MIN_PIXEL=13.8
# MEDIAN_PIXEL=14.5
# MAX_PIXEL=15.2

# IMAGE
13.8 14.0 14.2 13.8 14.8 14.8 14.8 14.2 
14.8 14.2 14.5 15.0 14.8 14.8 14.5 14.8 
14.5 14.2 14.5 14.8 14.5 14.5 15.2 15.2 
14.2 14.8 14.5 15.0 14.2 14.5 13.8 14.0 
14.0 14.2 14.8 13.8 14.5 14.0 14.8 14.2 
14.8 14.8 14.2 14.5 15.0 14.2 14.5 14.2 
14.8 14.5 14.8 14.0 14.2 14.8 14.2 14.8 
14.5 15.2 15.2 15.0 14.5 15.0 14.0 14.2 


# DIFF
#  0  0  0  0  1  1  1  0
#  1  0  1  1  1  1  1  1
#  1  0  1  1  1  1  2  2
#  0  1  1  1  0  1  0  0
#  0  0  1  0  1  0  1  0
#  1  1  0  1  1  0  1  0
#  1  1  1  0  0  1  0  1
#  1  2  2  1  1  1  0  0
