# TS_TEXT=2019-08-18-21:44:43
# TS_SECS=1566161083.82
# HOST=aft-node
# PERCENTILE_10=14.5
# PERCENTILE_90=16.4
# MIN_PIXEL=0.0
# MEDIAN_PIXEL=15.0
# MAX_PIXEL=18.5

# IMAGE
15.2 14.8 15.2 15.5 18.5 18.5 16.0 14.8 
15.0 15.0 15.2 15.5 17.0 17.2 15.5 14.8 
14.8 14.8 14.8 15.2 14.8 14.8 15.2 15.0 
15.2 15.0 14.8 14.8 14.8 15.0 14.8 14.8 
14.5 14.5 14.8 14.8 14.8 14.5 15.0 14.2 
15.5 15.2 14.5 14.5 15.0 14.8 14.8 14.0 
15.5 16.0 15.5 15.5 15.0 15.2 15.2 14.8 
0.0 14.2 14.5 15.2 15.0 17.2 16.5 17.0 


# DIFF
# 15 15 15 16 18 18 16 15
# 15 15 15 16 17 17 16 15
# 15 15 15 15 15 15 15 15
# 15 15 15 15 15 15 15 15
# 14 14 15 15 15 14 15 14
# 16 15 14 14 15 15 15 14
# 16 16 16 16 15 15 15 15
#  0 14 14 15 15 17 16 17
