# TS_TEXT=2019-08-18-23:13:32
# TS_SECS=1566166412.91
# HOST=fore-node
# PERCENTILE_10=12.8
# PERCENTILE_90=13.9
# MIN_PIXEL=12.5
# MEDIAN_PIXEL=13.2
# MAX_PIXEL=16.8

# IMAGE
12.5 12.8 13.0 12.8 12.5 12.8 12.5 12.8 
13.0 12.8 13.0 13.2 13.0 12.8 13.0 12.8 
13.2 12.5 13.2 12.8 13.0 13.2 13.0 13.2 
12.8 13.0 13.0 13.2 13.2 13.2 13.2 13.2 
13.5 13.5 13.2 13.5 13.2 13.8 13.2 13.8 
13.8 13.8 14.0 13.8 13.5 13.0 13.5 13.0 
15.5 16.0 14.2 13.5 13.0 13.5 13.0 13.5 
16.8 16.2 15.5 13.5 13.0 13.2 13.0 13.2 


# DIFF
#  0  0  0  0  0  0  0  0
#  0  0  0  1  0  0  0  0
#  1  0  1  0  0  1  0  1
#  0  0  0  1  1  1  1  1
#  1  1  1  1  1  1  1  1
#  1  1  2  1  1  0  1  0
#  3  4  2  1  0  1  0  1
#  4  4  3  1  0  1  0  1
