# TS_TEXT=2019-08-18-23:13:48
# TS_SECS=1566166428.05
# HOST=fore-node
# PERCENTILE_10=12.8
# PERCENTILE_90=14.2
# MIN_PIXEL=0.0
# MEDIAN_PIXEL=13.5
# MAX_PIXEL=17.2

# IMAGE
13.5 13.0 13.2 13.2 13.0 13.8 12.8 13.0 
13.8 13.2 13.8 13.2 13.5 13.2 13.0 12.8 
13.8 12.8 13.5 13.2 13.0 13.2 13.0 13.5 
14.0 14.0 13.8 13.5 13.5 14.0 13.2 13.5 
13.2 14.5 14.0 13.8 14.0 14.0 13.5 13.8 
13.5 14.0 15.2 14.2 14.0 13.2 13.5 13.5 
14.8 16.0 17.2 15.0 14.0 14.0 13.2 13.2 
0.0 13.0 13.2 13.5 12.5 12.8 12.5 13.2 


# DIFF
# 14 13 13 13 13 14 13 13
# 14 13 14 13 14 13 13 13
# 14 13 14 13 13 13 13 14
# 14 14 14 14 14 14 13 14
# 13 14 14 14 14 14 14 14
# 14 14 15 14 14 13 14 14
# 15 16 17 15 14 14 13 13
#  0 13 13 14 12 13 12 13
