# TS_TEXT=2019-08-25-13:08:14
# TS_SECS=1566734894.63
# HOST=fore-node
# PERCENTILE_10=15.8
# PERCENTILE_90=17.4
# MIN_PIXEL=15.5
# MEDIAN_PIXEL=16.2
# MAX_PIXEL=19.8

# IMAGE
16.2 16.0 16.5 16.5 16.8 16.2 16.0 15.8 
16.8 16.2 15.8 16.8 17.5 18.5 16.2 15.5 
16.8 16.0 17.0 17.5 19.5 19.8 16.2 16.0 
15.8 16.2 16.0 18.2 18.0 17.2 16.0 15.5 
17.0 16.8 16.8 16.8 16.2 16.2 16.5 16.2 
16.5 16.8 17.0 16.2 16.5 16.8 16.0 16.2 
17.0 16.0 16.2 17.0 15.8 15.8 15.8 16.2 
16.8 16.2 16.0 16.8 16.8 16.0 15.8 15.8 


# DIFF
#  1  0  1  1  1  1  0  0
#  1  1  0  1  2  3  1  0
#  1  0  2  2  4  4  1  0
#  0  1  0  3  2  2  0  0
#  2  1  1  1  1  1  1  1
#  1  1  2  1  1  1  0  1
#  2  0  1  2  0  0  0  1
#  1  1  0  1  1  0  0  0
