# TS_TEXT=2019-08-25-13:10:38
# TS_SECS=1566735038.09
# HOST=fore-node
# PERCENTILE_10=15.5
# PERCENTILE_90=17.2
# MIN_PIXEL=14.8
# MEDIAN_PIXEL=16.2
# MAX_PIXEL=19.5

# IMAGE
14.8 15.5 16.0 15.2 16.5 16.0 15.8 15.0 
16.2 15.8 16.5 16.5 16.5 17.5 17.2 15.8 
15.5 16.0 16.2 17.0 19.2 19.2 19.5 16.5 
15.8 16.0 16.2 17.2 19.5 18.2 16.5 16.0 
16.5 17.0 16.8 17.2 17.0 16.5 16.0 16.0 
16.0 16.8 16.8 16.2 16.8 17.0 15.8 15.5 
16.2 15.5 16.2 15.8 16.2 15.5 15.8 15.8 
16.8 15.8 16.2 16.0 16.0 15.8 15.2 15.0 


# DIFF
#  0  1  1  0  2  1  1  0
#  2  1  2  2  2  3  2  1
#  1  1  2  2  4  4  5  2
#  1  1  2  2  5  4  2  1
#  2  2  2  2  2  2  1  1
#  1  2  2  2  2  2  1  1
#  2  1  2  1  2  1  1  1
#  2  1  2  1  1  1  0  0
