# TS_TEXT=2019-08-18-22:46:02
# TS_SECS=1566164762.40
# HOST=fore-node
# PERCENTILE_10=13.2
# PERCENTILE_90=14.8
# MIN_PIXEL=13.0
# MEDIAN_PIXEL=13.8
# MAX_PIXEL=18.0

# IMAGE
14.8 14.0 14.8 15.0 14.5 14.0 14.0 13.5 
14.0 14.8 16.5 16.5 13.8 14.0 13.8 13.8 
14.8 15.5 18.0 18.0 14.2 13.8 13.5 13.2 
13.2 13.8 13.5 13.2 13.8 13.0 13.2 13.5 
14.0 13.8 13.5 14.0 13.8 13.5 13.5 13.8 
13.2 13.0 13.8 13.2 14.5 13.5 14.0 13.2 
13.5 13.8 14.0 14.0 14.0 13.8 13.8 14.0 
14.0 13.8 14.2 13.8 13.8 14.2 14.2 14.2 


# DIFF
#  2  1  2  2  2  1  1  0
#  1  2  4  4  1  1  1  1
#  2  2  5  5  1  1  0  0
#  0  1  0  0  1  0  0  0
#  1  1  0  1  1  0  0  1
#  0  0  1  0  2  0  1  0
#  0  1  1  1  1  1  1  1
#  1  1  1  1  1  1  1  1
