# TS_TEXT=2019-08-18-22:45:33
# TS_SECS=1566164733.13
# HOST=fore-node
# PERCENTILE_10=13.0
# PERCENTILE_90=14.9
# MIN_PIXEL=12.5
# MEDIAN_PIXEL=13.5
# MAX_PIXEL=17.8

# IMAGE
13.0 13.0 13.5 12.5 14.0 13.2 13.5 13.5 
13.5 13.2 13.0 13.2 13.2 14.2 14.0 14.0 
13.0 12.8 14.2 13.2 13.5 13.8 14.5 15.8 
13.0 13.2 13.2 13.5 14.5 14.2 14.2 17.5 
14.0 13.2 13.5 13.5 14.0 13.0 13.0 13.5 
13.2 14.2 14.0 14.0 15.0 13.5 13.2 13.0 
13.5 13.8 14.5 15.8 16.0 13.0 12.8 14.2 
14.5 14.2 14.2 17.5 17.8 13.0 13.2 13.2 


# DIFF
#  0  0  1  0  2  1  1  1
#  1  1  0  1  1  2  2  2
#  0  0  2  1  1  1  2  3
#  0  1  1  1  2  2  2  5
#  2  1  1  1  2  0  0  1
#  1  2  2  2  2  1  1  0
#  1  1  2  3  4  0  0  2
#  2  2  2  5  5  0  1  1
