# TS_TEXT=2019-08-27-13:43:01
# TS_SECS=1566909781.07
# HOST=centre-node
# PERCENTILE_10=15.2
# PERCENTILE_90=16.2
# MIN_PIXEL=14.8
# MEDIAN_PIXEL=15.8
# MAX_PIXEL=16.8

# IMAGE
16.0 16.0 15.0 15.2 15.8 15.2 15.0 15.2 
15.5 15.5 15.5 16.0 15.2 16.2 15.8 15.5 
15.2 15.2 16.2 15.5 15.8 15.8 15.8 15.0 
15.8 16.0 16.0 15.8 16.0 15.5 15.5 15.5 
15.2 15.5 16.5 15.8 16.8 15.8 15.8 16.0 
16.0 15.8 16.0 16.2 16.5 15.5 15.8 15.5 
16.2 15.2 16.0 15.8 16.0 15.2 16.0 15.2 
14.8 16.0 15.8 15.2 15.8 16.0 16.2 16.0 


# DIFF
#  1  1  0  0  1  0  0  0
#  1  1  1  1  0  2  1  1
#  0  0  2  1  1  1  1  0
#  1  1  1  1  1  1  1  1
#  0  1  2  1  2  1  1  1
#  1  1  1  2  2  1  1  1
#  2  0  1  1  1  0  1  0
#  0  1  1  0  1  1  2  1
