# TS_TEXT=2019-08-27-13:44:19
# TS_SECS=1566909859.42
# HOST=centre-node
# PERCENTILE_10=14.5
# PERCENTILE_90=15.5
# MIN_PIXEL=14.0
# MEDIAN_PIXEL=15.2
# MAX_PIXEL=16.0

# IMAGE
14.5 14.5 14.8 15.2 14.5 14.8 14.2 14.5 
15.0 14.8 14.8 15.8 14.5 15.2 14.0 14.2 
14.8 14.8 15.2 14.8 15.2 15.2 15.2 14.5 
15.2 15.2 15.2 14.8 15.2 14.8 14.8 15.2 
14.8 15.2 15.2 15.0 16.0 15.2 15.0 15.2 
15.2 15.2 15.2 15.8 15.5 15.5 15.5 14.5 
15.2 15.0 16.0 15.5 15.2 15.0 15.0 15.2 
14.2 15.0 15.5 15.2 15.2 15.2 15.5 15.5 


# DIFF
#  0  0  1  1  0  1  0  0
#  1  1  1  2  0  1  0  0
#  1  1  1  1  1  1  1  0
#  1  1  1  1  1  1  1  1
#  1  1  1  1  2  1  1  1
#  1  1  1  2  2  2  2  0
#  1  1  2  2  1  1  1  1
#  0  1  2  1  1  1  2  2
