# TS_TEXT=2019-08-18-23:21:03
# TS_SECS=1566166863.25
# HOST=aft-node
# PERCENTILE_10=13.8
# PERCENTILE_90=14.8
# MIN_PIXEL=0.0
# MEDIAN_PIXEL=14.2
# MAX_PIXEL=15.0

# IMAGE
14.8 14.2 14.8 14.5 14.5 14.0 14.0 13.8 
15.0 14.8 14.2 14.8 14.2 15.0 14.5 14.0 
14.2 14.8 14.2 14.5 14.2 14.5 14.2 14.2 
14.8 14.5 14.2 14.0 14.0 14.0 14.0 14.2 
13.8 13.8 14.8 14.5 14.2 13.8 14.0 14.8 
14.5 14.8 14.2 14.0 14.0 13.5 14.0 13.5 
14.2 14.8 14.8 14.8 14.0 14.2 14.5 14.2 
0.0 14.0 13.8 14.5 14.0 14.2 14.5 14.5 


# DIFF
# 15 14 15 14 14 14 14 14
# 15 15 14 15 14 15 14 14
# 14 15 14 14 14 14 14 14
# 15 14 14 14 14 14 14 14
# 14 14 15 14 14 14 14 15
# 14 15 14 14 14 14 14 14
# 14 15 15 15 14 14 14 14
#  0 14 14 14 14 14 14 14
