# TS_TEXT=2019-08-25-16:00:54
# TS_SECS=1566745254.60
# HOST=centre-node
# PERCENTILE_10=15.2
# PERCENTILE_90=16.5
# MIN_PIXEL=14.5
# MEDIAN_PIXEL=16.0
# MAX_PIXEL=19.0

# IMAGE
17.0 15.8 15.8 15.0 15.8 15.5 15.8 15.2 
15.8 15.5 15.5 16.5 16.0 15.5 15.2 15.0 
15.8 15.8 16.5 16.2 16.0 15.8 15.5 14.5 
15.8 16.2 18.0 16.5 16.2 15.8 16.2 15.0 
16.0 16.5 19.0 16.8 16.2 15.8 15.8 16.2 
16.0 16.2 16.2 16.2 16.0 15.8 15.8 15.2 
16.5 16.0 16.0 16.0 16.2 16.0 15.8 15.2 
16.5 16.8 17.0 16.5 16.2 15.5 15.2 16.0 


# DIFF
#  2  1  1  0  1  1  1  1
#  1  1  1  2  2  1  1  0
#  1  1  2  2  2  1  1  0
#  1  2  4  2  2  1  2  0
#  2  2  4  2  2  1  1  2
#  2  2  2  2  2  1  1  1
#  2  2  2  2  2  2  1  1
#  2  2  2  2  2  1  1  2
