# TS_TEXT=2019-08-25-16:00:32
# TS_SECS=1566745232.48
# HOST=centre-node
# PERCENTILE_10=15.2
# PERCENTILE_90=16.2
# MIN_PIXEL=14.8
# MEDIAN_PIXEL=15.8
# MAX_PIXEL=18.8

# IMAGE
16.0 15.5 15.5 15.5 15.2 15.0 15.2 15.8 
16.0 15.8 15.2 15.8 15.5 15.5 15.2 14.8 
15.8 15.5 15.8 15.5 16.0 14.8 15.2 14.8 
16.0 16.2 17.8 15.8 15.8 15.2 16.5 15.5 
15.2 16.2 18.8 16.5 16.0 15.5 16.0 15.8 
16.0 15.8 15.5 15.8 16.0 16.0 16.0 15.8 
16.2 15.5 16.0 15.8 15.8 15.5 15.5 15.0 
15.8 16.0 16.0 15.8 15.8 15.8 15.8 15.5 


# DIFF
#  1  1  1  1  0  0  0  1
#  1  1  0  1  1  1  0  0
#  1  1  1  1  1  0  0  0
#  1  2  3  1  1  0  2  1
#  0  2  4  2  1  1  1  1
#  1  1  1  1  1  1  1  1
#  2  1  1  1  1  1  1  0
#  1  1  1  1  1  1  1  1
