# TS_TEXT=2019-08-18-23:03:10
# TS_SECS=1566165790.43
# HOST=fore-node
# PERCENTILE_10=13.2
# PERCENTILE_90=15.4
# MIN_PIXEL=12.5
# MEDIAN_PIXEL=13.8
# MAX_PIXEL=19.0

# IMAGE
14.0 14.2 15.2 15.8 14.5 12.5 13.2 14.8 
14.2 14.0 13.5 13.5 13.5 13.2 13.2 13.5 
13.5 14.0 14.0 13.8 13.5 13.8 13.8 14.0 
13.8 12.8 13.0 12.5 13.2 14.8 15.2 14.0 
13.5 13.2 13.5 13.2 13.2 13.5 19.0 15.2 
13.5 13.2 13.5 13.8 13.8 14.0 15.8 14.5 
13.5 13.5 14.5 16.8 15.2 14.0 13.5 13.5 
13.2 13.8 15.5 16.5 19.0 15.2 13.8 13.5 


# DIFF
#  2  2  3  3  2  0  1  2
#  2  2  1  1  1  1  1  1
#  1  2  2  1  1  1  1  2
#  1  0  0  0  1  2  3  2
#  1  1  1  1  1  1  6  3
#  1  1  1  1  1  2  3  2
#  1  1  2  4  3  2  1  1
#  1  1  3  4  6  3  1  1
