# TS_TEXT=2019-08-25-16:19:02
# TS_SECS=1566746342.44
# HOST=starboard-node
# PERCENTILE_10=16.5
# PERCENTILE_90=18.2
# MIN_PIXEL=16.0
# MEDIAN_PIXEL=17.0
# MAX_PIXEL=38.0

# IMAGE
16.0 16.8 16.5 17.8 17.2 18.2 17.2 17.0 
16.5 16.5 16.5 18.0 20.0 19.2 17.8 16.8 
16.2 17.0 17.0 18.5 38.0 22.8 18.0 18.0 
16.8 16.8 16.8 18.0 18.8 18.0 17.5 17.2 
16.8 16.8 16.8 17.0 17.0 17.0 17.5 16.0 
17.0 16.5 16.8 17.8 17.5 17.0 16.5 16.5 
16.2 16.5 16.8 17.5 17.5 17.0 16.5 17.0 
17.2 16.8 16.8 16.5 17.0 17.0 16.8 17.8 


# DIFF
#  0  1  0  2  1  2  1  1
#  0  0  0  2  4  3  2  1
#  0  1  1  2 22  7  2  2
#  1  1  1  2  3  2  2  1
#  1  1  1  1  1  1  2  0
#  1  0  1  2  2  1  0  0
#  0  0  1  2  2  1  0  1
#  1  1  1  0  1  1  1  2
