# TS_TEXT=2019-08-25-16:18:56
# TS_SECS=1566746336.42
# HOST=starboard-node
# PERCENTILE_10=16.5
# PERCENTILE_90=18.2
# MIN_PIXEL=16.0
# MEDIAN_PIXEL=17.2
# MAX_PIXEL=38.0

# IMAGE
16.8 17.0 16.5 18.2 17.8 17.8 17.8 16.5 
16.5 16.0 17.2 17.8 19.8 19.2 17.8 17.0 
16.8 17.5 17.0 18.2 38.0 22.0 18.2 17.5 
16.5 16.8 17.0 18.0 18.8 18.5 17.8 17.2 
17.2 16.8 17.0 17.2 17.0 17.0 17.5 16.5 
17.0 17.0 17.0 17.2 17.2 17.0 17.0 17.2 
17.0 16.5 17.5 17.5 17.8 17.5 17.0 16.5 
17.0 17.5 16.5 17.2 17.2 17.2 16.8 18.0 


# DIFF
#  1  1  0  2  2  2  2  0
#  0  0  1  2  4  3  2  1
#  1  2  1  2 22  6  2  2
#  0  1  1  2  3  2  2  1
#  1  1  1  1  1  1  2  0
#  1  1  1  1  1  1  1  1
#  1  0  2  2  2  2  1  0
#  1  2  0  1  1  1  1  2
