# TS_TEXT=2019-08-18-22:19:29
# TS_SECS=1566163169.74
# HOST=centre-node
# PERCENTILE_10=12.8
# PERCENTILE_90=15.4
# MIN_PIXEL=12.2
# MEDIAN_PIXEL=13.6
# MAX_PIXEL=19.8

# IMAGE
12.2 12.8 12.8 13.2 12.8 13.2 12.5 13.0 
13.0 13.0 12.8 13.2 12.8 13.2 13.0 13.2 
13.2 13.0 13.5 13.5 14.0 15.8 15.0 13.5 
13.2 13.8 13.5 13.5 16.2 19.8 17.8 14.2 
13.2 13.8 13.8 14.0 15.5 18.5 16.0 14.5 
13.0 13.5 13.8 14.0 13.8 14.5 14.2 14.2 
14.0 13.2 14.0 13.8 14.0 14.2 13.5 13.5 
13.5 14.0 13.5 14.2 13.8 13.8 14.2 14.0 


# DIFF
#  0  0  0  1  0  1  0  1
#  1  1  0  1  0  1  1  1
#  1  1  1  1  2  4  3  1
#  1  2  1  1  4  8  6  2
#  1  2  2  2  3  6  4  2
#  1  1  2  2  2  2  2  2
#  2  1  2  2  2  2  1  1
#  1  2  1  2  2  2  2  2
