# TS_TEXT=2019-08-18-22:19:23
# TS_SECS=1566163163.72
# HOST=centre-node
# PERCENTILE_10=13.0
# PERCENTILE_90=15.4
# MIN_PIXEL=12.2
# MEDIAN_PIXEL=13.8
# MAX_PIXEL=19.5

# IMAGE
12.5 12.8 12.2 13.0 13.0 13.2 13.0 13.2 
12.5 13.0 12.8 13.8 13.2 13.5 13.2 13.2 
12.5 13.0 13.5 13.5 14.5 16.2 15.0 13.2 
13.5 13.8 13.8 13.8 17.2 19.5 18.2 13.8 
13.2 13.5 13.8 13.5 15.5 18.0 15.5 14.2 
13.5 13.8 13.8 13.8 13.8 14.5 14.0 13.2 
13.8 13.8 14.0 14.0 14.2 13.5 13.8 14.0 
13.5 14.2 14.0 13.5 13.5 14.0 14.2 14.0 


# DIFF
#  0  0  0  1  1  1  1  1
#  0  1  0  2  1  1  1  1
#  0  1  1  1  2  4  3  1
#  1  2  2  2  5  7  6  2
#  1  1  2  1  3  6  3  2
#  1  2  2  2  2  2  2  1
#  2  2  2  2  2  1  2  2
#  1  2  2  1  1  2  2  2
