# TS_TEXT=2019-08-18-22:19:17
# TS_SECS=1566163157.70
# HOST=centre-node
# PERCENTILE_10=12.5
# PERCENTILE_90=14.7
# MIN_PIXEL=11.8
# MEDIAN_PIXEL=13.2
# MAX_PIXEL=19.2

# IMAGE
11.8 13.0 12.2 12.5 12.2 12.8 12.5 13.2 
11.8 12.2 12.8 12.8 12.8 13.2 12.8 13.0 
12.5 12.8 13.0 13.0 15.0 17.8 14.0 12.5 
13.2 13.2 12.5 13.5 15.5 19.2 15.5 13.8 
12.8 13.5 13.2 13.0 14.0 17.2 15.0 13.8 
13.0 13.5 13.2 13.5 13.5 14.0 13.8 14.0 
13.2 12.8 12.8 13.2 13.2 13.0 13.2 13.2 
13.0 13.5 12.8 13.2 13.8 13.0 13.8 12.8 


# DIFF
#  0  1  0  1  0  1  1  2
#  0  0  1  1  1  2  1  1
#  1  1  1  1  3  6  2  1
#  2  2  1  2  4  8  4  2
#  1  2  2  1  2  6  3  2
#  1  2  2  2  2  2  2  2
#  2  1  1  2  2  1  2  2
#  1  2  1  2  2  1  2  1
