# TS_TEXT=2019-08-18-22:19:11
# TS_SECS=1566163151.68
# HOST=centre-node
# PERCENTILE_10=12.0
# PERCENTILE_90=14.3
# MIN_PIXEL=11.5
# MEDIAN_PIXEL=12.8
# MAX_PIXEL=18.8

# IMAGE
12.2 11.5 11.5 12.0 12.2 12.0 12.0 12.5 
12.0 12.8 11.8 12.8 12.5 13.8 13.5 12.2 
12.0 11.8 12.2 12.5 13.5 17.5 17.8 13.2 
12.5 12.2 12.2 12.2 14.8 18.8 15.2 13.2 
12.2 12.8 12.8 12.2 13.5 17.0 14.5 13.2 
12.0 12.5 12.8 12.5 13.0 13.2 13.8 12.8 
13.2 12.8 12.8 13.2 12.5 12.8 13.0 12.5 
12.5 12.5 13.0 12.5 12.2 12.8 13.5 12.8 


# DIFF
#  1  0  0  0  1  0  0  1
#  0  1  0  1  1  2  2  1
#  0  0  1  1  2  6  6  2
#  1  1  1  1  3  7  4  2
#  1  1  1  1  2  6  3  2
#  0  1  1  1  2  2  2  1
#  2  1  1  2  1  1  2  1
#  1  1  2  1  1  1  2  1
