# TS_TEXT=2019-08-18-21:58:49
# TS_SECS=1566161929.30
# HOST=centre-node
# PERCENTILE_10=13.8
# PERCENTILE_90=17.5
# MIN_PIXEL=13.0
# MEDIAN_PIXEL=14.8
# MAX_PIXEL=19.5

# IMAGE
13.2 14.2 14.0 14.0 14.0 14.5 14.0 14.0 
13.5 14.2 13.8 14.5 14.0 14.8 13.8 13.0 
13.8 13.5 14.5 14.2 15.5 14.8 14.8 14.0 
14.0 15.0 15.5 17.5 18.2 17.5 14.5 14.5 
14.0 14.8 15.8 18.5 19.2 19.5 15.2 15.0 
14.5 14.8 14.8 16.8 18.2 17.5 15.2 14.5 
14.5 15.0 14.8 15.5 15.8 15.2 14.5 14.8 
14.8 15.2 15.5 14.8 14.2 14.8 14.8 14.5 


# DIFF
#  0  1  1  1  1  2  1  1
#  0  1  1  2  1  2  1  0
#  1  0  2  1  2  2  2  1
#  1  2  2  4  5  4  2  2
#  1  2  3  6  6  6  2  2
#  2  2  2  4  5  4  2  2
#  2  2  2  2  3  2  2  2
#  2  2  2  2  1  2  2  2
