# TS_TEXT=2019-08-27-13:35:55
# TS_SECS=1566909355.75
# HOST=centre-node
# PERCENTILE_10=14.8
# PERCENTILE_90=17.5
# MIN_PIXEL=14.0
# MEDIAN_PIXEL=15.5
# MAX_PIXEL=23.8

# IMAGE
15.0 14.8 14.8 15.0 15.2 15.0 14.5 15.0 
14.8 15.0 15.0 15.8 15.5 15.8 15.2 14.0 
15.5 15.0 16.0 16.5 19.5 17.5 16.0 14.8 
15.5 15.8 15.5 17.5 23.2 22.5 17.0 15.5 
15.2 15.5 16.2 16.0 20.5 23.8 19.5 16.0 
15.8 15.5 15.5 16.0 16.8 17.0 16.2 15.8 
15.2 15.0 15.0 15.8 15.5 15.8 15.2 15.5 
14.8 15.5 15.5 15.2 15.5 15.5 15.5 15.5 


# DIFF
#  1  1  1  1  1  1  0  1
#  1  1  1  2  2  2  1  0
#  2  1  2  2  6  4  2  1
#  2  2  2  4  9  8  3  2
#  1  2  2  2  6 10  6  2
#  2  2  2  2  3  3  2  2
#  1  1  1  2  2  2  1  2
#  1  2  2  1  2  2  2  2
