# TS_TEXT=2019-08-27-13:37:43
# TS_SECS=1566909463.19
# HOST=centre-node
# PERCENTILE_10=13.8
# PERCENTILE_90=16.7
# MIN_PIXEL=13.0
# MEDIAN_PIXEL=14.5
# MAX_PIXEL=22.5

# IMAGE
14.2 14.5 14.2 14.5 14.0 13.0 13.5 13.2 
14.2 14.0 13.8 14.5 13.8 14.2 14.0 14.0 
15.0 13.8 14.8 14.5 14.2 14.0 13.8 14.0 
15.0 15.0 15.5 16.5 16.8 14.5 14.2 14.2 
15.0 16.0 22.5 22.5 21.8 15.8 14.5 14.8 
14.8 16.5 22.0 21.5 18.8 14.8 15.0 14.2 
15.8 14.5 16.2 15.8 15.2 14.8 14.5 13.8 
13.8 14.8 15.0 15.2 14.2 14.8 14.5 14.0 


# DIFF
#  1  2  1  2  1  0  0  0
#  1  1  1  2  1  1  1  1
#  2  1  2  2  1  1  1  1
#  2  2  2  4  4  2  1  1
#  2  3 10 10  9  3  2  2
#  2  4  9  8  6  2  2  1
#  3  2  3  3  2  2  2  1
#  1  2  2  2  1  2  2  1
