# TS_TEXT=2019-08-27-13:37:48
# TS_SECS=1566909468.21
# HOST=centre-node
# PERCENTILE_10=13.8
# PERCENTILE_90=18.4
# MIN_PIXEL=13.2
# MEDIAN_PIXEL=14.2
# MAX_PIXEL=22.5

# IMAGE
13.8 13.5 14.0 14.2 14.5 14.0 13.8 13.8 
14.2 14.0 13.5 14.5 14.2 13.8 13.5 13.2 
14.0 14.5 14.5 14.5 14.8 14.2 14.0 13.2 
14.5 14.5 18.5 20.0 19.5 15.0 14.0 14.0 
15.0 16.0 22.5 22.5 20.5 15.0 14.0 14.2 
14.8 15.5 19.0 18.0 15.0 14.2 14.8 14.0 
15.0 14.2 14.8 14.2 14.2 14.5 14.2 14.2 
13.8 14.5 14.5 14.0 14.0 14.0 14.0 14.0 


# DIFF
#  0  0  1  1  1  1  0  0
#  1  1  0  1  1  0  0  0
#  1  1  1  1  2  1  1  0
#  1  1  5  7  6  2  1  1
#  2  3  9  9  7  2  1  1
#  2  2  6  5  2  1  2  1
#  2  1  2  1  1  1  1  1
#  0  1  1  1  1  1  1  1
