# TS_TEXT=2019-08-27-13:35:38
# TS_SECS=1566909338.68
# HOST=centre-node
# PERCENTILE_10=15.5
# PERCENTILE_90=18.2
# MIN_PIXEL=15.0
# MEDIAN_PIXEL=16.2
# MAX_PIXEL=23.5

# IMAGE
16.2 15.8 16.5 16.2 15.8 15.5 15.2 15.2 
17.0 18.2 17.5 16.8 15.8 16.2 15.8 15.0 
17.2 23.5 23.2 17.5 16.5 16.0 15.8 15.2 
17.8 23.2 23.5 18.2 16.8 16.0 16.0 15.5 
16.0 18.8 21.5 17.5 16.5 16.0 15.8 16.0 
16.5 16.8 16.5 16.8 16.0 16.2 16.5 15.5 
16.2 15.8 16.2 16.2 16.5 16.0 15.8 15.5 
15.5 16.2 16.8 16.2 16.5 16.5 16.0 16.0 


# DIFF
#  1  1  2  1  1  0  0  0
#  2  3  2  2  1  1  1  0
#  2  8  8  2  2  1  1  0
#  3  8  8  3  2  1  1  0
#  1  4  6  2  2  1  1  1
#  2  2  2  2  1  1  2  0
#  1  1  1  1  2  1  1  0
#  0  1  2  1  2  2  1  1
