# TS_TEXT=2019-08-27-13:36:24
# TS_SECS=1566909384.85
# HOST=centre-node
# PERCENTILE_10=14.8
# PERCENTILE_90=18.2
# MIN_PIXEL=14.5
# MEDIAN_PIXEL=15.8
# MAX_PIXEL=24.2

# IMAGE
15.5 14.5 14.8 15.0 15.0 14.5 15.0 15.2 
15.5 15.0 15.2 16.0 15.2 15.5 15.0 14.5 
15.0 15.8 16.2 15.8 16.2 15.8 15.5 14.8 
15.8 16.2 16.2 18.2 17.5 16.0 15.2 14.8 
15.5 16.5 19.2 23.2 24.2 18.0 15.8 16.2 
15.0 16.0 17.0 22.0 24.0 20.8 16.8 15.0 
16.0 15.2 16.0 16.8 18.0 16.5 15.8 15.2 
14.8 15.8 16.5 15.8 16.0 16.0 16.5 15.5 


# DIFF
#  1  0  0  0  0  0  0  1
#  1  0  1  2  1  1  0  0
#  0  1  2  1  2  1  1  0
#  1  2  2  4  3  2  1  0
#  1  2  5  9 10  4  1  2
#  0  2  2  8 10  6  2  0
#  2  1  2  2  4  2  1  1
#  0  1  2  1  2  2  2  1
