# TS_TEXT=2019-08-27-13:35:07
# TS_SECS=1566909307.56
# HOST=centre-node
# PERCENTILE_10=14.2
# PERCENTILE_90=16.7
# MIN_PIXEL=13.8
# MEDIAN_PIXEL=14.8
# MAX_PIXEL=22.2

# IMAGE
14.2 14.0 14.8 14.5 14.0 14.5 14.5 14.5 
14.5 14.2 14.2 14.8 14.2 14.5 14.5 14.0 
14.5 14.2 14.2 14.2 15.0 14.2 14.5 13.8 
14.8 14.8 15.0 14.8 14.5 14.2 14.8 14.0 
14.2 15.5 14.8 14.8 15.5 15.2 14.5 15.0 
14.5 14.8 15.0 16.5 21.0 18.8 15.5 15.0 
15.2 14.5 14.8 15.8 20.2 22.2 18.0 15.0 
14.0 14.5 14.8 15.0 16.8 21.8 16.2 14.8 


# DIFF
#  0  0  1  1  0  1  1  1
#  1  0  0  1  0  1  1  0
#  1  0  0  0  1  0  1  0
#  1  1  1  1  1  0  1  0
#  0  2  1  1  2  2  1  1
#  1  1  1  3  7  5  2  1
#  2  1  1  2  6  8  4  1
#  0  1  1  1  3  8  2  1
