# TS_TEXT=2019-08-27-13:33:30
# TS_SECS=1566909210.19
# HOST=centre-node
# PERCENTILE_10=15.8
# PERCENTILE_90=18.9
# MIN_PIXEL=15.2
# MEDIAN_PIXEL=16.2
# MAX_PIXEL=25.2

# IMAGE
16.2 16.0 16.5 15.8 15.5 15.8 16.2 15.8 
15.8 16.0 16.0 17.0 16.2 17.2 16.0 15.2 
16.5 16.2 17.0 19.0 17.0 16.5 16.5 15.5 
16.2 16.5 21.0 25.2 23.0 18.0 16.2 15.8 
16.2 17.2 20.8 22.5 23.2 18.5 16.2 16.2 
15.8 16.2 16.8 17.2 17.2 16.5 16.5 16.5 
17.0 15.8 16.2 16.8 16.0 16.5 16.0 15.8 
15.2 16.5 16.0 16.8 16.0 16.2 15.5 16.0 


# DIFF
#  1  1  1  0  0  0  1  0
#  0  1  1  2  1  2  1  0
#  1  1  2  4  2  1  1  0
#  1  1  6 10  8  3  1  0
#  1  2  6  7  8  3  1  1
#  0  1  2  2  2  1  1  1
#  2  0  1  2  1  1  1  0
#  0  1  1  2  1  1  0  1
