# TS_TEXT=2019-08-27-13:36:13
# TS_SECS=1566909373.82
# HOST=centre-node
# PERCENTILE_10=14.8
# PERCENTILE_90=17.9
# MIN_PIXEL=14.5
# MEDIAN_PIXEL=15.2
# MAX_PIXEL=23.8

# IMAGE
15.0 14.8 14.5 15.0 15.0 15.2 15.2 15.0 
14.8 15.2 15.2 15.5 15.0 15.5 14.8 14.5 
15.0 15.0 15.8 15.5 15.2 15.5 15.0 14.5 
15.8 16.0 15.8 15.2 15.8 14.8 15.5 15.0 
15.5 16.0 16.0 15.0 15.8 15.2 14.5 15.2 
19.2 19.8 18.8 16.0 15.8 15.5 15.2 14.8 
23.8 21.8 18.2 15.8 15.2 15.5 15.2 15.2 
18.0 17.8 15.8 15.5 15.2 15.2 15.2 14.8 


# DIFF
#  0  0  0  0  0  1  1  0
#  0  1  1  1  0  1  0  0
#  0  0  1  1  1  1  0  0
#  1  2  1  1  1  0  1  0
#  1  2  2  0  1  1  0  1
#  5  5  4  2  1  1  1  0
#  9  7  4  1  1  1  1  1
#  4  3  1  1  1  1  1  0
