# TS_TEXT=2019-08-27-13:36:17
# TS_SECS=1566909377.83
# HOST=centre-node
# PERCENTILE_10=15.2
# PERCENTILE_90=18.9
# MIN_PIXEL=14.5
# MEDIAN_PIXEL=15.8
# MAX_PIXEL=24.5

# IMAGE
15.5 14.8 15.5 15.2 15.5 15.5 14.5 15.0 
16.0 15.0 15.2 16.0 15.2 15.8 15.2 15.0 
15.5 15.2 16.2 16.0 16.0 15.2 15.5 14.5 
16.2 15.5 16.0 15.2 15.8 15.8 15.8 15.5 
15.8 16.2 16.2 15.8 15.8 15.8 15.5 15.5 
17.0 19.8 19.0 16.5 16.0 15.5 16.0 15.2 
19.8 22.0 21.8 17.2 16.2 15.8 15.2 15.2 
18.5 24.5 22.0 16.8 15.8 15.5 15.5 15.8 


# DIFF
#  1  0  1  1  1  1  0  0
#  2  0  1  2  1  1  1  0
#  1  1  2  2  2  1  1  0
#  2  1  2  1  1  1  1  1
#  1  2  2  1  1  1  1  1
#  2  5  4  2  2  1  2  1
#  5  8  7  3  2  1  1  1
#  4 10  8  2  1  1  1  1
