# TS_TEXT=2019-08-27-13:37:56
# TS_SECS=1566909476.24
# HOST=centre-node
# PERCENTILE_10=13.2
# PERCENTILE_90=15.8
# MIN_PIXEL=12.8
# MEDIAN_PIXEL=13.8
# MAX_PIXEL=21.5

# IMAGE
13.5 13.2 14.0 13.8 13.8 13.2 13.5 13.5 
13.5 13.2 13.0 14.0 13.5 13.8 13.5 13.2 
13.2 13.8 13.8 13.8 14.0 13.5 13.8 13.2 
14.0 14.8 15.8 15.8 13.5 13.5 13.8 12.8 
15.0 19.2 21.5 20.5 14.5 14.2 13.5 13.2 
15.8 20.8 21.5 17.5 14.2 13.8 13.8 13.5 
15.0 14.8 15.5 14.5 14.2 13.8 13.2 13.8 
14.5 14.5 14.5 14.0 13.8 13.5 13.8 13.5 


# DIFF
#  1  0  1  1  1  0  1  1
#  1  0  0  1  1  1  1  0
#  0  1  1  1  1  1  1  0
#  1  2  3  3  1  1  1  0
#  2  6  9  8  2  2  1  0
#  3  8  9  5  2  1  1  1
#  2  2  3  2  2  1  0  1
#  2  2  2  1  1  1  1  1
