# TS_TEXT=2019-08-27-13:35:03
# TS_SECS=1566909303.55
# HOST=centre-node
# PERCENTILE_10=14.2
# PERCENTILE_90=17.1
# MIN_PIXEL=14.0
# MEDIAN_PIXEL=14.8
# MAX_PIXEL=22.0

# IMAGE
14.8 14.5 15.0 14.8 14.5 14.2 14.0 14.8 
14.8 14.2 14.5 15.0 14.2 14.5 14.2 14.0 
14.2 14.0 14.2 14.8 14.5 14.5 14.5 14.0 
14.2 15.0 14.8 15.0 14.5 14.5 14.5 14.2 
14.8 15.2 14.5 14.8 17.5 17.2 15.5 15.0 
14.8 14.5 14.5 16.2 21.0 22.0 20.8 15.8 
15.5 14.2 14.8 15.2 16.8 20.8 20.8 15.2 
14.2 14.8 15.2 15.0 15.0 16.8 16.8 15.2 


# DIFF
#  1  0  1  1  0  0  0  1
#  1  0  0  1  0  0  0  0
#  0  0  0  1  0  0  0  0
#  0  1  1  1  0  0  0  0
#  1  1  0  1  4  3  2  1
#  1  0  0  2  7  8  7  2
#  2  0  1  1  3  7  7  1
#  0  1  1  1  1  3  3  1
