# TS_TEXT=2019-08-27-13:34:13
# TS_SECS=1566909253.36
# HOST=centre-node
# PERCENTILE_10=15.8
# PERCENTILE_90=18.0
# MIN_PIXEL=15.0
# MEDIAN_PIXEL=16.2
# MAX_PIXEL=23.8

# IMAGE
15.8 16.0 15.8 16.0 15.8 15.8 15.8 16.2 
16.0 15.8 16.0 16.2 15.8 16.0 15.5 15.2 
15.8 15.8 16.5 15.8 16.8 16.2 15.8 15.0 
16.0 16.2 16.5 15.5 16.8 16.2 16.2 16.0 
16.0 16.8 16.8 16.5 16.5 16.0 15.8 16.0 
16.2 16.5 17.2 17.5 16.8 16.2 16.2 15.8 
16.5 16.5 20.0 21.0 18.5 16.5 16.2 16.2 
16.5 18.2 23.8 23.0 20.0 16.0 15.8 15.8 


# DIFF
#  1  1  1  1  1  1  1  1
#  1  1  1  1  1  1  0  0
#  1  1  2  1  2  1  1  0
#  1  1  2  0  2  1  1  1
#  1  2  2  2  2  1  1  1
#  1  2  2  2  2  1  1  1
#  2  2  5  6  4  2  1  1
#  2  3  9  8  5  1  1  1
