# TS_TEXT=2019-08-27-13:36:59
# TS_SECS=1566909419.99
# HOST=centre-node
# PERCENTILE_10=15.0
# PERCENTILE_90=17.8
# MIN_PIXEL=14.5
# MEDIAN_PIXEL=15.8
# MAX_PIXEL=24.2

# IMAGE
15.5 15.0 15.5 16.0 15.5 15.8 15.0 15.5 
15.2 16.2 16.0 17.0 17.5 16.2 15.0 14.8 
15.5 16.0 17.0 22.2 24.2 18.8 15.8 15.0 
15.5 16.0 17.8 23.0 22.5 16.8 15.5 15.0 
15.2 16.2 17.2 19.5 17.8 16.0 15.8 15.5 
15.5 15.8 15.8 16.0 16.0 15.8 15.8 14.8 
15.8 15.2 15.5 15.8 16.2 15.8 14.8 14.5 
15.0 16.0 15.5 15.0 15.2 15.5 15.2 15.5 


# DIFF
#  1  0  1  2  1  1  0  1
#  1  2  2  2  3  2  0  0
#  1  2  2  8 10  4  1  0
#  1  2  3  8  8  2  1  0
#  1  2  3  5  3  2  1  1
#  1  1  1  2  2  1  1  0
#  1  1  1  1  2  1  0  0
#  0  2  1  0  1  1  1  1
