# TS_TEXT=2019-08-27-13:37:20
# TS_SECS=1566909440.10
# HOST=centre-node
# PERCENTILE_10=14.3
# PERCENTILE_90=18.9
# MIN_PIXEL=13.8
# MEDIAN_PIXEL=15.0
# MAX_PIXEL=23.2

# IMAGE
14.5 14.2 14.2 14.5 14.8 14.5 13.8 14.8 
14.8 14.5 14.8 15.2 14.8 15.0 14.2 13.8 
15.0 14.8 15.2 15.0 14.8 14.5 14.8 14.2 
15.5 15.0 15.8 15.0 15.2 14.8 15.0 14.2 
16.0 18.8 19.0 16.0 15.8 15.0 15.0 15.0 
17.0 23.0 22.0 19.8 15.5 15.2 15.0 15.2 
17.2 22.5 23.2 20.0 15.8 14.8 14.8 14.8 
16.0 17.8 17.8 16.2 14.8 15.2 15.2 14.8 


# DIFF
#  1  0  0  1  1  1  0  1
#  1  1  1  2  1  1  0  0
#  1  1  2  1  1  1  1  0
#  2  1  2  1  2  1  1  0
#  2  5  5  2  2  1  1  1
#  3  9  8  6  2  2  1  2
#  4  9 10  6  2  1  1  1
#  2  4  4  2  1  2  2  1
