# TS_TEXT=2019-08-27-13:38:00
# TS_SECS=1566909480.25
# HOST=centre-node
# PERCENTILE_10=13.5
# PERCENTILE_90=17.9
# MIN_PIXEL=12.8
# MEDIAN_PIXEL=14.0
# MAX_PIXEL=23.0

# IMAGE
14.2 13.5 14.0 14.0 13.5 13.5 13.5 13.5 
14.0 14.0 13.8 14.2 13.8 13.8 13.2 13.2 
14.0 13.8 14.0 13.8 14.2 14.0 14.0 12.8 
14.2 14.5 14.2 14.8 14.0 13.8 14.0 13.5 
15.0 19.5 19.5 17.8 14.8 14.2 14.0 14.0 
18.0 23.0 22.2 18.8 14.2 14.0 14.2 13.8 
17.2 18.5 17.8 15.5 14.8 14.2 13.2 14.0 
14.5 15.2 15.0 14.2 14.0 13.2 13.8 13.5 


# DIFF
#  2  1  1  1  1  1  1  1
#  1  1  1  2  1  1  0  0
#  1  1  1  1  2  1  1  0
#  2  2  2  2  1  1  1  1
#  2  7  7  5  2  2  1  1
#  5 10 10  6  2  1  2  1
#  4  6  5  3  2  2  0  1
#  2  2  2  2  1  0  1  1
