# TS_TEXT=2019-08-18-22:17:38
# TS_SECS=1566163058.13
# HOST=fore-node
# PERCENTILE_10=12.8
# PERCENTILE_90=14.5
# MIN_PIXEL=0.0
# MEDIAN_PIXEL=13.5
# MAX_PIXEL=18.0

# IMAGE
13.8 13.0 13.2 13.5 13.5 13.2 13.2 12.2 
13.0 13.0 14.0 13.5 14.0 12.5 13.0 12.8 
13.2 13.5 13.5 13.5 12.8 13.5 13.2 13.0 
13.8 13.5 13.2 14.0 13.5 13.8 14.0 13.2 
13.5 14.0 14.0 14.0 14.0 14.2 13.8 13.5 
13.2 13.2 14.0 14.0 17.2 16.2 14.5 13.8 
14.5 14.5 14.0 14.8 17.0 18.0 18.0 13.8 
0.0 12.8 12.5 12.8 12.8 13.0 12.2 13.2 


# DIFF
# 14 13 13 14 14 13 13 12
# 13 13 14 14 14 12 13 13
# 13 14 14 14 13 14 13 13
# 14 14 13 14 14 14 14 13
# 14 14 14 14 14 14 14 14
# 13 13 14 14 17 16 14 14
# 14 14 14 15 17 18 18 14
#  0 13 12 13 13 13 12 13
