# TS_TEXT=2019-08-18-22:17:31
# TS_SECS=1566163051.06
# HOST=fore-node
# PERCENTILE_10=12.8
# PERCENTILE_90=14.7
# MIN_PIXEL=0.0
# MEDIAN_PIXEL=13.6
# MAX_PIXEL=18.0

# IMAGE
13.2 13.2 13.2 13.2 13.5 13.8 12.2 12.2 
12.8 12.8 13.5 13.5 13.8 12.8 13.2 13.0 
12.8 13.5 13.5 13.5 13.8 13.8 13.5 13.5 
14.0 13.8 13.8 13.8 13.8 13.8 13.5 13.5 
13.2 14.0 13.8 13.8 14.5 14.2 13.8 14.0 
14.0 13.2 13.8 14.0 17.0 17.2 13.8 13.5 
14.5 14.0 14.5 14.2 17.2 18.0 17.8 14.8 
0.0 13.2 12.8 13.2 12.8 13.2 12.8 14.8 


# DIFF
# 13 13 13 13 14 14 12 12
# 13 13 14 14 14 13 13 13
# 13 14 14 14 14 14 14 14
# 14 14 14 14 14 14 14 14
# 13 14 14 14 14 14 14 14
# 14 13 14 14 17 17 14 14
# 14 14 14 14 17 18 18 15
#  0 13 13 13 13 13 13 15
