# TS_TEXT=2019-08-18-22:41:19
# TS_SECS=1566164479.51
# HOST=centre-node
# PERCENTILE_10=13.2
# PERCENTILE_90=15.7
# MIN_PIXEL=13.0
# MEDIAN_PIXEL=14.0
# MAX_PIXEL=20.5

# IMAGE
13.0 13.2 13.8 13.8 13.8 13.8 13.8 14.0 
13.0 13.2 13.2 14.0 14.0 13.8 13.5 13.0 
13.8 13.2 13.8 15.5 16.2 15.5 14.2 13.2 
14.0 14.2 14.8 17.5 20.5 17.5 14.0 13.8 
13.2 14.2 14.5 15.8 19.2 16.0 14.0 14.2 
13.8 14.0 13.8 14.0 15.2 14.2 14.2 14.0 
14.0 13.8 14.5 14.5 14.0 13.8 14.2 13.5 
14.2 14.8 14.0 13.8 14.0 14.2 14.0 13.8 


# DIFF
#  0  0  1  1  1  1  1  1
#  0  0  0  1  1  1  0  0
#  1  0  1  2  3  2  1  0
#  1  1  2  4  8  4  1  1
#  0  1  2  3  6  3  1  1
#  1  1  1  1  2  1  1  1
#  1  1  2  2  1  1  1  0
#  1  2  1  1  1  1  1  1
