# TS_TEXT=2019-08-18-22:41:10
# TS_SECS=1566164470.49
# HOST=centre-node
# PERCENTILE_10=13.2
# PERCENTILE_90=16.7
# MIN_PIXEL=13.0
# MEDIAN_PIXEL=14.0
# MAX_PIXEL=19.8

# IMAGE
13.2 13.8 13.0 13.0 13.8 13.2 13.5 14.2 
13.5 13.2 13.2 14.2 14.0 13.5 13.0 13.5 
13.2 13.2 14.2 15.2 16.5 14.0 14.0 13.2 
13.8 13.5 14.2 17.2 17.5 16.8 14.0 13.8 
13.8 14.0 14.5 15.0 19.8 18.8 14.0 14.0 
13.8 13.8 14.0 15.0 18.0 17.0 14.2 14.2 
14.0 13.5 14.2 14.5 14.5 14.0 14.0 14.2 
13.8 13.8 14.0 14.0 14.0 14.0 14.0 14.0 


# DIFF
#  0  1  0  0  1  0  0  1
#  0  0  0  1  1  0  0  0
#  0  0  1  2  4  1  1  0
#  1  0  1  4  4  4  1  1
#  1  1  2  2  7  6  1  1
#  1  1  1  2  5  4  1  1
#  1  0  1  2  2  1  1  1
#  1  1  1  1  1  1  1  1
