# TS_TEXT=2019-08-18-22:08:07
# TS_SECS=1566162487.93
# HOST=centre-node
# PERCENTILE_10=13.0
# PERCENTILE_90=17.4
# MIN_PIXEL=12.8
# MEDIAN_PIXEL=13.8
# MAX_PIXEL=18.8

# IMAGE
13.0 13.0 13.0 13.5 13.5 13.8 13.5 13.5 
13.2 13.0 13.2 13.8 13.5 13.8 13.5 12.8 
13.0 13.0 13.5 13.8 14.5 14.0 13.8 13.2 
13.8 13.8 14.0 17.0 18.8 14.8 13.8 13.8 
13.8 14.0 15.2 18.0 18.2 17.5 13.8 14.0 
13.0 14.0 14.5 17.8 17.5 18.2 14.8 14.0 
14.5 13.5 13.8 14.8 15.5 15.5 14.0 14.2 
13.8 13.5 14.5 14.5 15.0 14.2 14.2 13.8 


# DIFF
#  0  0  0  1  1  1  1  1
#  0  0  0  1  1  1  1  0
#  0  0  1  1  2  1  1  0
#  1  1  1  4  6  2  1  1
#  1  1  2  5  6  5  1  1
#  0  1  2  5  5  6  2  1
#  2  1  1  2  3  3  1  2
#  1  1  2  2  2  2  2  1
