# TS_TEXT=2019-08-25-11:54:30
# TS_SECS=1566730470.35
# HOST=fore-node
# PERCENTILE_10=15.5
# PERCENTILE_90=17.2
# MIN_PIXEL=15.0
# MEDIAN_PIXEL=16.0
# MAX_PIXEL=19.2

# IMAGE
15.5 16.0 16.2 17.2 19.2 16.5 15.5 16.0 
16.0 16.0 16.2 18.8 18.8 18.5 15.5 15.8 
16.0 16.0 16.2 17.0 17.2 16.0 15.8 16.0 
16.2 16.0 16.0 15.8 15.8 16.0 16.0 15.5 
16.8 16.0 16.2 16.5 16.0 16.2 16.0 16.0 
16.2 16.2 16.5 16.0 16.2 16.2 15.0 15.5 
16.2 16.0 16.2 16.5 16.2 16.0 16.0 16.0 
16.5 16.0 15.8 15.8 17.8 16.2 15.2 15.0 


# DIFF
#  0  1  1  2  4  2  0  1
#  1  1  1  4  4  4  0  1
#  1  1  1  2  2  1  1  1
#  1  1  1  1  1  1  1  0
#  2  1  1  2  1  1  1  1
#  1  1  2  1  1  1  0  0
#  1  1  1  2  1  1  1  1
#  2  1  1  1  3  1  0  0
