# TS_TEXT=2019-08-18-21:51:05
# TS_SECS=1566161465.52
# HOST=port-node
# PERCENTILE_10=14.0
# PERCENTILE_90=16.8
# MIN_PIXEL=0.0
# MEDIAN_PIXEL=14.8
# MAX_PIXEL=19.5

# IMAGE
13.8 14.5 14.0 14.0 14.5 14.0 14.0 14.5 
14.0 14.5 14.5 14.0 14.8 14.8 14.0 14.2 
14.0 14.2 14.5 14.5 14.8 15.0 15.0 15.0 
14.5 14.8 14.8 14.5 15.0 15.2 16.0 15.8 
15.2 15.5 14.5 14.8 14.8 15.2 18.0 18.2 
17.5 14.5 14.5 15.0 15.2 15.2 18.5 19.5 
17.0 14.8 15.0 15.2 15.8 15.0 17.0 16.2 
0.0 13.8 14.2 13.2 13.5 14.0 15.2 15.0 


# DIFF
# 14 14 14 14 14 14 14 14
# 14 14 14 14 15 15 14 14
# 14 14 14 14 15 15 15 15
# 14 15 15 14 15 15 16 16
# 15 16 14 15 15 15 18 18
# 18 14 14 15 15 15 18 20
# 17 15 15 15 16 15 17 16
#  0 14 14 13 14 14 15 15
