# TS_TEXT=2019-08-27-14:00:23
# TS_SECS=1566910823.82
# HOST=fore-node
# PERCENTILE_10=15.2
# PERCENTILE_90=19.0
# MIN_PIXEL=14.8
# MEDIAN_PIXEL=16.2
# MAX_PIXEL=22.8

# IMAGE
15.2 16.2 15.8 16.2 15.8 15.2 15.2 15.0 
16.0 16.0 17.0 16.8 16.5 16.5 16.0 14.8 
15.8 16.2 16.8 18.0 18.5 16.5 16.0 15.5 
16.0 16.2 17.0 21.0 22.0 17.2 16.0 15.8 
16.0 16.8 16.8 22.0 22.8 19.2 17.0 15.8 
16.2 16.5 16.8 20.0 22.2 18.0 16.2 16.0 
16.2 16.2 17.0 17.0 17.0 16.2 16.5 16.0 
16.8 16.8 16.2 16.0 16.2 15.2 15.2 15.0 


# DIFF
#  0  2  1  2  1  0  0  0
#  1  1  2  2  2  2  1  0
#  1  2  2  3  4  2  1  1
#  1  2  2  6  7  2  1  1
#  1  2  2  7  8  4  2  1
#  2  2  2  5  8  3  2  1
#  2  2  2  2  2  2  2  1
#  2  2  2  1  2  0  0  0
