# TS_TEXT=2019-08-25-12:30:27
# TS_SECS=1566732627.51
# HOST=centre-node
# PERCENTILE_10=14.5
# PERCENTILE_90=17.9
# MIN_PIXEL=14.0
# MEDIAN_PIXEL=15.2
# MAX_PIXEL=21.5

# IMAGE
14.5 14.8 14.8 14.2 15.0 14.8 14.5 14.5 
14.5 15.0 14.8 15.5 14.5 14.5 14.2 14.0 
14.8 15.5 15.8 16.5 15.5 15.2 14.8 14.2 
15.0 15.5 16.8 19.5 17.5 15.0 15.0 14.2 
15.2 15.2 18.2 20.0 19.0 16.2 14.5 15.0 
15.0 15.5 17.8 21.5 20.2 15.8 15.2 14.5 
15.5 15.5 16.0 18.0 17.5 15.2 14.8 14.8 
16.0 16.0 16.0 16.2 15.5 15.0 15.2 14.8 


# DIFF
#  0  1  1  0  1  1  0  0
#  0  1  1  2  0  0  0  0
#  1  2  2  2  2  1  1  0
#  1  2  3  6  4  1  1  0
#  1  1  4  6  5  2  0  1
#  1  2  4  8  6  2  1  0
#  2  2  2  4  4  1  1  1
#  2  2  2  2  2  1  1  1
