# TS_TEXT=2019-08-18-21:30:51
# TS_SECS=1566160251.98
# HOST=starboard-node
# PERCENTILE_10=14.3
# PERCENTILE_90=16.2
# MIN_PIXEL=14.0
# MEDIAN_PIXEL=15.0
# MAX_PIXEL=18.8

# IMAGE
14.8 14.8 14.2 15.2 15.2 14.5 14.0 14.0 
15.0 14.0 15.8 14.8 14.5 15.0 14.8 14.0 
15.2 15.2 15.5 15.2 14.8 14.5 14.5 14.8 
15.2 17.5 16.8 16.2 15.8 15.2 14.5 14.5 
16.2 18.8 18.8 18.0 17.5 15.5 15.0 14.5 
15.8 16.0 16.0 16.0 15.0 15.2 15.2 14.5 
15.2 14.5 15.2 15.5 14.8 14.8 14.5 14.8 
15.5 15.2 15.0 14.8 14.2 14.8 15.2 14.2 


# DIFF
#  1  1  0  1  1  0  0  0
#  1  0  2  1  0  1  1  0
#  1  1  2  1  1  0  0  1
#  1  4  3  2  2  1  0  0
#  2  5  5  4  4  2  1  0
#  2  2  2  2  1  1  1  0
#  1  0  1  2  1  1  0  1
#  2  1  1  1  0  1  1  0
