# TS_TEXT=2019-08-27-13:34:38
# TS_SECS=1566909278.89
# HOST=fore-node
# PERCENTILE_10=15.3
# PERCENTILE_90=19.4
# MIN_PIXEL=14.8
# MEDIAN_PIXEL=16.2
# MAX_PIXEL=24.5

# IMAGE
16.5 17.0 17.2 16.0 16.2 15.2 15.2 14.8 
17.0 18.0 19.2 16.8 16.5 16.0 15.8 15.5 
17.2 20.8 24.5 20.0 16.0 16.2 15.5 16.2 
17.0 19.5 23.5 19.8 16.2 16.0 15.8 15.5 
16.5 16.5 20.0 18.0 16.0 15.8 16.0 16.5 
15.0 16.5 16.2 15.8 16.2 16.0 15.8 15.2 
15.8 16.5 16.5 16.2 16.0 15.8 15.0 15.8 
16.2 16.0 15.8 15.5 16.5 15.5 15.8 15.0 


# DIFF
#  2  2  2  1  2  0  0  0
#  2  3  4  2  2  1  1  1
#  2  6 10  5  1  2  1  2
#  2  5  9  5  2  1  1  1
#  2  2  5  3  1  1  1  2
#  0  2  2  1  2  1  1  0
#  1  2  2  2  1  1  0  1
#  2  1  1  1  2  1  1  0
