# TS_TEXT=2019-08-27-13:37:20
# TS_SECS=1566909440.96
# HOST=fore-node
# PERCENTILE_10=14.2
# PERCENTILE_90=17.7
# MIN_PIXEL=13.5
# MEDIAN_PIXEL=14.9
# MAX_PIXEL=22.8

# IMAGE
14.2 14.5 15.2 14.5 15.0 14.2 13.8 13.5 
14.5 15.0 15.5 15.2 15.2 15.0 14.2 14.2 
14.2 15.2 17.5 19.2 16.0 14.8 14.8 14.5 
14.5 15.8 18.5 22.5 20.8 15.0 14.5 14.5 
15.0 15.2 16.0 22.8 20.8 15.2 15.0 15.0 
14.2 15.0 15.0 16.2 17.8 15.2 14.2 14.5 
14.2 14.8 15.0 15.0 14.8 14.5 14.5 14.0 
14.5 14.8 14.5 14.2 15.0 13.8 14.0 13.5 


# DIFF
#  1  1  2  1  2  1  0  0
#  1  2  2  2  2  2  1  1
#  1  2  4  6  2  1  1  1
#  1  2  5  9  7  2  1  1
#  2  2  2  9  7  2  2  2
#  1  2  2  3  4  2  1  1
#  1  1  2  2  1  1  1  0
#  1  1  1  1  2  0  0  0
