# TS_TEXT=2019-08-27-13:35:43
# TS_SECS=1566909343.35
# HOST=fore-node
# PERCENTILE_10=14.2
# PERCENTILE_90=17.0
# MIN_PIXEL=13.5
# MEDIAN_PIXEL=15.0
# MAX_PIXEL=21.0

# IMAGE
14.2 15.5 15.8 15.2 20.5 20.8 17.2 15.0 
14.8 15.0 14.8 15.5 21.0 21.0 16.5 15.0 
14.8 15.0 15.0 15.5 20.2 18.2 15.5 15.0 
15.2 14.5 14.8 14.8 15.8 15.8 15.0 14.8 
15.2 14.5 14.8 15.0 15.2 15.2 15.5 15.0 
14.2 15.5 15.0 14.8 14.8 15.2 14.8 15.0 
14.0 14.2 14.8 15.0 15.0 14.8 15.0 14.8 
14.2 14.5 14.2 14.8 15.0 14.0 14.0 13.5 


# DIFF
#  1  2  2  2  7  7  4  2
#  1  2  1  2  8  8  3  2
#  1  2  2  2  7  5  2  2
#  2  1  1  1  2  2  2  1
#  2  1  1  2  2  2  2  2
#  1  2  2  1  1  2  1  2
#  0  1  1  2  2  1  2  1
#  1  1  1  1  2  0  0  0
