# TS_TEXT=2019-08-27-13:37:37
# TS_SECS=1566909457.06
# HOST=fore-node
# PERCENTILE_10=14.5
# PERCENTILE_90=18.2
# MIN_PIXEL=14.0
# MEDIAN_PIXEL=15.2
# MAX_PIXEL=22.8

# IMAGE
14.0 15.0 15.2 14.8 15.2 15.0 14.5 14.8 
14.5 14.8 14.8 15.5 15.5 16.0 15.8 15.2 
14.5 15.0 15.5 15.5 16.8 18.2 18.8 16.5 
14.8 15.5 15.0 15.8 19.5 22.5 22.8 19.0 
15.2 15.0 14.8 15.5 16.8 19.5 18.2 16.8 
14.8 15.5 14.8 14.8 15.8 15.8 15.2 15.2 
14.5 14.2 15.0 14.8 15.2 14.8 15.2 14.8 
14.5 14.0 14.2 14.5 15.2 14.8 14.5 14.2 


# DIFF
#  0  1  1  1  1  1  0  1
#  0  1  1  2  2  2  2  1
#  0  1  2  2  3  4  5  2
#  1  2  1  2  6  8  9  5
#  1  1  1  2  3  6  4  3
#  1  2  1  1  2  2  1  1
#  0  0  1  1  1  1  1  1
#  0  0  0  0  1  1  0  0
