# TS_TEXT=2019-08-27-13:36:58
# TS_SECS=1566909418.80
# HOST=fore-node
# PERCENTILE_10=15.1
# PERCENTILE_90=19.3
# MIN_PIXEL=14.8
# MEDIAN_PIXEL=16.0
# MAX_PIXEL=23.8

# IMAGE
14.8 15.5 16.0 16.0 17.8 16.8 15.8 15.8 
15.5 16.0 16.0 18.8 22.8 19.5 16.0 15.8 
15.5 16.0 17.2 22.2 23.8 21.8 16.5 16.0 
15.8 16.2 16.5 20.0 20.0 17.2 16.2 15.8 
16.2 15.8 15.8 16.0 16.0 16.2 16.0 15.8 
15.8 16.2 16.2 16.0 16.2 16.0 15.8 15.2 
15.5 15.0 16.0 16.0 16.2 15.0 15.8 16.2 
15.0 15.5 15.5 15.5 15.8 14.8 14.8 15.0 


# DIFF
#  0  1  1  1  3  2  1  1
#  1  1  1  4  8  5  1  1
#  1  1  2  8  9  7  2  1
#  1  2  2  5  5  2  2  1
#  2  1  1  1  1  2  1  1
#  1  2  2  1  2  1  1  0
#  1  0  1  1  2  0  1  2
#  0  1  1  1  1  0  0  0
