# TS_TEXT=2019-08-27-13:36:42
# TS_SECS=1566909402.70
# HOST=fore-node
# PERCENTILE_10=15.0
# PERCENTILE_90=18.4
# MIN_PIXEL=14.0
# MEDIAN_PIXEL=15.8
# MAX_PIXEL=24.2

# IMAGE
15.0 15.2 15.2 15.2 15.5 15.0 15.5 15.2 
15.2 15.5 15.2 16.0 15.5 15.5 15.0 15.0 
14.5 15.2 16.0 15.5 16.2 15.2 15.5 15.5 
15.5 15.5 15.8 16.0 16.8 16.2 15.8 15.2 
15.8 15.5 16.0 18.0 22.5 18.5 16.2 16.0 
15.8 15.8 16.2 19.5 23.5 20.5 16.5 16.0 
14.0 15.2 16.0 18.2 24.2 19.5 16.5 16.0 
15.0 14.8 16.0 16.2 17.2 16.2 15.2 15.0 


# DIFF
#  1  1  1  1  2  1  2  1
#  1  2  1  2  2  2  1  1
#  0  1  2  2  2  1  2  2
#  2  2  2  2  3  2  2  1
#  2  2  2  4  8  4  2  2
#  2  2  2  6 10  6  2  2
#  0  1  2  4 10  6  2  2
#  1  1  2  2  3  2  1  1
