# TS_TEXT=2019-08-27-13:37:53
# TS_SECS=1566909473.16
# HOST=fore-node
# PERCENTILE_10=14.6
# PERCENTILE_90=17.8
# MIN_PIXEL=13.8
# MEDIAN_PIXEL=15.2
# MAX_PIXEL=24.2

# IMAGE
14.8 14.8 15.2 15.5 15.8 15.5 15.2 15.2 
14.8 15.2 15.8 16.2 17.5 17.8 15.8 14.8 
14.8 14.8 16.0 19.5 24.2 20.8 16.0 15.5 
15.2 15.2 16.2 21.8 22.2 17.8 15.8 15.0 
15.5 15.0 15.8 18.0 17.8 15.8 15.0 15.2 
15.0 15.0 15.5 15.0 15.8 15.2 14.8 14.5 
14.5 14.5 15.2 15.8 15.5 15.0 15.2 14.8 
14.8 14.5 14.5 15.0 15.2 14.5 14.8 13.8 


# DIFF
#  1  1  2  2  2  2  2  2
#  1  2  2  2  4  4  2  1
#  1  1  2  6 10  7  2  2
#  2  2  2  8  8  4  2  1
#  2  1  2  4  4  2  1  2
#  1  1  2  1  2  2  1  1
#  1  1  2  2  2  1  2  1
#  1  1  1  1  2  1  1  0
