# TS_TEXT=2019-08-27-13:34:36
# TS_SECS=1566909276.88
# HOST=fore-node
# PERCENTILE_10=15.5
# PERCENTILE_90=18.4
# MIN_PIXEL=14.8
# MEDIAN_PIXEL=16.0
# MAX_PIXEL=23.5

# IMAGE
16.8 17.5 17.5 15.8 15.8 15.8 15.5 15.2 
18.5 23.5 20.0 16.5 16.2 16.2 15.5 15.5 
18.0 23.5 22.0 16.5 16.2 16.0 16.0 15.8 
17.2 20.2 21.0 17.2 16.2 16.0 15.8 15.2 
16.0 16.5 16.5 16.5 16.0 16.2 16.2 16.0 
16.0 16.2 16.0 16.2 16.2 16.5 15.2 15.5 
16.0 15.5 16.2 16.0 16.2 15.5 15.5 15.8 
16.8 15.5 16.0 15.5 15.5 14.8 15.2 15.2 


# DIFF
#  2  3  3  1  1  1  1  0
#  4  9  5  2  2  2  1  1
#  3  9  7  2  2  1  1  1
#  2  6  6  2  2  1  1  0
#  1  2  2  2  1  2  2  1
#  1  2  1  2  2  2  0  1
#  1  1  2  1  2  1  1  1
#  2  1  1  1  1  0  0  0
