# TS_TEXT=2019-08-27-13:37:31
# TS_SECS=1566909451.00
# HOST=fore-node
# PERCENTILE_10=14.5
# PERCENTILE_90=16.0
# MIN_PIXEL=13.8
# MEDIAN_PIXEL=15.0
# MAX_PIXEL=20.8

# IMAGE
13.8 14.5 14.8 14.2 14.5 15.0 14.8 15.5 
15.2 15.2 14.5 15.8 14.8 14.8 14.8 14.8 
14.8 14.8 16.0 15.8 16.5 13.8 14.5 14.5 
15.2 15.0 15.0 16.0 20.8 15.2 15.2 15.2 
15.0 15.2 15.0 15.8 20.0 14.8 14.8 16.0 
14.5 15.2 15.5 15.2 16.0 15.2 15.0 15.0 
14.5 15.0 14.8 15.2 16.0 15.0 15.2 15.0 
14.8 14.8 14.8 14.8 15.2 14.5 15.2 15.5 


# DIFF
#  0  1  1  0  1  1  1  2
#  2  2  1  2  1  1  1  1
#  1  1  2  2  3  0  1  1
#  2  1  1  2  7  2  2  2
#  1  2  1  2  6  1  1  2
#  1  2  2  2  2  2  1  1
#  1  1  1  2  2  1  2  1
#  1  1  1  1  2  1  2  2
