# TS_TEXT=2019-08-27-13:33:47
# TS_SECS=1566909227.57
# HOST=fore-node
# PERCENTILE_10=15.8
# PERCENTILE_90=17.9
# MIN_PIXEL=14.8
# MEDIAN_PIXEL=16.2
# MAX_PIXEL=23.8

# IMAGE
14.8 15.5 15.8 15.2 16.0 15.8 15.8 15.0 
16.5 16.2 16.2 16.2 16.2 16.5 16.0 16.0 
16.0 16.0 16.2 16.2 16.5 16.5 16.8 16.2 
16.2 16.0 16.0 16.8 17.5 17.8 16.5 16.5 
16.8 16.5 16.2 18.0 22.5 23.5 20.5 17.2 
15.8 16.0 16.8 17.2 22.5 23.8 22.2 16.5 
15.5 16.0 16.5 17.0 17.5 17.2 17.2 16.5 
16.2 16.2 16.5 16.0 16.5 16.0 15.8 15.5 


# DIFF
#  0  1  1  0  1  1  1  0
#  2  2  2  2  2  2  1  1
#  1  1  2  2  2  2  2  2
#  2  1  1  2  3  3  2  2
#  2  2  2  3  8  9  6  2
#  1  1  2  2  8  9  8  2
#  1  1  2  2  3  2  2  2
#  2  2  2  1  2  1  1  1
