# TS_TEXT=2019-08-27-13:33:42
# TS_SECS=1566909222.54
# HOST=fore-node
# PERCENTILE_10=15.5
# PERCENTILE_90=19.2
# MIN_PIXEL=15.2
# MEDIAN_PIXEL=16.0
# MAX_PIXEL=24.0

# IMAGE
16.0 15.8 15.8 15.8 16.0 15.8 16.0 15.8 
15.8 16.2 16.0 16.2 16.0 16.0 15.5 15.5 
15.8 15.5 16.0 16.0 16.8 16.2 15.8 16.0 
16.0 15.8 16.0 16.2 17.5 20.5 18.5 17.2 
16.0 16.0 16.2 16.2 19.8 22.8 24.0 21.2 
15.8 16.5 16.2 15.8 17.0 19.5 19.5 18.2 
16.0 15.5 16.2 15.5 16.5 16.0 16.0 16.5 
15.5 16.2 15.2 15.8 16.0 15.2 15.5 15.5 


# DIFF
#  1  0  0  0  1  0  1  0
#  0  1  1  1  1  1  0  0
#  0  0  1  1  2  1  0  1
#  1  0  1  1  2  5  3  2
#  1  1  1  1  4  8  9  6
#  0  1  1  0  2  4  4  3
#  1  0  1  0  1  1  1  1
#  0  1  0  0  1  0  0  0
