# TS_TEXT=2019-08-27-13:37:47
# TS_SECS=1566909467.10
# HOST=fore-node
# PERCENTILE_10=14.8
# PERCENTILE_90=19.1
# MIN_PIXEL=14.5
# MEDIAN_PIXEL=15.5
# MAX_PIXEL=23.0

# IMAGE
15.5 15.8 19.8 22.0 23.0 17.8 16.0 15.5 
15.2 15.8 20.5 22.5 19.2 15.8 17.8 16.5 
15.2 15.8 16.2 16.8 15.8 16.0 23.0 17.8 
15.2 15.0 15.8 15.5 15.5 14.8 18.8 15.8 
15.5 15.2 15.5 14.8 14.8 14.8 16.2 16.0 
14.5 14.5 14.8 14.5 14.8 14.8 15.5 14.8 
14.8 15.5 15.0 15.8 15.0 15.5 15.5 14.8 
15.0 14.8 16.0 16.0 17.0 17.2 16.5 14.8 


# DIFF
#  1  1  5  8  8  3  2  1
#  1  1  6  8  5  1  3  2
#  1  1  2  2  1  2  8  3
#  1  0  1  1  1  0  4  1
#  1  1  1  0  0  0  2  2
#  0  0  0  0  0  0  1  0
#  0  1  0  1  0  1  1  0
#  0  0  2  2  2  3  2  0
