# TS_TEXT=2019-08-27-13:36:12
# TS_SECS=1566909372.51
# HOST=fore-node
# PERCENTILE_10=14.5
# PERCENTILE_90=17.5
# MIN_PIXEL=14.0
# MEDIAN_PIXEL=15.1
# MAX_PIXEL=23.8

# IMAGE
14.0 15.0 14.8 14.5 15.2 14.2 15.0 14.2 
15.0 15.0 15.0 14.8 15.0 15.0 14.8 14.2 
15.2 14.8 15.8 14.8 15.2 14.5 15.0 15.0 
15.2 15.8 16.0 16.5 14.8 15.5 14.8 14.5 
16.0 17.8 21.0 21.5 16.2 14.5 15.5 15.2 
15.8 20.8 23.8 21.0 16.0 15.5 14.8 14.8 
15.8 16.8 18.2 16.0 15.2 15.5 14.5 14.8 
15.2 15.2 15.2 15.2 14.8 14.2 14.5 14.0 


# DIFF
#  0  1  1  0  1  0  1  0
#  1  1  1  1  1  1  1  0
#  1  1  2  1  1  0  1  1
#  1  2  2  2  1  2  1  0
#  2  4  7  8  2  0  2  1
#  2  7 10  7  2  2  1  1
#  2  3  4  2  1  2  0  1
#  1  1  1  1  1  0  0  0
