# TS_TEXT=2019-08-27-13:34:50
# TS_SECS=1566909290.94
# HOST=fore-node
# PERCENTILE_10=14.5
# PERCENTILE_90=18.0
# MIN_PIXEL=13.8
# MEDIAN_PIXEL=15.2
# MAX_PIXEL=22.2

# IMAGE
14.5 14.8 15.5 15.2 16.8 20.0 18.5 16.2 
15.0 15.2 15.2 15.8 19.0 22.2 21.0 16.2 
15.0 14.5 15.5 15.5 19.5 21.0 16.5 15.8 
14.8 15.5 15.2 15.8 16.0 16.8 15.2 15.2 
15.2 15.0 15.2 15.2 15.0 15.2 15.8 15.2 
14.8 15.5 15.0 14.8 15.5 15.8 15.0 15.2 
14.8 14.5 15.5 15.0 15.2 15.0 15.0 15.2 
15.0 14.5 14.5 14.8 15.0 13.8 14.2 14.0 


# DIFF
#  1  1  2  2  3  6  5  2
#  1  2  2  2  5  8  7  2
#  1  1  2  2  6  7  3  2
#  1  2  2  2  2  3  2  2
#  2  1  2  2  1  2  2  2
#  1  2  1  1  2  2  1  2
#  1  1  2  1  2  1  1  2
#  1  1  1  1  1  0  0  0
