# TS_TEXT=2019-08-27-13:33:10
# TS_SECS=1566909190.32
# HOST=fore-node
# PERCENTILE_10=16.2
# PERCENTILE_90=19.2
# MIN_PIXEL=0.0
# MEDIAN_PIXEL=17.0
# MAX_PIXEL=25.5

# IMAGE
16.5 17.0 16.8 16.8 17.2 16.8 16.2 16.5 
16.5 17.0 17.2 17.5 17.2 17.0 16.2 16.2 
16.5 17.2 18.0 19.0 17.8 16.8 16.8 16.5 
17.0 17.8 22.0 25.5 23.5 18.5 16.8 16.8 
16.5 17.5 21.2 24.0 23.2 19.2 17.2 16.5 
17.0 17.5 17.5 18.2 18.2 17.5 16.2 16.0 
17.0 17.0 17.5 17.2 17.2 16.8 16.8 16.5 
0.0 17.0 16.0 16.2 16.8 16.0 16.0 15.5 


# DIFF
# 16 17 17 17 17 17 16 16
# 16 17 17 18 17 17 16 16
# 16 17 18 19 18 17 17 16
# 17 18 22 26 24 18 17 17
# 16 18 21 24 23 19 17 16
# 17 18 18 18 18 18 16 16
# 17 17 18 17 17 17 17 16
#  0 17 16 16 17 16 16 16
