# TS_TEXT=2019-08-27-13:37:22
# TS_SECS=1566909442.97
# HOST=fore-node
# PERCENTILE_10=14.0
# PERCENTILE_90=17.6
# MIN_PIXEL=13.2
# MEDIAN_PIXEL=14.8
# MAX_PIXEL=23.0

# IMAGE
13.2 14.5 14.8 14.2 15.0 14.0 14.2 13.8 
14.2 14.5 14.8 15.5 15.0 15.2 14.5 14.0 
14.2 14.0 15.2 15.8 17.8 15.0 15.2 14.8 
14.2 14.2 15.0 19.5 21.5 17.2 15.5 14.2 
15.0 14.2 15.0 18.2 23.0 18.8 15.0 14.8 
14.0 14.5 14.8 15.2 21.2 16.2 15.0 14.8 
14.0 14.2 14.5 15.2 15.8 14.8 14.2 14.2 
14.2 14.2 14.8 14.8 14.5 13.8 14.0 13.5 


# DIFF
#  0  1  2  1  2  1  1  0
#  1  1  2  2  2  2  1  1
#  1  1  2  2  4  2  2  2
#  1  1  2  6  8  4  2  1
#  2  1  2  5 10  6  2  2
#  1  1  2  2  8  3  2  2
#  1  1  1  2  2  2  1  1
#  1  1  2  2  1  0  1  0
