# TS_TEXT=2019-08-25-16:28:52
# TS_SECS=1566746932.86
# HOST=port-node
# PERCENTILE_10=15.1
# PERCENTILE_90=16.0
# MIN_PIXEL=14.2
# MEDIAN_PIXEL=15.5
# MAX_PIXEL=19.5

# IMAGE
15.2 15.5 15.2 15.2 15.5 16.0 15.5 15.0 
15.8 15.2 15.5 15.5 15.8 16.2 16.0 16.0 
15.5 15.0 15.8 15.2 15.8 18.8 19.5 16.0 
14.2 15.5 15.5 15.5 15.8 16.2 16.8 16.0 
15.0 15.8 15.8 15.2 15.8 16.0 15.8 15.8 
15.2 15.5 15.5 15.5 16.0 15.5 15.8 15.5 
14.8 14.8 15.2 16.2 16.0 15.8 15.8 15.5 
15.5 15.8 15.2 15.5 15.5 15.0 15.2 15.5 


# DIFF
#  1  1  1  1  1  2  1  1
#  2  1  1  1  2  2  2  2
#  1  1  2  1  2  4  5  2
#  0  1  1  1  2  2  2  2
#  1  2  2  1  2  2  2  2
#  1  1  1  1  2  1  2  1
#  0  0  1  2  2  2  2  1
#  1  2  1  1  1  1  1  1
