# TS_TEXT=2019-08-25-16:28:30
# TS_SECS=1566746910.77
# HOST=port-node
# PERCENTILE_10=14.5
# PERCENTILE_90=16.0
# MIN_PIXEL=13.8
# MEDIAN_PIXEL=15.5
# MAX_PIXEL=19.5

# IMAGE
15.0 15.2 15.0 15.0 15.5 16.0 15.8 15.5 
15.5 15.5 15.5 15.8 16.0 16.8 15.5 15.8 
14.5 15.2 15.2 15.5 15.5 19.5 19.2 16.5 
13.8 15.0 15.5 15.5 15.8 16.5 17.0 15.8 
14.8 15.0 15.0 15.5 15.2 16.0 16.0 15.5 
15.0 15.5 15.2 15.2 15.2 15.0 15.8 15.2 
14.0 14.5 14.8 15.8 15.8 16.0 15.5 15.8 
14.5 14.5 14.5 14.5 15.5 15.2 14.8 15.2 


# DIFF
#  1  2  1  1  2  2  2  2
#  2  2  2  2  2  3  2  2
#  1  2  2  2  2  6  6  3
#  0  1  2  2  2  3  3  2
#  1  1  1  2  2  2  2  2
#  1  2  2  2  2  1  2  2
#  0  1  1  2  2  2  2  2
#  1  1  1  1  2  2  1  2
