# TS_TEXT=2019-08-18-22:42:05
# TS_SECS=1566164525.37
# HOST=starboard-node
# PERCENTILE_10=14.0
# PERCENTILE_90=16.0
# MIN_PIXEL=13.5
# MEDIAN_PIXEL=14.5
# MAX_PIXEL=20.2

# IMAGE
14.0 14.0 13.8 14.8 14.2 14.2 14.2 13.5 
14.2 14.0 15.0 14.8 14.2 14.5 14.0 14.0 
14.2 14.8 14.8 14.5 14.5 14.0 14.5 14.0 
15.8 16.0 16.0 15.2 14.8 14.8 14.0 14.8 
18.2 20.0 19.0 15.2 14.2 14.2 14.5 14.2 
17.0 20.2 17.5 14.8 14.5 14.2 14.0 14.5 
15.5 15.5 15.2 14.2 14.5 14.0 14.2 14.5 
15.2 14.5 15.0 14.5 14.2 14.8 14.2 14.0 


# DIFF
#  0  0  0  1  1  1  1  0
#  1  0  2  1  1  1  0  0
#  1  1  1  1  1  0  1  0
#  2  2  2  2  1  1  0  1
#  5  6  6  2  1  1  1  1
#  4  7  4  1  1  1  0  1
#  2  2  2  1  1  0  1  1
#  2  1  2  1  1  1  1  0
