# TS_TEXT=2019-08-18-22:42:25
# TS_SECS=1566164545.46
# HOST=starboard-node
# PERCENTILE_10=14.0
# PERCENTILE_90=15.7
# MIN_PIXEL=13.2
# MEDIAN_PIXEL=14.2
# MAX_PIXEL=19.5

# IMAGE
14.5 14.8 14.2 14.8 14.0 14.0 13.2 13.8 
15.0 14.2 14.5 14.2 14.0 14.0 14.2 13.5 
15.5 15.8 15.0 14.8 14.0 14.0 14.2 13.8 
19.5 19.2 16.8 14.8 14.8 14.5 13.5 14.2 
17.5 17.8 17.8 15.0 14.0 14.2 14.5 14.0 
15.5 14.8 15.2 14.5 14.2 14.0 14.2 14.2 
15.2 14.2 14.5 15.0 14.2 14.2 14.0 14.0 
14.5 14.2 14.2 14.2 14.5 13.8 14.0 14.2 


# DIFF
#  1  2  1  2  1  1  0  0
#  2  1  1  1  1  1  1  0
#  2  2  2  2  1  1  1  0
#  6  6  4  2  2  1  0  1
#  4  4  4  2  1  1  1  1
#  2  2  2  1  1  1  1  1
#  2  1  1  2  1  1  1  1
#  1  1  1  1  1  0  1  1
