# TS_TEXT=2019-08-18-21:44:44
# TS_SECS=1566161084.81
# HOST=fore-node
# PERCENTILE_10=13.2
# PERCENTILE_90=15.9
# MIN_PIXEL=13.0
# MEDIAN_PIXEL=14.0
# MAX_PIXEL=18.2

# IMAGE
17.8 18.2 15.5 14.8 13.8 13.2 13.0 13.0 
16.0 17.0 15.0 14.2 13.5 14.0 13.5 14.0 
13.8 13.2 14.2 13.2 13.0 13.0 13.2 14.0 
13.2 14.0 13.8 14.0 13.5 14.0 13.2 13.5 
14.5 13.5 14.0 13.8 13.2 14.0 15.2 14.2 
14.2 13.8 14.0 14.2 13.2 13.5 14.5 13.8 
14.2 14.2 14.5 15.2 15.2 14.2 14.8 13.8 
14.8 16.2 16.5 17.8 14.5 13.8 14.2 13.5 


# DIFF
#  5  5  2  2  1  0  0  0
#  3  4  2  1  0  1  0  1
#  1  0  1  0  0  0  0  1
#  0  1  1  1  0  1  0  0
#  2  0  1  1  0  1  2  1
#  1  1  1  1  0  0  2  1
#  1  1  2  2  2  1  2  1
#  2  3  4  5  2  1  1  0
