# TS_TEXT=2019-08-25-12:35:46
# TS_SECS=1566732946.98
# HOST=aft-node
# PERCENTILE_10=15.8
# PERCENTILE_90=17.0
# MIN_PIXEL=14.8
# MEDIAN_PIXEL=16.2
# MAX_PIXEL=20.0

# IMAGE
15.0 15.8 16.0 16.2 16.8 17.0 16.8 14.8 
16.0 16.2 16.5 16.5 18.8 20.0 19.0 16.8 
16.2 16.2 16.2 16.8 18.8 20.0 19.5 16.0 
16.8 16.8 16.8 17.0 16.2 16.8 16.2 16.2 
16.2 16.2 16.5 16.2 16.0 16.0 16.0 15.8 
15.8 16.2 16.8 16.2 16.0 16.2 16.0 14.8 
16.2 16.0 16.5 16.0 15.8 16.0 15.8 16.0 
16.5 16.0 16.2 15.8 15.2 15.5 16.2 15.2 


# DIFF
#  0  1  1  2  2  2  2  0
#  1  2  2  2  4  5  4  2
#  2  2  2  2  4  5  5  1
#  2  2  2  2  2  2  2  2
#  2  2  2  2  1  1  1  1
#  1  2  2  2  1  2  1  0
#  2  1  2  1  1  1  1  1
#  2  1  2  1  0  1  2  0
