# TS_TEXT=2019-08-25-12:35:33
# TS_SECS=1566732933.97
# HOST=fore-node
# PERCENTILE_10=14.6
# PERCENTILE_90=17.2
# MIN_PIXEL=14.2
# MEDIAN_PIXEL=15.2
# MAX_PIXEL=19.2

# IMAGE
14.5 14.8 15.0 15.2 15.5 15.2 15.5 15.0 
15.0 15.0 15.0 16.0 16.2 18.0 17.2 14.8 
15.0 14.2 15.5 16.5 19.0 18.8 19.2 16.0 
15.2 15.0 15.0 16.0 17.2 17.8 17.0 15.2 
15.5 15.5 15.2 15.5 14.8 14.8 15.5 15.2 
14.5 15.8 15.0 15.0 15.2 15.2 15.0 14.5 
15.5 14.8 14.8 15.2 15.5 14.8 15.0 15.0 
15.2 15.5 15.5 15.0 15.2 14.5 14.2 14.2 


# DIFF
#  0  0  1  1  1  1  1  1
#  1  1  1  2  2  4  3  0
#  1  0  1  2  5  4  5  2
#  1  1  1  2  3  4  3  1
#  1  1  1  1  0  0  1  1
#  0  2  1  1  1  1  1  0
#  1  0  0  1  1  0  1  1
#  1  1  1  1  1  0  0  0
