# TS_TEXT=2019-08-25-16:06:51
# TS_SECS=1566745611.61
# HOST=aft-node
# PERCENTILE_10=16.8
# PERCENTILE_90=18.2
# MIN_PIXEL=16.5
# MEDIAN_PIXEL=17.2
# MAX_PIXEL=24.8

# IMAGE
17.0 17.2 18.0 18.0 18.5 17.8 17.8 17.0 
17.2 17.8 17.5 18.2 24.8 18.2 17.2 17.2 
17.5 17.8 17.2 18.2 21.0 18.2 17.5 17.2 
17.0 17.5 17.8 18.0 17.5 17.5 17.5 17.8 
17.2 17.2 18.0 17.0 18.0 16.8 17.8 17.0 
17.5 17.0 17.2 17.5 17.2 17.5 17.0 16.5 
16.8 17.2 16.8 17.0 17.0 17.5 16.8 16.8 
17.2 17.5 17.2 16.5 16.8 16.5 16.5 16.5 


# DIFF
#  0  1  2  2  2  1  1  0
#  1  1  1  2  8  2  1  1
#  1  1  1  2  4  2  1  1
#  0  1  1  2  1  1  1  1
#  1  1  2  0  2  0  1  0
#  1  0  1  1  1  1  0  0
#  0  1  0  0  0  1  0  0
#  1  1  1  0  0  0  0  0
