# TS_TEXT=2019-08-27-13:04:09
# TS_SECS=1566907449.01
# HOST=fore-node
# PERCENTILE_10=16.5
# PERCENTILE_90=19.7
# MIN_PIXEL=16.0
# MEDIAN_PIXEL=17.0
# MAX_PIXEL=26.0

# IMAGE
16.2 17.0 17.2 16.8 17.0 16.5 16.0 17.0 
17.0 16.8 17.0 17.0 17.0 16.8 16.5 16.0 
16.0 16.5 18.2 17.5 17.2 17.0 16.8 17.0 
17.0 18.0 20.8 22.2 19.5 17.8 17.0 16.5 
17.5 18.2 23.5 26.0 24.0 18.5 17.8 17.0 
17.2 17.5 18.8 20.5 19.8 17.8 17.0 16.8 
17.0 16.8 17.5 17.2 17.8 16.8 16.8 17.0 
17.0 16.2 17.5 17.0 17.0 16.5 16.2 16.8 


# DIFF
#  0  1  1  1  1  0  0  1
#  1  1  1  1  1  1  0  0
#  0  0  2  2  1  1  1  1
#  1  2  5  6  4  2  1  0
#  2  2  8 10  8  2  2  1
#  1  2  3  4  4  2  1  1
#  1  1  2  1  2  1  1  1
#  1  0  2  1  1  0  0  1
