# TS_TEXT=2019-08-18-22:58:31
# TS_SECS=1566165511.61
# HOST=fore-node
# PERCENTILE_10=13.2
# PERCENTILE_90=14.2
# MIN_PIXEL=12.5
# MEDIAN_PIXEL=13.8
# MAX_PIXEL=15.2

# IMAGE
12.5 14.0 12.8 12.8 13.2 13.2 13.2 13.5 
13.0 13.5 13.5 13.2 13.2 13.8 13.2 13.5 
13.8 13.5 14.2 13.2 13.8 13.5 13.2 13.2 
14.2 13.8 13.2 13.8 13.5 14.0 13.5 14.2 
14.0 13.5 14.2 13.8 13.8 13.8 14.2 13.5 
13.5 14.2 14.2 14.0 14.5 14.0 13.5 14.5 
13.5 13.8 14.0 14.0 14.2 14.2 14.2 14.5 
13.5 14.2 14.2 13.8 14.8 13.8 15.2 12.8 


# DIFF
#  0  2  0  0  1  1  1  1
#  0  1  1  1  1  1  1  1
#  1  1  2  1  1  1  1  1
#  2  1  1  1  1  2  1  2
#  2  1  2  1  1  1  2  1
#  1  2  2  2  2  2  1  2
#  1  1  2  2  2  2  2  2
#  1  2  2  1  2  1  3  0
