# TS_TEXT=2019-08-25-11:32:15
# TS_SECS=1566729135.21
# HOST=starboard-node
# PERCENTILE_10=15.0
# PERCENTILE_90=16.8
# MIN_PIXEL=0.0
# MEDIAN_PIXEL=15.6
# MAX_PIXEL=19.8

# IMAGE
15.0 15.0 15.5 16.0 16.0 15.8 16.0 14.8 
14.8 15.5 15.2 17.0 18.8 16.8 15.5 14.8 
15.8 15.5 15.5 16.8 19.8 17.8 15.8 15.5 
15.8 15.2 15.5 16.2 18.5 18.0 16.2 16.0 
15.2 15.5 15.2 15.8 15.8 16.8 15.8 15.5 
15.0 15.2 16.0 16.0 15.8 15.5 15.2 15.8 
14.8 15.8 15.5 16.0 15.5 16.0 15.8 15.5 
0.0 15.2 15.8 15.2 16.0 15.5 15.5 15.5 


# DIFF
# 15 15 16 16 16 16 16 15
# 15 16 15 17 19 17 16 15
# 16 16 16 17 20 18 16 16
# 16 15 16 16 18 18 16 16
# 15 16 15 16 16 17 16 16
# 15 15 16 16 16 16 15 16
# 15 16 16 16 16 16 16 16
#  0 15 16 15 16 16 16 16
