# TS_TEXT=2019-08-25-11:32:31
# TS_SECS=1566729151.38
# HOST=starboard-node
# PERCENTILE_10=15.2
# PERCENTILE_90=17.8
# MIN_PIXEL=14.8
# MEDIAN_PIXEL=15.8
# MAX_PIXEL=20.2

# IMAGE
15.5 15.5 15.0 14.8 15.5 15.5 15.0 14.8 
15.2 15.8 15.8 15.2 15.2 15.8 15.8 15.2 
16.8 16.2 15.8 15.5 16.8 16.2 15.8 15.5 
20.2 17.8 16.2 15.8 20.2 17.8 16.2 15.8 
18.5 18.8 16.2 15.5 18.5 18.8 16.2 15.5 
16.2 16.2 16.2 15.8 16.2 16.2 16.2 15.8 
15.5 15.5 15.8 15.2 15.5 15.5 15.8 15.2 
15.5 15.5 16.2 16.2 15.5 15.5 16.2 16.2 


# DIFF
#  1  1  0  0  1  1  0  0
#  0  1  1  0  0  1  1  0
#  2  2  1  1  2  2  1  1
#  6  3  2  1  6  3  2  1
#  4  4  2  1  4  4  2  1
#  2  2  2  1  2  2  2  1
#  1  1  1  0  1  1  1  0
#  1  1  2  2  1  1  2  2
