# TS_TEXT=2019-08-25-11:33:04
# TS_SECS=1566729184.75
# HOST=starboard-node
# PERCENTILE_10=14.8
# PERCENTILE_90=16.7
# MIN_PIXEL=0.0
# MEDIAN_PIXEL=15.5
# MAX_PIXEL=19.2

# IMAGE
14.8 15.0 14.8 15.5 15.5 15.8 15.5 14.5 
14.5 14.8 15.5 16.0 17.2 15.8 15.8 15.5 
15.0 15.5 15.8 17.2 19.0 16.5 15.8 15.2 
15.5 15.5 15.8 16.8 19.2 17.2 15.2 14.8 
14.5 15.5 15.5 16.0 17.0 16.5 15.8 15.0 
15.2 15.0 15.2 15.5 15.0 16.0 15.0 14.8 
15.2 15.5 15.2 15.2 15.5 15.0 15.5 16.0 
0.0 15.5 15.5 15.0 15.2 15.2 15.5 15.0 


# DIFF
# 15 15 15 16 16 16 16 14
# 14 15 16 16 17 16 16 16
# 15 16 16 17 19 16 16 15
# 16 16 16 17 19 17 15 15
# 14 16 16 16 17 16 16 15
# 15 15 15 16 15 16 15 15
# 15 16 15 15 16 15 16 16
#  0 16 16 15 15 15 16 15
