# TS_TEXT=2019-08-18-22:57:49
# TS_SECS=1566165469.81
# HOST=port-node
# PERCENTILE_10=13.8
# PERCENTILE_90=15.7
# MIN_PIXEL=13.0
# MEDIAN_PIXEL=14.5
# MAX_PIXEL=19.2

# IMAGE
14.2 15.0 13.0 14.0 19.2 15.8 14.5 14.2 
14.2 14.2 15.0 13.8 13.8 14.2 14.8 13.5 
13.8 14.0 14.8 14.0 14.2 14.2 13.8 14.5 
13.8 14.5 14.8 14.8 14.5 13.8 14.8 14.8 
14.0 14.0 14.5 14.8 14.0 13.8 14.0 14.5 
15.2 15.0 15.0 14.2 14.5 14.0 14.8 14.8 
17.5 16.0 15.0 15.2 14.5 15.2 15.0 14.5 
19.2 15.5 14.8 14.8 14.8 17.5 16.8 14.8 


# DIFF
#  1  2  0  1  6  3  2  1
#  1  1  2  1  1  1  2  0
#  1  1  2  1  1  1  1  2
#  1  2  2  2  2  1  2  2
#  1  1  2  2  1  1  1  2
#  2  2  2  1  2  1  2  2
#  4  3  2  2  2  2  2  2
#  6  2  2  2  2  4  4  2
