# TS_TEXT=2019-08-25-13:04:00
# TS_SECS=1566734640.25
# HOST=port-node
# PERCENTILE_10=16.8
# PERCENTILE_90=18.4
# MIN_PIXEL=16.5
# MEDIAN_PIXEL=17.0
# MAX_PIXEL=20.5

# IMAGE
17.0 16.5 17.0 16.8 17.0 16.8 17.2 18.0 
17.0 16.5 17.0 16.8 17.0 17.0 18.0 17.0 
16.8 16.5 17.0 17.0 17.2 17.0 20.5 18.5 
16.5 17.0 17.2 17.0 17.0 17.0 20.0 18.0 
16.8 17.2 17.2 17.0 16.8 17.5 20.2 18.2 
19.0 18.2 17.0 16.8 17.0 16.8 18.5 17.2 
19.0 17.0 17.2 17.0 17.2 17.2 17.0 17.0 
18.0 17.0 17.0 17.0 17.2 17.0 17.5 17.0 


# DIFF
#  0  0  0  0  0  0  1  2
#  0  0  0  0  0  0  2  0
#  0  0  0  0  1  0  4  2
#  0  0  1  0  0  0  4  2
#  0  1  1  0  0  1  4  2
#  2  2  0  0  0  0  2  1
#  2  0  1  0  1  1  0  0
#  2  0  0  0  1  0  1  0
