# TS_TEXT=2019-08-25-16:27:01
# TS_SECS=1566746821.76
# HOST=aft-node
# PERCENTILE_10=16.0
# PERCENTILE_90=17.2
# MIN_PIXEL=15.5
# MEDIAN_PIXEL=16.5
# MAX_PIXEL=28.8

# IMAGE
16.2 17.0 16.8 17.0 17.2 16.8 16.5 15.5 
16.8 16.8 16.8 17.8 17.8 17.2 16.8 16.2 
16.8 17.0 16.5 17.2 28.8 17.0 17.0 17.0 
16.5 16.2 16.8 16.5 16.5 16.2 16.8 16.8 
16.8 16.2 16.8 16.5 16.8 16.0 16.8 16.2 
16.0 16.0 16.2 16.2 16.2 16.0 16.5 16.0 
16.0 16.2 15.8 16.0 16.2 16.5 15.5 16.2 
16.5 17.2 16.8 16.8 15.8 16.2 16.0 16.0 


# DIFF
#  1  2  1  2  2  1  1  0
#  1  1  1  2  2  2  1  1
#  1  2  1  2 13  2  2  2
#  1  1  1  1  1  1  1  1
#  1  1  1  1  1  0  1  1
#  0  0  1  1  1  0  1  0
#  0  1  0  0  1  1  0  1
#  1  2  1  1  0  1  0  0
