# TS_TEXT=2019-08-18-21:41:53
# TS_SECS=1566160913.75
# HOST=centre-node
# PERCENTILE_10=13.5
# PERCENTILE_90=16.2
# MIN_PIXEL=13.0
# MEDIAN_PIXEL=14.5
# MAX_PIXEL=18.8

# IMAGE
14.0 14.2 13.8 13.8 13.2 13.5 14.0 14.5 
13.2 13.5 13.8 14.2 14.2 14.2 14.0 13.0 
13.5 13.5 14.5 14.0 15.8 16.2 16.0 14.0 
13.8 14.0 14.5 16.8 18.0 17.0 15.2 14.0 
14.2 14.5 15.8 18.5 18.0 14.8 14.2 14.5 
13.5 14.5 16.0 18.8 16.0 14.2 14.5 13.8 
14.5 14.5 14.5 15.5 15.0 13.8 14.2 14.2 
14.0 14.8 14.8 14.5 14.5 14.5 14.8 14.5 


# DIFF
#  1  1  1  1  0  0  1  2
#  0  0  1  1  1  1  1  0
#  0  0  2  1  3  3  3  1
#  1  1  2  4  5  4  2  1
#  1  2  3  6  5  2  1  2
#  0  2  3  6  3  1  2  1
#  2  2  2  2  2  1  1  1
#  1  2  2  2  2  2  2  2
