# TS_TEXT=2019-08-18-22:04:45
# TS_SECS=1566162285.62
# HOST=aft-node
# PERCENTILE_10=14.2
# PERCENTILE_90=16.8
# MIN_PIXEL=0.0
# MEDIAN_PIXEL=14.8
# MAX_PIXEL=19.5

# IMAGE
14.8 15.0 14.2 15.0 17.8 18.5 19.5 15.0 
14.5 14.5 14.8 14.8 15.0 17.5 18.5 16.0 
14.8 15.2 14.8 14.8 14.5 14.8 14.8 15.2 
14.5 14.0 15.0 14.2 14.8 14.2 14.8 14.2 
14.8 14.5 14.8 14.5 14.8 14.5 14.8 14.2 
15.0 15.0 14.2 14.5 14.5 14.8 14.8 14.8 
15.2 15.5 15.5 15.0 14.2 14.8 14.8 15.2 
0.0 14.2 14.5 14.8 14.2 16.2 17.0 17.2 


# DIFF
# 15 15 14 15 18 18 20 15
# 14 14 15 15 15 18 18 16
# 15 15 15 15 14 15 15 15
# 14 14 15 14 15 14 15 14
# 15 14 15 14 15 14 15 14
# 15 15 14 14 14 15 15 15
# 15 16 16 15 14 15 15 15
#  0 14 14 15 14 16 17 17
