# TS_TEXT=2019-08-18-22:04:58
# TS_SECS=1566162298.74
# HOST=aft-node
# PERCENTILE_10=14.5
# PERCENTILE_90=16.9
# MIN_PIXEL=14.2
# MEDIAN_PIXEL=15.0
# MAX_PIXEL=19.0

# IMAGE
14.2 14.5 14.8 15.2 16.8 19.0 18.8 17.5 
14.2 15.0 15.2 15.2 15.5 17.5 18.8 17.0 
15.0 15.5 15.0 15.2 15.0 15.0 15.5 15.2 
14.5 14.5 14.8 14.8 15.0 14.5 15.0 14.8 
14.8 14.8 15.5 14.8 15.2 14.5 15.0 14.8 
15.0 15.2 15.0 15.0 15.0 15.2 14.8 14.5 
15.5 16.2 15.5 15.2 14.8 14.8 15.5 16.0 
15.5 16.2 14.5 15.2 15.0 16.5 17.5 16.2 


# DIFF
#  0  0  0  1  2  5  4  3
#  0  1  1  1  1  3  4  3
#  1  1  1  1  1  1  1  1
#  0  0  0  0  1  0  1  0
#  0  0  1  0  1  0  1  0
#  1  1  1  1  1  1  0  0
#  1  2  1  1  0  0  1  2
#  1  2  0  1  1  2  3  2
