# TS_TEXT=2019-08-18-22:19:12
# TS_SECS=1566163152.76
# HOST=fore-node
# PERCENTILE_10=13.0
# PERCENTILE_90=14.5
# MIN_PIXEL=0.0
# MEDIAN_PIXEL=13.5
# MAX_PIXEL=17.8

# IMAGE
13.5 13.5 13.5 13.5 13.5 12.5 12.2 13.0 
13.2 12.8 13.5 13.2 13.8 13.2 13.2 12.5 
13.2 13.5 13.0 13.5 13.2 14.0 13.5 13.5 
13.2 13.8 13.8 13.8 13.8 14.0 13.8 13.2 
13.0 14.2 14.2 13.5 14.5 14.5 14.2 14.2 
13.5 13.2 14.0 14.5 14.8 16.0 14.2 13.5 
14.5 14.0 14.0 14.0 14.5 17.8 15.5 14.2 
0.0 12.8 13.0 13.0 13.0 13.8 17.2 15.0 


# DIFF
# 14 14 14 14 14 12 12 13
# 13 13 14 13 14 13 13 12
# 13 14 13 14 13 14 14 14
# 13 14 14 14 14 14 14 13
# 13 14 14 14 14 14 14 14
# 14 13 14 14 15 16 14 14
# 14 14 14 14 14 18 16 14
#  0 13 13 13 13 14 17 15
