# TS_TEXT=2019-08-18-23:13:49
# TS_SECS=1566166429.01
# HOST=centre-node
# PERCENTILE_10=14.2
# PERCENTILE_90=15.4
# MIN_PIXEL=13.8
# MEDIAN_PIXEL=14.8
# MAX_PIXEL=19.2

# IMAGE
15.0 13.8 14.2 15.0 16.8 18.8 15.0 15.0 
14.0 14.0 13.8 15.2 17.5 19.2 14.0 14.2 
14.5 14.2 14.8 14.5 16.5 15.5 14.8 14.5 
14.8 14.8 14.5 14.8 14.8 14.8 14.2 14.5 
14.8 14.8 15.2 14.8 14.8 15.0 14.2 14.5 
14.8 14.5 14.5 14.8 14.5 14.5 14.5 15.0 
15.2 14.8 15.2 15.2 15.0 14.8 14.5 14.5 
15.5 15.2 15.0 14.8 15.0 14.5 15.0 14.8 


# DIFF
#  1  0  0  1  3  5  1  1
#  0  0  0  2  4  6  0  0
#  1  0  1  1  3  2  1  1
#  1  1  1  1  1  1  0  1
#  1  1  2  1  1  1  0  1
#  1  1  1  1  1  1  1  1
#  2  1  2  2  1  1  1  1
#  2  2  1  1  1  1  1  1
