# TS_TEXT=2019-08-18-23:13:47
# TS_SECS=1566166427.99
# HOST=centre-node
# PERCENTILE_10=14.0
# PERCENTILE_90=16.2
# MIN_PIXEL=13.5
# MEDIAN_PIXEL=14.5
# MAX_PIXEL=19.5

# IMAGE
14.0 14.2 13.8 14.5 14.0 14.0 14.0 14.5 
14.0 14.2 14.2 14.2 14.2 14.0 14.0 14.0 
14.8 14.0 14.8 14.2 14.5 14.2 14.5 13.5 
17.2 17.2 16.2 14.2 14.8 14.2 14.2 14.5 
19.5 19.0 17.8 14.5 14.5 14.5 14.0 14.5 
15.8 17.2 16.2 14.8 14.8 14.2 14.2 14.5 
16.2 15.5 15.0 15.0 14.8 14.2 14.0 14.8 
15.5 15.5 15.0 15.2 15.0 15.2 14.5 14.5 


# DIFF
#  0  1  0  1  0  0  0  1
#  0  1  1  1  1  0  0  0
#  1  0  1  1  1  1  1  0
#  4  4  3  1  1  1  1  1
#  6  6  4  1  1  1  0  1
#  2  4  3  1  1  1  1  1
#  3  2  2  2  1  1  0  1
#  2  2  2  2  2  2  1  1
