# TS_TEXT=2019-08-18-21:31:16
# TS_SECS=1566160276.27
# HOST=aft-node
# PERCENTILE_10=13.8
# PERCENTILE_90=15.9
# MIN_PIXEL=13.5
# MEDIAN_PIXEL=14.2
# MAX_PIXEL=18.5

# IMAGE
15.0 14.2 14.2 15.2 18.5 17.5 17.2 16.0 
14.8 14.5 14.2 14.8 16.0 16.5 14.5 14.5 
15.0 14.8 14.2 14.5 13.8 14.2 14.0 14.0 
15.0 14.2 14.5 14.0 14.2 14.2 14.0 13.8 
14.0 13.8 13.8 14.5 13.5 14.0 13.8 13.8 
14.2 14.8 13.5 14.0 14.0 14.2 13.5 13.5 
14.8 15.0 14.0 14.5 14.0 14.5 14.5 13.8 
14.5 13.8 14.5 14.2 14.5 17.0 15.0 15.5 


# DIFF
#  2  1  1  2  5  4  4  2
#  1  1  1  1  2  3  1  1
#  2  1  1  1  0  1  0  0
#  2  1  1  0  1  1  0  0
#  0  0  0  1  0  0  0  0
#  1  1  0  0  0  1  0  0
#  1  2  0  1  0  1  1  0
#  1  0  1  1  1  4  2  2
