# TS_TEXT=2019-08-18-22:06:35
# TS_SECS=1566162395.83
# HOST=fore-node
# PERCENTILE_10=12.8
# PERCENTILE_90=14.4
# MIN_PIXEL=0.0
# MEDIAN_PIXEL=13.5
# MAX_PIXEL=18.2

# IMAGE
13.0 13.0 13.0 13.2 13.0 12.8 13.2 13.2 
13.0 12.8 13.8 13.2 14.0 13.2 13.5 13.0 
13.0 13.0 13.2 13.2 13.2 13.0 13.0 13.5 
14.0 13.0 13.5 13.8 14.0 13.5 13.5 13.5 
13.5 14.2 13.8 14.0 14.2 14.2 14.0 14.0 
14.2 12.8 14.0 16.0 17.5 15.2 13.5 13.5 
14.2 14.0 14.2 16.2 18.2 17.0 14.0 14.0 
0.0 12.8 12.8 13.5 13.0 14.0 14.5 12.5 


# DIFF
# 13 13 13 13 13 13 13 13
# 13 13 14 13 14 13 14 13
# 13 13 13 13 13 13 13 14
# 14 13 14 14 14 14 14 14
# 14 14 14 14 14 14 14 14
# 14 13 14 16 18 15 14 14
# 14 14 14 16 18 17 14 14
#  0 13 13 14 13 14 14 12
