# TS_TEXT=2019-08-18-22:31:55
# TS_SECS=1566163915.77
# HOST=port-node
# PERCENTILE_10=13.2
# PERCENTILE_90=15.1
# MIN_PIXEL=0.0
# MEDIAN_PIXEL=14.0
# MAX_PIXEL=19.0

# IMAGE
13.2 14.0 13.5 14.2 14.0 13.5 13.5 14.5 
13.2 14.2 14.2 13.8 14.2 14.0 15.5 14.0 
13.2 13.8 14.0 13.8 14.0 14.5 16.0 16.0 
13.0 14.0 14.0 13.8 14.0 14.8 15.2 19.0 
14.0 14.0 13.5 13.8 14.2 14.0 14.2 18.2 
13.2 13.8 13.8 14.5 14.2 14.8 14.5 14.8 
13.0 13.2 14.0 14.5 14.8 14.2 14.2 15.2 
0.0 13.8 14.5 13.8 13.8 13.8 14.5 14.5 


# DIFF
# 13 14 14 14 14 14 14 14
# 13 14 14 14 14 14 16 14
# 13 14 14 14 14 14 16 16
# 13 14 14 14 14 15 15 19
# 14 14 14 14 14 14 14 18
# 13 14 14 14 14 15 14 15
# 13 13 14 14 15 14 14 15
#  0 14 14 14 14 14 14 14
