# TS_TEXT=2019-08-18-22:31:34
# TS_SECS=1566163894.59
# HOST=port-node
# PERCENTILE_10=13.5
# PERCENTILE_90=16.5
# MIN_PIXEL=13.2
# MEDIAN_PIXEL=14.2
# MAX_PIXEL=19.0

# IMAGE
18.2 14.2 13.2 13.5 13.8 14.2 13.5 14.0 
14.8 13.5 13.8 13.5 14.0 14.0 13.2 14.2 
14.8 14.0 13.8 13.8 14.5 14.0 16.5 16.8 
14.5 14.0 14.0 13.5 14.2 14.5 15.8 19.0 
13.5 14.0 14.0 13.8 14.0 15.0 15.2 18.2 
13.2 14.2 14.2 14.2 14.0 14.0 14.5 14.8 
16.5 16.8 13.8 15.0 14.5 14.5 14.5 14.8 
15.8 19.0 13.8 14.5 14.5 14.2 14.0 14.5 


# DIFF
#  5  1  0  0  0  1  0  1
#  2  0  0  0  1  1  0  1
#  2  1  0  0  1  1  3  4
#  1  1  1  0  1  1  2  6
#  0  1  1  0  1  2  2  5
#  0  1  1  1  1  1  1  2
#  3  4  0  2  1  1  1  2
#  2  6  0  1  1  1  1  1
