# TS_TEXT=2019-08-18-22:24:21
# TS_SECS=1566163461.31
# HOST=port-node
# PERCENTILE_10=13.8
# PERCENTILE_90=15.7
# MIN_PIXEL=0.0
# MEDIAN_PIXEL=14.5
# MAX_PIXEL=19.5

# IMAGE
13.8 14.0 14.2 14.0 14.2 14.0 13.8 14.0 
13.8 14.0 14.0 14.0 14.2 14.0 13.8 13.8 
14.2 14.5 14.0 14.5 14.5 15.2 14.8 15.0 
14.5 14.5 14.2 14.5 14.0 14.5 14.8 16.5 
14.8 15.8 14.8 14.2 14.5 14.2 14.0 15.8 
18.5 16.5 15.0 15.2 15.0 15.0 14.5 14.5 
19.5 15.5 15.8 14.8 15.0 15.2 14.8 14.5 
0.0 14.5 15.5 13.2 13.5 13.8 14.5 15.0 


# DIFF
# 14 14 14 14 14 14 14 14
# 14 14 14 14 14 14 14 14
# 14 14 14 14 14 15 15 15
# 14 14 14 14 14 14 15 16
# 15 16 15 14 14 14 14 16
# 18 16 15 15 15 15 14 14
# 20 16 16 15 15 15 15 14
#  0 14 16 13 14 14 14 15
