# TS_TEXT=2019-08-18-21:39:29
# TS_SECS=1566160769.83
# HOST=aft-node
# PERCENTILE_10=14.6
# PERCENTILE_90=16.5
# MIN_PIXEL=0.0
# MEDIAN_PIXEL=15.2
# MAX_PIXEL=19.2

# IMAGE
15.0 15.0 15.0 16.8 19.2 16.2 16.2 14.8 
15.2 15.2 15.0 15.5 16.8 18.2 17.5 16.0 
15.0 15.0 14.8 15.0 15.0 16.5 15.8 15.8 
15.2 15.0 15.5 14.8 15.0 15.0 15.2 15.0 
15.2 15.0 15.2 14.8 15.0 14.5 15.5 14.2 
16.2 15.5 15.2 15.0 15.2 15.2 15.0 14.5 
16.2 16.5 16.0 15.0 15.5 15.2 14.5 15.0 
0.0 14.5 14.5 14.8 15.5 17.5 15.8 15.2 


# DIFF
# 15 15 15 17 19 16 16 15
# 15 15 15 16 17 18 18 16
# 15 15 15 15 15 16 16 16
# 15 15 16 15 15 15 15 15
# 15 15 15 15 15 14 16 14
# 16 16 15 15 15 15 15 14
# 16 16 16 15 16 15 14 15
#  0 14 14 15 16 18 16 15
