# TS_TEXT=2019-08-18-21:39:35
# TS_SECS=1566160775.87
# HOST=aft-node
# PERCENTILE_10=14.2
# PERCENTILE_90=16.0
# MIN_PIXEL=14.0
# MEDIAN_PIXEL=15.0
# MAX_PIXEL=18.2

# IMAGE
15.0 14.0 14.8 14.0 14.8 14.2 15.2 15.0 
15.2 14.8 14.5 14.2 14.8 14.0 17.5 15.5 
15.0 14.8 14.8 14.8 14.8 14.2 15.0 15.8 
16.0 15.0 14.5 14.8 15.0 15.0 14.5 14.5 
14.2 14.8 14.8 17.0 16.0 15.2 15.0 14.2 
15.0 14.8 16.2 18.2 17.8 17.5 15.5 14.0 
15.0 14.5 15.2 15.8 16.0 15.0 15.8 14.2 
15.0 14.8 15.0 14.8 15.8 14.5 14.5 15.0 


# DIFF
#  1  0  1  0  1  0  1  1
#  1  1  0  0  1  0  4  2
#  1  1  1  1  1  0  1  2
#  2  1  0  1  1  1  0  0
#  0  1  1  3  2  1  1  0
#  1  1  2  4  4  4  2  0
#  1  0  1  2  2  1  2  0
#  1  1  1  1  2  0  0  1
