# TS_TEXT=2019-08-25-16:14:33
# TS_SECS=1566746073.18
# HOST=port-node
# PERCENTILE_10=16.6
# PERCENTILE_90=17.7
# MIN_PIXEL=16.0
# MEDIAN_PIXEL=17.2
# MAX_PIXEL=23.2

# IMAGE
17.0 17.0 16.5 17.0 17.8 17.2 23.2 22.0 
17.2 17.5 17.5 17.0 17.0 17.8 18.0 17.8 
17.2 17.2 17.5 16.8 17.0 17.0 17.2 17.5 
16.2 17.0 17.5 17.0 17.5 17.2 17.5 18.2 
16.0 17.5 17.2 16.8 17.0 17.2 17.2 17.5 
17.0 17.2 17.2 17.0 17.0 17.0 17.2 17.2 
16.5 16.8 16.8 17.5 17.2 17.5 16.5 16.8 
17.0 16.5 16.8 16.8 17.2 16.8 16.5 17.5 


# DIFF
#  1  1  0  1  2  1  7  6
#  1  2  2  1  1  2  2  2
#  1  1  2  1  1  1  1  2
#  0  1  2  1  2  1  2  2
#  0  2  1  1  1  1  1  2
#  1  1  1  1  1  1  1  1
#  0  1  1  2  1  2  0  1
#  1  0  1  1  1  1  0  2
