# TS_TEXT=2019-08-25-16:15:02
# TS_SECS=1566746102.30
# HOST=port-node
# PERCENTILE_10=16.5
# PERCENTILE_90=17.5
# MIN_PIXEL=16.2
# MEDIAN_PIXEL=17.0
# MAX_PIXEL=22.5

# IMAGE
17.0 17.0 17.0 16.8 16.8 17.2 22.5 22.2 
17.5 17.2 17.5 16.8 17.2 17.5 18.2 17.2 
16.8 17.2 16.8 17.2 17.2 17.2 17.5 17.0 
16.2 16.8 17.0 17.2 17.2 17.8 17.5 18.0 
16.2 17.0 17.0 16.5 17.0 17.2 17.5 17.5 
16.5 17.0 16.2 16.8 16.5 16.8 17.2 16.5 
16.2 16.8 16.8 16.8 16.5 16.8 16.8 17.2 
17.0 16.2 17.2 17.0 16.8 17.0 17.0 17.0 


# DIFF
#  1  1  1  0  0  1  6  6
#  1  1  1  0  1  1  2  1
#  0  1  0  1  1  1  1  1
#  0  0  1  1  1  2  1  2
#  0  1  1  0  1  1  1  1
#  0  1  0  0  0  0  1  0
#  0  0  0  0  0  0  0  1
#  1  0  1  1  0  1  1  1
