# TS_TEXT=2019-08-25-16:15:25
# TS_SECS=1566746125.39
# HOST=port-node
# PERCENTILE_10=15.8
# PERCENTILE_90=16.8
# MIN_PIXEL=15.0
# MEDIAN_PIXEL=16.2
# MAX_PIXEL=22.0

# IMAGE
16.8 16.0 15.8 15.8 16.2 17.2 22.0 21.5 
16.8 16.0 16.2 16.2 16.0 16.5 16.8 16.8 
16.0 16.2 16.2 16.0 16.5 16.2 16.5 16.8 
15.8 16.5 16.0 16.2 16.5 16.5 16.5 17.5 
15.0 16.0 16.2 16.2 16.2 16.5 16.2 16.8 
15.8 16.5 15.8 16.0 16.2 16.0 15.8 16.0 
15.5 16.0 15.8 16.8 16.0 16.2 16.0 16.5 
15.8 15.8 16.0 15.8 16.2 15.8 15.5 16.8 


# DIFF
#  2  1  1  1  1  2  7  6
#  2  1  1  1  1  2  2  2
#  1  1  1  1  2  1  2  2
#  1  2  1  1  2  2  2  2
#  0  1  1  1  1  2  1  2
#  1  2  1  1  1  1  1  1
#  0  1  1  2  1  1  1  2
#  1  1  1  1  1  1  0  2
