# TS_TEXT=2019-08-18-22:18:34
# TS_SECS=1566163114.14
# HOST=centre-node
# PERCENTILE_10=12.5
# PERCENTILE_90=15.5
# MIN_PIXEL=12.2
# MEDIAN_PIXEL=13.4
# MAX_PIXEL=19.0

# IMAGE
12.5 12.2 12.5 12.5 12.8 13.0 13.2 12.8 
12.5 12.2 12.5 13.0 13.0 13.8 13.2 13.0 
13.0 12.2 12.8 13.0 14.2 18.2 15.8 13.0 
13.2 12.8 12.8 13.2 17.8 19.0 17.8 14.0 
13.0 13.2 13.5 13.8 16.2 18.2 15.0 14.0 
12.8 13.2 13.2 13.5 14.0 14.8 14.2 14.2 
13.8 13.0 13.8 13.5 13.8 13.2 13.5 13.8 
13.0 13.5 13.5 13.8 13.8 13.5 13.8 14.0 


# DIFF
#  0  0  0  0  0  1  1  0
#  0  0  0  1  1  2  1  1
#  1  0  0  1  2  6  4  1
#  1  0  0  1  6  7  6  2
#  1  1  1  2  4  6  3  2
#  0  1  1  1  2  2  2  2
#  2  1  2  1  2  1  1  2
#  1  1  1  2  2  1  2  2
