# TS_TEXT=2019-08-18-22:18:30
# TS_SECS=1566163110.12
# HOST=centre-node
# PERCENTILE_10=12.1
# PERCENTILE_90=14.7
# MIN_PIXEL=11.5
# MEDIAN_PIXEL=13.0
# MAX_PIXEL=18.2

# IMAGE
12.0 12.2 12.0 12.2 12.0 12.5 12.8 12.8 
11.5 12.5 12.2 12.8 13.0 13.0 12.8 12.0 
11.8 11.8 13.0 12.5 14.2 17.0 14.5 12.5 
12.8 13.2 13.2 13.0 16.5 18.2 14.8 13.5 
12.8 13.0 13.2 13.0 15.2 17.8 14.8 13.5 
12.8 13.0 13.2 13.5 13.5 14.5 13.8 13.0 
13.2 13.0 12.8 13.0 13.5 13.5 13.0 13.5 
12.8 13.2 13.2 13.0 12.5 13.2 13.2 13.5 


# DIFF
#  0  1  0  1  0  1  1  1
#  0  1  1  1  2  2  1  0
#  0  0  2  1  3  6  3  1
#  1  2  2  2  5  7  3  2
#  1  2  2  2  4  6  3  2
#  1  2  2  2  2  3  2  2
#  2  2  1  2  2  2  2  2
#  1  2  2  2  1  2  2  2
