# TS_TEXT=2019-08-18-21:40:37
# TS_SECS=1566160837.03
# HOST=centre-node
# PERCENTILE_10=14.0
# PERCENTILE_90=16.9
# MIN_PIXEL=13.5
# MEDIAN_PIXEL=15.0
# MAX_PIXEL=19.5

# IMAGE
14.8 13.5 14.0 14.5 13.8 14.8 14.0 14.5 
13.8 13.8 14.2 14.5 14.2 14.5 14.2 13.8 
14.0 13.5 15.0 14.8 15.5 15.0 16.8 14.8 
14.8 15.0 15.2 16.2 18.0 18.0 16.8 14.5 
14.2 15.0 16.2 19.5 19.2 17.0 15.2 15.0 
15.0 15.2 16.0 17.8 17.5 15.2 15.0 15.2 
15.0 14.8 15.0 15.8 15.5 15.0 15.0 14.8 
15.2 15.0 15.5 14.8 15.5 15.5 15.2 15.5 


# DIFF
#  1  0  0  1  0  1  0  1
#  0  0  1  1  1  1  1  0
#  0  0  2  1  2  2  3  1
#  1  2  2  3  4  4  3  1
#  1  2  3  6  6  4  2  2
#  2  2  2  4  4  2  2  2
#  2  1  2  2  2  2  2  1
#  2  2  2  1  2  2  2  2
