# TS_TEXT=2019-08-25-12:31:29
# TS_SECS=1566732689.86
# HOST=fore-node
# PERCENTILE_10=14.5
# PERCENTILE_90=16.1
# MIN_PIXEL=14.0
# MEDIAN_PIXEL=15.0
# MAX_PIXEL=19.0

# IMAGE
14.5 14.5 14.5 14.8 15.0 14.8 14.8 14.2 
15.0 15.2 15.0 15.2 15.5 15.2 15.0 14.5 
14.5 14.8 15.8 17.0 18.5 15.5 15.0 14.5 
15.0 15.2 15.2 19.0 18.5 16.2 14.8 14.0 
15.5 15.2 15.8 17.2 17.5 15.8 15.2 14.8 
14.8 15.8 15.0 15.2 15.0 15.5 15.0 14.5 
14.8 15.0 15.0 15.0 15.5 15.2 14.8 14.8 
15.8 14.8 14.8 14.8 15.0 14.8 14.2 14.2 


# DIFF
#  0  0  0  1  1  1  1  0
#  1  1  1  1  2  1  1  0
#  0  1  2  3  4  2  1  0
#  1  1  1  5  4  2  1  0
#  2  1  2  3  4  2  1  1
#  1  2  1  1  1  2  1  0
#  1  1  1  1  2  1  1  1
#  2  1  1  1  1  1  0  0
