# TS_TEXT=2019-08-25-12:31:31
# TS_SECS=1566732691.88
# HOST=fore-node
# PERCENTILE_10=14.5
# PERCENTILE_90=16.6
# MIN_PIXEL=14.0
# MEDIAN_PIXEL=15.1
# MAX_PIXEL=18.8

# IMAGE
14.0 14.8 14.0 14.8 15.0 14.8 15.0 14.0 
15.0 15.2 15.2 15.5 15.8 15.2 14.5 14.8 
15.0 14.8 15.5 17.0 18.8 14.8 15.2 14.8 
14.0 14.8 15.8 18.2 18.2 17.2 15.2 14.5 
14.8 15.5 15.5 17.5 18.0 15.5 15.2 15.2 
14.5 15.5 15.5 15.8 15.5 15.5 15.2 15.0 
15.2 14.8 15.2 15.2 14.5 15.0 15.0 14.8 
15.2 15.2 15.0 15.0 15.0 14.5 14.0 14.2 


# DIFF
#  0  1  0  1  1  1  1  0
#  1  1  1  2  2  1  0  1
#  1  1  2  3  5  1  1  1
#  0  1  2  4  4  3  1  0
#  1  2  2  4  4  2  1  1
#  0  2  2  2  2  2  1  1
#  1  1  1  1  0  1  1  1
#  1  1  1  1  1  0  0  0
