# TS_TEXT=2019-08-18-22:15:23
# TS_SECS=1566162923.55
# HOST=port-node
# PERCENTILE_10=12.5
# PERCENTILE_90=14.2
# MIN_PIXEL=0.0
# MEDIAN_PIXEL=13.2
# MAX_PIXEL=16.0

# IMAGE
12.2 13.2 12.5 12.2 12.5 13.2 12.8 15.8 
12.5 12.5 12.5 12.8 13.0 12.8 12.2 14.5 
12.5 13.0 13.0 13.5 13.0 12.8 13.5 14.0 
12.2 12.8 13.2 13.0 13.0 13.8 13.8 16.0 
13.5 13.5 13.2 13.0 13.2 14.0 13.8 14.5 
15.8 13.8 13.0 12.8 13.5 13.2 13.5 13.8 
14.5 13.2 13.5 14.0 13.2 13.8 13.5 13.8 
0.0 12.8 13.2 13.5 14.0 14.2 13.8 13.5 


# DIFF
# 12 13 12 12 12 13 13 16
# 12 12 12 13 13 13 12 14
# 12 13 13 14 13 13 14 14
# 12 13 13 13 13 14 14 16
# 14 14 13 13 13 14 14 14
# 16 14 13 13 14 13 14 14
# 14 13 14 14 13 14 14 14
#  0 13 13 14 14 14 14 14
