# TS_TEXT=2019-08-18-22:14:54
# TS_SECS=1566162894.29
# HOST=port-node
# PERCENTILE_10=13.5
# PERCENTILE_90=14.9
# MIN_PIXEL=12.8
# MEDIAN_PIXEL=14.2
# MAX_PIXEL=17.0

# IMAGE
14.5 14.2 15.0 14.5 14.5 14.5 14.8 13.8 
14.2 14.5 14.8 15.0 14.8 14.5 14.8 13.5 
14.0 13.2 13.5 13.2 13.5 14.0 13.8 13.8 
14.5 14.0 13.8 14.0 13.8 13.5 12.8 13.5 
13.5 14.0 14.0 14.0 15.0 14.5 14.5 14.2 
13.5 14.5 14.5 14.2 14.2 15.0 14.5 17.0 
13.8 14.2 14.0 14.2 14.8 14.8 15.0 15.5 
14.8 14.5 14.2 14.5 14.2 14.5 14.5 13.8 


# DIFF
#  2  2  2  2  2  2  2  1
#  2  2  2  2  2  2  2  1
#  1  0  1  0  1  1  1  1
#  2  1  1  1  1  1  0  1
#  1  1  1  1  2  2  2  2
#  1  2  2  2  2  2  2  4
#  1  2  1  2  2  2  2  3
#  2  2  2  2  2  2  2  1
