# TS_TEXT=2019-08-18-22:14:48
# TS_SECS=1566162888.23
# HOST=port-node
# PERCENTILE_10=13.5
# PERCENTILE_90=15.0
# MIN_PIXEL=12.8
# MEDIAN_PIXEL=14.0
# MAX_PIXEL=16.2

# IMAGE
14.5 14.0 14.8 14.0 14.8 14.5 13.8 13.2 
13.8 13.2 13.2 13.5 13.8 13.8 13.2 14.0 
13.5 13.5 13.8 14.5 13.5 12.8 14.0 14.8 
13.8 14.0 13.8 14.2 14.2 14.8 14.8 16.2 
13.8 14.0 14.0 14.2 14.0 14.8 16.2 15.8 
13.8 14.0 14.0 14.0 15.0 14.5 15.8 14.0 
14.2 14.8 14.0 14.2 13.8 14.5 14.0 15.0 
14.2 14.2 15.0 14.2 14.8 14.5 15.0 14.5 


# DIFF
#  2  1  2  1  2  2  1  0
#  1  0  0  1  1  1  0  1
#  1  1  1  2  1  0  1  2
#  1  1  1  2  2  2  2  4
#  1  1  1  2  1  2  4  3
#  1  1  1  1  2  2  3  1
#  2  2  1  2  1  2  1  2
#  2  2  2  2  2  2  2  2
