# TS_TEXT=2019-08-18-22:14:59
# TS_SECS=1566162899.33
# HOST=port-node
# PERCENTILE_10=13.5
# PERCENTILE_90=14.9
# MIN_PIXEL=13.0
# MEDIAN_PIXEL=14.2
# MAX_PIXEL=16.2

# IMAGE
15.0 14.0 14.5 14.2 15.0 14.2 14.5 14.8 
13.8 13.0 13.5 13.5 13.8 13.5 14.2 13.8 
14.0 13.8 13.5 14.0 13.5 14.2 13.5 13.8 
13.5 14.0 13.8 14.0 13.5 14.2 13.8 14.2 
13.5 13.5 14.0 14.5 14.0 14.5 14.2 14.8 
15.2 13.5 14.2 14.2 13.8 14.2 14.0 14.5 
16.2 15.2 14.5 14.8 14.0 14.5 14.2 14.5 
15.0 16.2 14.5 14.2 14.2 14.0 14.5 14.8 


# DIFF
#  2  1  2  1  2  1  2  2
#  1  0  0  0  1  0  1  1
#  1  1  0  1  0  1  0  1
#  0  1  1  1  0  1  1  1
#  0  0  1  2  1  2  1  2
#  2  0  1  1  1  1  1  2
#  3  2  2  2  1  2  1  2
#  2  3  2  1  1  1  2  2
