# TS_TEXT=2019-08-18-22:07:55
# TS_SECS=1566162475.97
# HOST=fore-node
# PERCENTILE_10=13.8
# PERCENTILE_90=14.8
# MIN_PIXEL=13.5
# MEDIAN_PIXEL=14.0
# MAX_PIXEL=19.0

# IMAGE
18.0 14.8 14.0 14.8 14.0 13.5 13.5 14.8 
19.0 17.8 14.8 14.2 14.0 14.0 13.8 13.8 
13.5 14.0 13.5 13.5 14.8 13.8 13.8 14.2 
14.0 14.0 14.0 13.8 13.8 14.0 13.8 13.8 
14.0 14.2 13.8 13.8 14.2 14.2 14.2 14.2 
13.8 14.2 14.0 13.8 13.8 14.8 14.0 14.0 
14.2 14.5 14.2 14.2 14.2 14.8 14.0 14.8 
15.0 15.0 14.8 14.0 14.0 17.8 14.8 14.2 


# DIFF
#  4  1  0  1  0  0  0  1
#  6  4  1  1  0  0  0  0
#  0  0  0  0  1  0  0  1
#  0  0  0  0  0  0  0  0
#  0  1  0  0  1  1  1  1
#  0  1  0  0  0  1  0  0
#  1  1  1  1  1  1  0  1
#  2  2  1  0  0  4  1  1
