# TS_TEXT=2019-08-18-22:18:22
# TS_SECS=1566163102.13
# HOST=port-node
# PERCENTILE_10=12.8
# PERCENTILE_90=14.0
# MIN_PIXEL=12.0
# MEDIAN_PIXEL=13.5
# MAX_PIXEL=14.2

# IMAGE
12.2 12.0 12.8 13.5 12.8 12.8 12.2 13.2 
13.0 12.5 13.2 13.0 12.5 13.5 12.8 13.0 
13.2 13.2 13.5 12.8 13.8 13.2 13.5 14.0 
13.2 13.2 13.0 13.8 14.0 13.8 14.0 13.5 
13.8 12.8 13.5 13.8 14.2 13.8 14.0 14.0 
14.0 13.2 13.8 13.2 13.8 13.5 13.8 13.0 
13.2 14.0 13.5 14.2 13.8 13.5 13.8 13.5 
13.8 13.8 14.2 13.5 13.8 14.0 13.8 13.8 


# DIFF
#  0  0  1  2  1  1  0  1
#  1  0  1  1  0  2  1  1
#  1  1  2  1  2  1  2  2
#  1  1  1  2  2  2  2  2
#  2  1  2  2  2  2  2  2
#  2  1  2  1  2  2  2  1
#  1  2  2  2  2  2  2  2
#  2  2  2  2  2  2  2  2
