# TS_TEXT=2019-08-18-22:18:39
# TS_SECS=1566163119.28
# HOST=port-node
# PERCENTILE_10=12.8
# PERCENTILE_90=14.2
# MIN_PIXEL=0.0
# MEDIAN_PIXEL=13.5
# MAX_PIXEL=17.5

# IMAGE
12.8 13.0 12.8 13.0 13.0 13.2 12.8 11.8 
12.2 13.2 13.0 13.0 13.5 12.8 12.2 13.0 
13.2 13.2 13.5 13.5 13.0 13.5 13.8 13.2 
13.2 13.2 13.5 13.2 13.2 14.5 13.5 13.8 
14.0 14.2 13.8 13.5 13.8 14.0 14.0 13.8 
17.5 15.0 13.8 14.2 13.8 14.2 14.0 13.2 
16.5 13.8 13.8 13.8 14.2 13.5 13.5 13.5 
0.0 12.5 13.2 12.5 13.0 13.0 14.0 14.5 


# DIFF
# 13 13 13 13 13 13 13 12
# 12 13 13 13 14 13 12 13
# 13 13 14 14 13 14 14 13
# 13 13 14 13 13 14 14 14
# 14 14 14 14 14 14 14 14
# 18 15 14 14 14 14 14 13
# 16 14 14 14 14 14 14 14
#  0 12 13 12 13 13 14 14
