# TS_TEXT=2019-08-18-21:46:20
# TS_SECS=1566161180.82
# HOST=fore-node
# PERCENTILE_10=13.5
# PERCENTILE_90=15.5
# MIN_PIXEL=13.0
# MEDIAN_PIXEL=14.5
# MAX_PIXEL=17.2

# IMAGE
17.0 15.5 14.8 13.2 14.5 13.0 13.8 13.8 
17.0 14.5 14.5 13.8 14.0 13.8 13.5 13.2 
15.5 14.8 14.2 14.2 14.5 13.8 14.0 14.2 
15.0 14.8 14.2 14.2 14.5 15.0 14.8 14.0 
14.5 13.0 13.8 13.5 15.2 17.0 15.5 15.0 
14.0 13.8 13.5 14.0 17.2 17.0 14.5 14.2 
14.5 13.8 14.0 13.5 17.0 15.5 14.8 14.5 
14.5 15.0 14.8 14.0 15.5 15.0 14.8 14.2 


# DIFF
#  4  2  2  0  2  0  1  1
#  4  2  2  1  1  1  0  0
#  2  2  1  1  2  1  1  1
#  2  2  1  1  2  2  2  1
#  2  0  1  0  2  4  2  2
#  1  1  0  1  4  4  2  1
#  2  1  1  0  4  2  2  2
#  2  2  2  1  2  2  2  1
