# TS_TEXT=2019-08-18-23:12:04
# TS_SECS=1566166324.23
# HOST=starboard-node
# PERCENTILE_10=14.0
# PERCENTILE_90=14.8
# MIN_PIXEL=13.5
# MEDIAN_PIXEL=14.4
# MAX_PIXEL=16.2

# IMAGE
14.5 14.5 13.8 14.5 14.8 14.5 13.5 13.8 
14.2 14.2 14.5 14.2 14.5 14.2 14.2 13.8 
14.2 14.8 14.5 14.5 14.0 13.8 14.2 14.2 
14.2 14.0 15.0 14.5 14.5 14.2 14.0 14.2 
15.2 14.8 14.5 14.5 14.2 14.0 14.5 14.2 
16.2 14.5 14.8 14.0 14.0 14.5 14.5 14.5 
16.2 14.5 14.8 14.5 14.5 14.2 14.0 14.2 
16.0 14.5 14.5 14.2 14.0 14.2 14.2 14.2 


# DIFF
#  1  1  0  1  1  1  0  0
#  1  1  1  1  1  1  1  0
#  1  1  1  1  0  0  1  1
#  1  0  2  1  1  1  0  1
#  2  1  1  1  1  0  1  1
#  3  1  1  0  0  1  1  1
#  3  1  1  1  1  1  0  1
#  2  1  1  1  0  1  1  1
