# TS_TEXT=2019-08-27-13:57:47
# TS_SECS=1566910667.32
# HOST=centre-node
# PERCENTILE_10=14.8
# PERCENTILE_90=15.8
# MIN_PIXEL=14.0
# MEDIAN_PIXEL=15.2
# MAX_PIXEL=16.2

# IMAGE
15.5 14.8 15.0 15.0 14.5 15.0 14.2 15.0 
14.5 14.8 15.0 15.8 14.5 15.2 14.8 14.0 
15.0 15.0 15.8 15.2 15.2 15.0 14.8 14.5 
15.8 15.8 15.5 15.0 15.5 15.2 15.0 14.8 
15.0 15.5 15.8 15.5 15.5 14.8 15.5 15.2 
15.8 15.0 15.8 15.8 15.2 15.2 15.2 15.0 
16.2 15.5 15.8 15.8 15.2 15.5 15.0 15.0 
15.5 15.0 15.8 16.0 15.2 15.5 15.0 15.0 


# DIFF
#  2  1  1  1  0  1  0  1
#  0  1  1  2  0  1  1  0
#  1  1  2  1  1  1  1  0
#  2  2  2  1  2  1  1  1
#  1  2  2  2  2  1  2  1
#  2  1  2  2  1  1  1  1
#  2  2  2  2  1  2  1  1
#  2  1  2  2  1  2  1  1
