# TS_TEXT=2019-08-27-13:55:54
# TS_SECS=1566910554.89
# HOST=centre-node
# PERCENTILE_10=14.5
# PERCENTILE_90=15.4
# MIN_PIXEL=14.2
# MEDIAN_PIXEL=15.0
# MAX_PIXEL=15.8

# IMAGE
15.0 14.5 14.8 15.0 14.8 14.5 14.5 14.5 
14.8 15.0 15.2 15.8 14.8 15.2 14.5 14.5 
15.0 14.2 15.0 15.0 14.8 14.8 14.8 14.2 
15.0 15.0 15.2 14.5 15.0 14.8 14.8 14.8 
15.2 15.0 15.5 15.0 15.0 14.8 15.0 15.0 
15.2 14.5 15.5 15.2 15.2 14.5 15.0 15.0 
15.5 14.8 15.2 15.0 15.5 15.0 15.0 14.5 
14.5 15.2 15.5 15.5 14.8 14.8 15.2 14.5 


# DIFF
#  1  0  0  1  0  0  0  0
#  0  1  1  2  0  1  0  0
#  1  0  1  1  0  0  0  0
#  1  1  1  0  1  0  0  0
#  1  1  1  1  1  0  1  1
#  1  0  1  1  1  0  1  1
#  1  0  1  1  1  1  1  0
#  0  1  1  1  0  0  1  0
