# TS_TEXT=2019-08-27-13:57:02
# TS_SECS=1566910622.15
# HOST=centre-node
# PERCENTILE_10=14.8
# PERCENTILE_90=15.8
# MIN_PIXEL=14.2
# MEDIAN_PIXEL=15.5
# MAX_PIXEL=16.2

# IMAGE
14.5 14.5 14.8 15.0 15.0 15.2 14.8 15.2 
15.2 15.5 14.8 16.0 15.5 16.0 15.2 14.5 
15.0 15.2 16.0 15.2 15.8 15.5 15.5 14.2 
15.8 15.8 15.8 15.8 15.2 15.0 15.2 15.0 
15.5 15.8 15.8 15.8 15.8 16.0 15.2 15.2 
15.5 15.5 15.2 16.0 15.8 15.5 15.8 15.8 
15.8 15.2 15.8 15.5 15.2 15.2 15.5 15.0 
15.2 16.2 15.8 15.5 15.5 15.5 15.8 15.0 


# DIFF
#  0  0  0  1  1  1  0  1
#  1  1  0  2  1  2  1  0
#  1  1  2  1  2  1  1  0
#  2  2  2  2  1  1  1  1
#  1  2  2  2  2  2  1  1
#  1  1  1  2  2  1  2  2
#  2  1  2  1  1  1  1  1
#  1  2  2  1  1  1  2  1
