# TS_TEXT=2019-08-27-13:23:52
# TS_SECS=1566908632.84
# HOST=aft-node
# PERCENTILE_10=15.0
# PERCENTILE_90=17.2
# MIN_PIXEL=14.5
# MEDIAN_PIXEL=16.0
# MAX_PIXEL=23.8

# IMAGE
15.8 16.2 16.8 17.2 17.2 16.0 15.8 15.5 
16.2 16.2 17.0 23.8 19.5 16.8 16.2 16.0 
16.0 15.8 16.8 23.0 22.5 17.0 15.5 16.0 
15.2 16.0 16.2 18.5 20.5 16.8 15.8 15.8 
16.0 16.0 16.2 16.0 16.0 16.0 16.0 15.2 
15.5 15.0 15.8 16.0 15.8 15.5 15.8 14.5 
15.0 15.2 15.0 15.2 16.0 15.5 15.5 15.5 
15.2 15.5 14.8 15.0 14.5 15.0 15.2 15.0 


# DIFF
#  1  2  2  3  3  2  1  1
#  2  2  2  9  5  2  2  2
#  2  1  2  8  8  2  1  2
#  1  2  2  4  6  2  1  1
#  2  2  2  2  2  2  2  1
#  1  0  1  2  1  1  1  0
#  0  1  0  1  2  1  1  1
#  1  1  0  0  0  0  1  0
