# TS_TEXT=2019-08-27-13:22:07
# TS_SECS=1566908527.07
# HOST=aft-node
# PERCENTILE_10=16.8
# PERCENTILE_90=19.1
# MIN_PIXEL=16.0
# MEDIAN_PIXEL=17.5
# MAX_PIXEL=24.5

# IMAGE
16.2 17.0 17.5 17.5 18.0 18.2 18.2 17.5 
17.8 17.8 18.0 18.2 19.5 23.5 20.5 18.2 
17.8 17.8 18.0 18.8 23.8 24.5 21.5 17.8 
17.2 17.2 17.0 17.8 18.5 19.2 18.0 17.8 
17.0 17.5 17.2 16.8 17.2 17.0 17.2 16.8 
17.5 17.2 17.5 17.5 17.5 17.2 17.2 17.0 
17.2 16.8 17.5 17.0 17.0 17.0 17.0 17.5 
17.0 16.8 17.2 17.2 16.2 16.0 16.8 16.5 


# DIFF
#  0  1  2  2  2  2  2  2
#  2  2  2  2  4  8  4  2
#  2  2  2  3  8  8  6  2
#  1  1  1  2  2  3  2  2
#  1  2  1  1  1  1  1  1
#  2  1  2  2  2  1  1  1
#  1  1  2  1  1  1  1  2
#  1  1  1  1  0  0  1  0
