# TS_TEXT=2019-08-27-13:24:57
# TS_SECS=1566908697.29
# HOST=aft-node
# PERCENTILE_10=15.5
# PERCENTILE_90=18.3
# MIN_PIXEL=15.0
# MEDIAN_PIXEL=16.2
# MAX_PIXEL=24.0

# IMAGE
15.2 16.2 16.0 16.5 16.5 16.5 16.8 15.8 
16.2 16.0 16.8 16.8 17.8 20.0 18.5 16.5 
16.8 16.5 16.2 16.8 19.8 24.0 21.8 17.2 
15.5 16.8 16.0 17.2 20.2 20.8 17.5 16.2 
16.0 16.0 16.2 16.5 17.0 16.8 16.2 16.2 
16.5 16.0 17.0 16.2 16.0 16.2 16.2 15.0 
15.8 15.5 16.0 15.8 15.8 16.2 16.0 16.0 
15.5 16.0 15.5 15.5 15.5 15.2 16.0 15.8 


# DIFF
#  0  1  1  2  2  2  2  1
#  1  1  2  2  3  5  4  2
#  2  2  1  2  5  9  7  2
#  0  2  1  2  5  6  2  1
#  1  1  1  2  2  2  1  1
#  2  1  2  1  1  1  1  0
#  1  0  1  1  1  1  1  1
#  0  1  0  0  0  0  1  1
