# TS_TEXT=2019-08-27-13:26:55
# TS_SECS=1566908815.13
# HOST=aft-node
# PERCENTILE_10=14.8
# PERCENTILE_90=17.1
# MIN_PIXEL=14.2
# MEDIAN_PIXEL=15.8
# MAX_PIXEL=23.8

# IMAGE
14.8 15.2 15.5 16.0 16.0 16.0 15.8 14.8 
15.8 16.0 16.0 16.8 17.2 16.2 15.8 15.2 
15.8 16.0 16.5 20.5 23.8 18.8 16.2 15.8 
15.5 16.0 16.5 21.0 22.0 20.5 16.0 15.5 
15.8 15.8 16.0 15.5 16.5 15.8 15.5 15.8 
15.2 14.8 15.8 15.5 15.5 15.0 15.8 15.2 
14.5 15.0 15.0 15.2 15.0 15.5 14.5 14.2 
14.2 15.0 15.2 15.2 15.0 14.2 14.8 14.5 


# DIFF
#  0  1  1  2  2  2  2  0
#  2  2  2  2  3  2  2  1
#  2  2  2  6 10  4  2  2
#  1  2  2  7  8  6  2  1
#  2  2  2  1  2  2  1  2
#  1  0  2  1  1  1  2  1
#  0  1  1  1  1  1  0  0
#  0  1  1  1  1  0  0  0
