# TS_TEXT=2019-08-27-13:23:57
# TS_SECS=1566908637.88
# HOST=aft-node
# PERCENTILE_10=14.8
# PERCENTILE_90=16.8
# MIN_PIXEL=14.0
# MEDIAN_PIXEL=15.5
# MAX_PIXEL=23.2

# IMAGE
15.2 16.0 16.8 16.8 16.5 15.2 15.5 15.2 
15.8 16.8 20.8 22.8 16.5 15.8 15.5 15.2 
15.8 16.5 20.2 23.2 16.2 15.8 15.8 15.2 
15.5 16.2 18.2 20.5 15.5 15.8 15.5 15.5 
15.5 15.8 15.8 15.8 15.8 15.2 15.2 15.2 
15.0 15.2 15.5 15.2 15.8 15.5 15.8 15.0 
15.0 15.0 15.2 14.5 15.2 15.2 15.5 14.8 
14.8 14.8 14.5 14.0 14.5 14.8 14.2 14.8 


# DIFF
#  1  2  3  3  2  1  2  1
#  2  3  7  9  2  2  2  1
#  2  2  6  9  2  2  2  1
#  2  2  4  6  2  2  2  2
#  2  2  2  2  2  1  1  1
#  1  1  2  1  2  2  2  1
#  1  1  1  0  1  1  2  1
#  1  1  0  0  0  1  0  1
