# TS_TEXT=2019-08-27-13:23:56
# TS_SECS=1566908636.87
# HOST=aft-node
# PERCENTILE_10=14.8
# PERCENTILE_90=17.4
# MIN_PIXEL=14.0
# MEDIAN_PIXEL=15.5
# MAX_PIXEL=23.5

# IMAGE
15.5 16.2 17.0 18.2 17.0 15.8 15.5 14.8 
15.5 16.8 21.5 23.5 17.2 16.2 15.8 15.2 
16.0 16.0 18.5 23.2 17.5 16.2 16.0 15.5 
15.0 16.0 16.8 19.5 16.0 15.5 15.2 15.2 
15.8 15.5 16.0 15.5 15.8 15.2 15.8 15.2 
15.0 15.2 15.5 15.2 15.5 15.2 15.5 14.8 
15.0 14.8 15.0 15.2 15.2 15.8 15.0 14.8 
14.0 15.2 14.8 15.0 14.2 14.0 14.5 14.2 


# DIFF
#  2  2  3  4  3  2  2  1
#  2  3  8 10  3  2  2  1
#  2  2  4  9  4  2  2  2
#  1  2  3  6  2  2  1  1
#  2  2  2  2  2  1  2  1
#  1  1  2  1  2  1  2  1
#  1  1  1  1  1  2  1  1
#  0  1  1  1  0  0  0  0
