# TS_TEXT=2019-08-27-13:24:23
# TS_SECS=1566908663.05
# HOST=aft-node
# PERCENTILE_10=15.0
# PERCENTILE_90=17.0
# MIN_PIXEL=14.8
# MEDIAN_PIXEL=15.8
# MAX_PIXEL=22.2

# IMAGE
15.2 17.0 21.8 19.2 16.8 16.0 15.8 15.0 
16.0 17.0 22.0 22.2 16.5 16.5 15.5 15.0 
16.2 16.5 17.8 20.0 16.2 16.2 15.5 15.5 
15.8 15.8 15.8 16.5 15.2 16.0 15.5 15.8 
15.5 15.8 16.0 16.0 15.8 15.8 16.0 15.5 
15.2 15.2 16.0 15.8 15.5 15.8 15.5 15.2 
15.5 15.0 15.2 15.0 15.0 15.8 15.2 15.0 
14.8 15.0 15.5 14.8 15.0 15.2 15.0 14.8 


# DIFF
#  0  2  7  4  2  1  1  0
#  1  2  7  8  2  2  1  0
#  2  2  3  5  2  2  1  1
#  1  1  1  2  0  1  1  1
#  1  1  1  1  1  1  1  1
#  0  0  1  1  1  1  1  0
#  1  0  0  0  0  1  0  0
#  0  0  1  0  0  0  0  0
