# TS_TEXT=2019-08-27-13:25:52
# TS_SECS=1566908752.69
# HOST=aft-node
# PERCENTILE_10=14.8
# PERCENTILE_90=17.0
# MIN_PIXEL=13.8
# MEDIAN_PIXEL=15.2
# MAX_PIXEL=23.2

# IMAGE
14.5 15.2 15.5 15.2 15.2 14.8 15.2 14.8 
15.2 15.2 15.5 15.8 15.2 16.0 15.5 15.2 
15.0 15.8 16.2 16.0 16.0 17.8 16.2 15.5 
15.0 15.0 15.5 17.0 21.0 23.2 19.8 15.5 
15.2 15.5 15.2 16.8 21.2 19.8 17.0 15.2 
14.8 14.8 15.2 15.2 15.8 15.8 15.5 14.8 
15.0 15.2 15.0 14.8 15.2 15.0 15.0 15.0 
14.8 14.8 14.8 14.8 13.8 14.5 14.8 14.8 


# DIFF
#  1  2  2  2  2  1  2  1
#  2  2  2  2  2  2  2  2
#  1  2  2  2  2  4  2  2
#  1  1  2  3  7 10  6  2
#  2  2  2  3  8  6  3  2
#  1  1  2  2  2  2  2  1
#  1  2  1  1  2  1  1  1
#  1  1  1  1  0  1  1  1
