# TS_TEXT=2019-08-27-13:24:17
# TS_SECS=1566908657.01
# HOST=aft-node
# PERCENTILE_10=15.0
# PERCENTILE_90=17.5
# MIN_PIXEL=14.0
# MEDIAN_PIXEL=15.5
# MAX_PIXEL=23.0

# IMAGE
15.2 16.5 19.2 20.8 16.5 15.5 15.8 15.2 
15.5 17.0 22.8 23.0 18.8 15.8 15.8 15.0 
16.0 16.0 17.8 19.5 16.2 15.5 15.5 15.5 
15.0 15.8 15.8 16.0 15.5 15.5 15.5 15.2 
15.8 15.5 15.8 15.0 15.5 15.2 16.0 15.0 
15.0 15.0 15.8 15.5 15.5 15.0 15.5 15.0 
14.8 15.0 15.0 15.2 15.0 15.5 15.0 15.0 
14.8 15.0 15.5 14.2 14.0 14.0 15.0 14.8 


# DIFF
#  1  2  5  7  2  2  2  1
#  2  3  9  9  5  2  2  1
#  2  2  4  6  2  2  2  2
#  1  2  2  2  2  2  2  1
#  2  2  2  1  2  1  2  1
#  1  1  2  2  2  1  2  1
#  1  1  1  1  1  2  1  1
#  1  1  2  0  0  0  1  1
