# TS_TEXT=2019-08-27-13:26:18
# TS_SECS=1566908778.87
# HOST=aft-node
# PERCENTILE_10=15.1
# PERCENTILE_90=17.0
# MIN_PIXEL=14.8
# MEDIAN_PIXEL=16.0
# MAX_PIXEL=23.0

# IMAGE
15.2 15.8 15.8 16.0 16.0 16.0 16.0 16.2 
15.8 16.0 16.2 16.2 16.2 16.5 17.0 16.5 
16.2 16.2 15.8 16.0 16.5 18.8 20.0 21.0 
15.5 16.2 16.0 16.0 17.0 21.0 23.0 21.0 
16.0 16.0 16.0 16.0 16.0 16.0 17.0 16.8 
15.5 15.8 15.8 16.0 16.0 16.2 16.2 15.2 
14.8 15.5 15.5 15.2 15.8 16.0 15.0 15.5 
15.8 15.2 15.0 15.0 15.0 15.2 15.0 15.0 


# DIFF
#  0  1  1  1  1  1  1  2
#  1  1  2  2  2  2  2  2
#  2  2  1  1  2  4  5  6
#  1  2  1  1  2  6  8  6
#  1  1  1  1  1  1  2  2
#  1  1  1  1  1  2  2  0
#  0  1  1  0  1  1  0  1
#  1  0  0  0  0  0  0  0
