# TS_TEXT=2019-08-25-16:31:47
# TS_SECS=1566747107.14
# HOST=fore-node
# PERCENTILE_10=15.2
# PERCENTILE_90=16.5
# MIN_PIXEL=14.8
# MEDIAN_PIXEL=16.0
# MAX_PIXEL=21.2

# IMAGE
15.5 15.8 16.0 15.8 16.0 15.5 15.0 14.8 
16.2 16.2 16.0 16.0 16.0 16.2 16.0 15.5 
15.5 15.8 16.8 18.5 16.8 15.8 16.5 16.2 
15.8 15.8 16.8 21.2 16.0 16.0 16.2 15.8 
16.0 15.2 16.0 16.2 16.2 15.5 16.2 16.2 
16.2 16.0 16.0 16.2 16.0 16.8 15.5 16.0 
15.5 15.2 16.2 15.8 16.5 15.8 15.8 16.2 
16.0 15.5 15.2 15.5 15.8 14.8 15.2 15.0 


# DIFF
#  1  1  1  1  1  1  0  0
#  2  2  1  1  1  2  1  1
#  1  1  2  4  2  1  2  2
#  1  1  2  6  1  1  2  1
#  1  0  1  2  2  1  2  2
#  2  1  1  2  1  2  1  1
#  1  0  2  1  2  1  1  2
#  1  1  0  1  1  0  0  0
