# TS_TEXT=2019-08-18-22:03:03
# TS_SECS=1566162183.49
# HOST=fore-node
# PERCENTILE_10=14.2
# PERCENTILE_90=16.4
# MIN_PIXEL=0.0
# MEDIAN_PIXEL=15.0
# MAX_PIXEL=19.2

# IMAGE
14.5 15.2 14.2 14.5 15.2 14.8 14.0 14.2 
14.2 14.8 15.2 14.5 15.0 14.2 14.2 14.0 
14.5 14.8 14.5 15.0 15.0 15.2 14.8 15.0 
15.2 15.0 15.0 14.8 15.0 15.2 15.2 14.8 
14.2 15.5 15.5 16.0 15.8 15.8 15.2 15.2 
14.8 14.8 15.5 16.8 19.0 17.5 16.0 15.5 
16.5 15.8 16.0 17.5 19.2 19.0 16.2 15.2 
0.0 14.0 15.0 14.8 14.2 14.8 14.2 15.5 


# DIFF
# 14 15 14 14 15 15 14 14
# 14 15 15 14 15 14 14 14
# 14 15 14 15 15 15 15 15
# 15 15 15 15 15 15 15 15
# 14 16 16 16 16 16 15 15
# 15 15 16 17 19 18 16 16
# 16 16 16 18 19 19 16 15
#  0 14 15 15 14 15 14 16
