# TS_TEXT=2019-08-18-22:15:21
# TS_SECS=1566162921.57
# HOST=aft-node
# PERCENTILE_10=13.5
# PERCENTILE_90=15.8
# MIN_PIXEL=0.0
# MEDIAN_PIXEL=14.0
# MAX_PIXEL=17.5

# IMAGE
14.2 13.8 14.2 13.8 14.0 16.8 17.5 17.2 
14.0 13.8 13.8 13.8 13.2 14.8 15.8 14.2 
13.5 14.2 14.0 13.8 13.5 14.0 14.0 14.0 
14.0 13.8 14.5 13.2 14.0 14.0 13.8 14.0 
13.5 13.5 14.2 14.2 14.2 13.8 13.8 13.2 
15.0 14.2 14.2 16.8 17.5 17.2 13.8 13.5 
14.0 14.5 15.0 14.0 15.8 14.2 13.2 14.0 
0.0 13.0 13.5 14.0 14.0 14.0 14.2 14.2 


# DIFF
# 14 14 14 14 14 17 18 17
# 14 14 14 14 13 15 16 14
# 14 14 14 14 14 14 14 14
# 14 14 14 13 14 14 14 14
# 14 14 14 14 14 14 14 13
# 15 14 14 17 18 17 14 14
# 14 14 15 14 16 14 13 14
#  0 13 14 14 14 14 14 14
