# TS_TEXT=2019-08-18-22:43:13
# TS_SECS=1566164593.93
# HOST=starboard-node
# PERCENTILE_10=14.1
# PERCENTILE_90=16.3
# MIN_PIXEL=13.8
# MEDIAN_PIXEL=14.5
# MAX_PIXEL=18.8

# IMAGE
15.2 15.2 14.5 15.2 15.0 14.0 14.2 14.5 
17.5 16.8 15.8 14.2 14.5 14.8 14.5 14.0 
18.8 18.5 18.2 15.0 14.5 14.2 14.2 14.5 
15.0 17.8 16.5 14.8 14.8 14.8 14.2 14.5 
14.8 15.5 15.2 15.2 14.5 14.5 14.5 14.2 
14.8 14.8 15.0 14.2 14.2 14.8 14.8 14.2 
14.0 14.2 14.8 15.0 14.5 14.5 14.2 14.0 
14.8 14.8 14.2 14.0 14.0 14.5 14.5 13.8 


# DIFF
#  2  2  1  2  1  0  0  1
#  4  3  2  0  1  1  1  0
#  5  5  4  1  1  0  0  1
#  1  4  3  1  1  1  0  1
#  1  2  2  2  1  1  1  0
#  1  1  1  0  0  1  1  0
#  0  0  1  1  1  1  0  0
#  1  1  0  0  0  1  1  0
