# TS_TEXT=2019-08-18-22:43:08
# TS_SECS=1566164588.89
# HOST=starboard-node
# PERCENTILE_10=13.8
# PERCENTILE_90=15.2
# MIN_PIXEL=13.5
# MEDIAN_PIXEL=14.2
# MAX_PIXEL=18.8

# IMAGE
14.8 14.5 14.2 14.5 14.5 14.0 13.5 14.0 
17.0 15.0 14.5 14.0 14.2 14.5 14.0 14.2 
18.8 17.8 15.5 14.8 14.5 13.8 13.8 14.2 
15.2 17.0 16.5 14.5 14.5 14.5 14.2 14.5 
14.8 14.5 14.8 14.5 13.8 14.0 14.2 14.0 
14.5 14.2 14.2 14.0 14.2 14.5 14.0 14.2 
14.5 14.2 14.2 14.5 14.0 13.5 14.0 13.8 
14.0 14.0 14.0 13.8 13.8 13.8 13.8 14.0 


# DIFF
#  1  1  1  1  1  0  0  0
#  4  2  1  0  1  1  0  1
#  5  4  2  1  1  0  0  1
#  2  4  3  1  1  1  1  1
#  1  1  1  1  0  0  1  0
#  1  1  1  0  1  1  0  1
#  1  1  1  1  0  0  0  0
#  0  0  0  0  0  0  0  0
