# TS_TEXT=2019-08-25-13:14:18
# TS_SECS=1566735258.29
# HOST=fore-node
# PERCENTILE_10=15.5
# PERCENTILE_90=17.4
# MIN_PIXEL=14.8
# MEDIAN_PIXEL=16.0
# MAX_PIXEL=20.2

# IMAGE
15.5 15.5 16.5 16.0 15.8 15.5 15.0 15.0 
15.8 16.0 16.2 19.2 17.2 15.8 15.5 15.0 
15.5 16.0 16.8 19.0 17.8 16.0 15.8 15.5 
15.8 16.2 17.5 20.2 17.2 16.2 15.8 15.2 
16.0 16.2 18.0 17.8 16.8 15.8 16.0 15.8 
16.0 16.2 16.2 16.8 16.5 16.2 15.8 15.5 
15.5 16.0 16.0 15.8 15.8 15.8 16.0 15.5 
16.5 16.0 16.0 15.5 16.2 15.2 14.8 15.5 


# DIFF
#  1  1  2  1  1  1  0  0
#  1  1  2  4  2  1  1  0
#  1  1  2  4  3  1  1  1
#  1  2  3  6  2  2  1  0
#  1  2  3  3  2  1  1  1
#  1  2  2  2  2  2  1  1
#  1  1  1  1  1  1  1  1
#  2  1  1  1  2  0  0  1
