# TS_TEXT=2019-08-18-21:45:09
# TS_SECS=1566161109.88
# HOST=port-node
# PERCENTILE_10=13.8
# PERCENTILE_90=16.4
# MIN_PIXEL=13.0
# MEDIAN_PIXEL=14.5
# MAX_PIXEL=17.8

# IMAGE
14.5 16.8 13.0 13.2 13.8 13.8 13.8 14.0 
16.0 17.5 13.5 13.8 14.0 14.0 13.5 14.2 
17.8 16.5 14.2 13.8 14.2 14.0 14.5 16.2 
15.0 14.2 14.2 14.0 14.8 15.5 16.0 17.8 
14.8 15.2 14.0 14.2 14.0 15.5 17.8 16.8 
14.5 14.5 14.5 13.8 14.5 14.5 15.0 14.2 
13.8 14.0 14.5 15.2 14.5 14.5 14.8 14.5 
14.0 13.5 14.0 14.8 14.8 15.2 14.5 15.0 


# DIFF
#  2  4  0  0  1  1  1  1
#  3  4  0  1  1  1  0  1
#  5  4  1  1  1  1  2  3
#  2  1  1  1  2  2  3  5
#  2  2  1  1  1  2  5  4
#  2  2  2  1  2  2  2  1
#  1  1  2  2  2  2  2  2
#  1  0  1  2  2  2  2  2
