# TS_TEXT=2019-08-25-12:32:00
# TS_SECS=1566732720.69
# HOST=centre-node
# PERCENTILE_10=15.0
# PERCENTILE_90=17.9
# MIN_PIXEL=14.5
# MEDIAN_PIXEL=15.6
# MAX_PIXEL=20.5

# IMAGE
15.0 15.2 15.0 15.5 15.0 15.5 15.0 15.0 
15.2 15.5 15.0 16.0 15.5 15.8 14.5 14.8 
15.8 15.2 16.2 16.2 15.8 15.0 15.2 14.8 
16.2 16.2 18.8 18.0 15.5 15.2 15.2 15.0 
16.0 18.5 20.5 18.2 15.8 15.2 15.5 15.2 
16.2 17.8 20.0 18.5 15.8 15.5 15.2 15.8 
17.0 16.0 17.5 16.2 16.0 15.8 15.2 15.2 
16.5 16.8 16.2 16.0 15.8 15.5 15.5 15.5 


# DIFF
#  0  1  0  1  0  1  0  0
#  1  1  0  2  1  1  0  0
#  1  1  2  2  1  0  1  0
#  2  2  4  4  1  1  1  0
#  2  4  6  4  1  1  1  1
#  2  3  6  4  1  1  1  1
#  2  2  3  2  2  1  1  1
#  2  2  2  2  1  1  1  1
