# TS_TEXT=2019-08-25-12:32:17
# TS_SECS=1566732737.77
# HOST=centre-node
# PERCENTILE_10=14.8
# PERCENTILE_90=18.2
# MIN_PIXEL=14.2
# MEDIAN_PIXEL=15.8
# MAX_PIXEL=20.8

# IMAGE
15.0 14.5 15.8 15.0 14.8 15.2 15.0 15.5 
15.0 16.0 15.5 15.5 15.2 15.8 14.2 14.8 
15.5 15.8 15.8 16.5 16.0 15.2 14.8 14.8 
16.5 16.8 18.2 18.5 16.2 15.5 15.2 15.2 
16.5 19.5 20.8 19.5 15.8 15.8 15.2 15.5 
16.2 18.2 19.5 18.0 16.2 15.8 15.5 15.5 
16.5 16.5 17.5 16.0 16.2 15.2 15.8 15.5 
16.0 16.5 17.0 15.8 15.5 15.5 15.0 14.8 


# DIFF
#  1  0  2  1  0  1  1  1
#  1  2  1  1  1  2  0  0
#  1  2  2  2  2  1  0  0
#  2  2  4  4  2  1  1  1
#  2  5  6  5  2  2  1  1
#  2  4  5  4  2  2  1  1
#  2  2  3  2  2  1  2  1
#  2  2  3  2  1  1  1  0
