# TS_TEXT=2019-08-25-12:31:43
# TS_SECS=1566732703.62
# HOST=centre-node
# PERCENTILE_10=14.8
# PERCENTILE_90=17.4
# MIN_PIXEL=14.5
# MEDIAN_PIXEL=15.2
# MAX_PIXEL=20.2

# IMAGE
15.2 14.8 14.5 15.0 14.8 14.8 15.0 14.5 
14.8 15.5 15.2 15.0 15.0 15.2 14.8 14.5 
15.0 15.0 15.5 16.2 15.8 14.5 15.2 14.8 
15.5 16.0 18.2 17.5 15.8 15.0 15.2 14.8 
15.5 17.0 20.2 18.8 15.8 15.0 14.5 15.0 
15.8 18.0 19.2 18.0 15.8 15.2 15.2 15.2 
16.0 15.8 17.0 15.5 15.5 15.5 15.0 14.8 
15.5 16.0 16.0 16.0 15.2 15.5 15.2 14.5 


# DIFF
#  1  0  0  0  0  0  0  0
#  0  1  1  0  0  1  0  0
#  0  0  1  2  1  0  1  0
#  1  2  4  3  1  0  1  0
#  1  2  6  4  1  0  0  0
#  1  4  5  4  1  1  1  1
#  2  1  2  1  1  1  0  0
#  1  2  2  2  1  1  1  0
