# TS_TEXT=2019-08-27-13:36:30
# TS_SECS=1566909390.18
# HOST=port-node
# PERCENTILE_10=15.0
# PERCENTILE_90=16.0
# MIN_PIXEL=14.2
# MEDIAN_PIXEL=15.5
# MAX_PIXEL=19.0

# IMAGE
15.2 15.0 15.2 15.2 15.2 16.0 16.5 16.0 
15.8 15.2 15.5 15.5 15.5 16.0 15.5 18.5 
14.8 15.2 16.0 15.8 15.8 15.5 17.2 19.0 
14.2 15.5 16.0 15.5 15.8 16.2 16.0 16.0 
14.5 15.2 15.8 15.5 15.8 16.2 15.8 15.5 
15.0 15.5 15.2 15.5 15.5 15.5 15.8 15.2 
15.2 15.0 15.2 15.5 15.2 15.5 15.2 15.8 
14.8 14.8 15.0 15.0 15.2 15.0 15.0 14.8 


# DIFF
#  1  1  1  1  1  2  2  2
#  2  1  1  1  1  2  1  4
#  0  1  2  2  2  1  3  5
#  0  1  2  1  2  2  2  2
#  0  1  2  1  2  2  2  1
#  1  1  1  1  1  1  2  1
#  1  1  1  1  1  1  1  2
#  0  0  1  1  1  1  1  0
