# TS_TEXT=2019-08-27-13:37:33
# TS_SECS=1566909453.48
# HOST=port-node
# PERCENTILE_10=13.8
# PERCENTILE_90=15.2
# MIN_PIXEL=12.8
# MEDIAN_PIXEL=14.5
# MAX_PIXEL=19.8

# IMAGE
14.2 13.8 14.0 13.8 14.5 15.0 14.8 15.2 
14.8 14.2 14.5 15.0 14.5 14.8 14.5 15.8 
13.8 14.5 14.5 14.5 14.5 14.5 16.2 19.8 
12.8 14.5 14.0 15.0 14.8 15.0 16.2 16.5 
14.0 14.2 14.8 14.5 14.2 15.2 15.0 15.2 
13.8 14.2 14.2 14.5 14.5 14.5 14.8 15.0 
13.2 14.5 13.5 14.8 14.8 14.5 14.5 15.0 
13.5 13.5 14.0 13.8 14.0 14.0 14.2 14.2 


# DIFF
#  2  1  1  1  2  2  2  2
#  2  2  2  2  2  2  2  3
#  1  2  2  2  2  2  4  7
#  0  2  1  2  2  2  4  4
#  1  2  2  2  2  2  2  2
#  1  2  2  2  2  2  2  2
#  0  2  1  2  2  2  2  2
#  1  1  1  1  1  1  2  2
