# TS_TEXT=2019-08-27-13:36:48
# TS_SECS=1566909408.27
# HOST=port-node
# PERCENTILE_10=15.0
# PERCENTILE_90=18.5
# MIN_PIXEL=14.2
# MEDIAN_PIXEL=15.5
# MAX_PIXEL=23.2

# IMAGE
15.2 15.0 14.5 15.0 15.0 15.8 15.2 15.8 
15.8 15.2 15.2 15.5 16.0 15.5 15.8 15.5 
15.0 15.5 15.8 15.5 16.2 17.8 19.5 20.5 
15.0 15.5 15.5 15.5 15.8 20.8 23.2 22.5 
15.0 16.0 15.5 15.2 16.0 16.5 18.8 19.5 
15.8 15.2 15.8 15.5 15.5 15.2 16.0 15.5 
15.2 15.5 14.8 15.5 15.0 15.8 15.5 15.5 
15.5 14.2 15.5 14.2 15.0 15.0 15.0 15.5 


# DIFF
#  1  1  0  1  1  2  1  2
#  2  1  1  1  2  1  2  1
#  1  1  2  1  2  4  5  6
#  1  1  1  1  2  6  9  8
#  1  2  1  1  2  2  4  5
#  2  1  2  1  1  1  2  1
#  1  1  0  1  1  2  1  1
#  1  0  1  0  1  1  1  1
