# TS_TEXT=2019-08-27-13:37:40
# TS_SECS=1566909460.50
# HOST=port-node
# PERCENTILE_10=14.8
# PERCENTILE_90=16.2
# MIN_PIXEL=14.0
# MEDIAN_PIXEL=15.5
# MAX_PIXEL=20.0

# IMAGE
15.0 15.2 15.5 14.8 15.5 15.8 15.5 15.5 
15.0 15.8 15.2 15.8 15.5 15.8 15.8 16.2 
14.8 15.0 15.5 15.2 15.8 16.0 17.0 20.0 
14.2 15.8 15.5 15.8 16.2 16.2 16.2 16.8 
14.2 15.8 15.2 15.2 15.5 16.0 16.0 15.8 
14.8 15.2 15.5 15.2 15.5 15.0 15.2 15.2 
14.5 15.5 15.0 15.0 15.8 15.8 15.0 14.8 
14.0 15.0 14.2 14.8 15.5 14.5 15.2 15.0 


# DIFF
#  1  1  2  1  2  2  2  2
#  1  2  1  2  2  2  2  2
#  1  1  2  1  2  2  3  6
#  0  2  2  2  2  2  2  3
#  0  2  1  1  2  2  2  2
#  1  1  2  1  2  1  1  1
#  0  2  1  1  2  2  1  1
#  0  1  0  1  2  0  1  1
