# TS_TEXT=2019-08-27-13:33:22
# TS_SECS=1566909202.32
# HOST=port-node
# PERCENTILE_10=16.5
# PERCENTILE_90=17.9
# MIN_PIXEL=15.8
# MEDIAN_PIXEL=16.9
# MAX_PIXEL=23.2

# IMAGE
16.8 16.8 16.8 16.8 17.5 17.5 17.5 18.8 
17.2 16.2 17.0 17.0 17.5 18.0 22.0 21.8 
16.5 17.0 16.8 17.2 17.2 19.5 22.0 23.2 
16.2 16.8 17.0 16.8 17.5 17.5 17.8 17.5 
16.2 16.8 17.2 16.5 16.8 17.0 17.5 17.5 
16.8 16.5 16.8 17.0 16.5 17.0 16.8 16.5 
15.8 16.5 16.5 17.0 16.5 17.2 16.5 17.0 
16.2 16.8 17.0 16.5 16.8 16.2 16.5 16.5 


# DIFF
#  1  1  1  1  2  2  2  3
#  2  0  1  1  2  2  6  6
#  1  1  1  2  2  4  6  8
#  0  1  1  1  2  2  2  2
#  0  1  2  1  1  1  2  2
#  1  1  1  1  1  1  1  1
#  0  1  1  1  1  2  1  1
#  0  1  1  1  1  0  1  1
