# TS_TEXT=2019-08-27-13:34:44
# TS_SECS=1566909284.73
# HOST=port-node
# PERCENTILE_10=15.1
# PERCENTILE_90=17.9
# MIN_PIXEL=14.5
# MEDIAN_PIXEL=15.8
# MAX_PIXEL=22.5

# IMAGE
15.2 15.5 15.5 15.8 16.0 17.8 21.0 20.0 
15.8 16.0 15.8 16.0 16.0 19.5 22.5 21.0 
15.0 15.5 16.2 16.0 16.5 18.0 22.2 17.8 
14.5 15.5 15.8 15.8 16.2 16.5 16.8 16.5 
15.5 15.5 16.2 15.5 16.0 15.8 16.2 16.0 
15.8 16.0 15.5 16.0 15.5 15.8 15.8 15.2 
15.0 14.5 15.2 16.2 15.5 16.2 15.5 15.5 
15.2 15.2 15.2 15.2 15.0 15.2 15.0 15.0 


# DIFF
#  1  1  1  1  2  3  6  6
#  1  2  1  2  2  5  8  6
#  0  1  2  2  2  4  8  3
#  0  1  1  1  2  2  2  2
#  1  1  2  1  2  1  2  2
#  1  2  1  2  1  1  1  1
#  0  0  1  2  1  2  1  1
#  1  1  1  1  0  1  0  0
