# TS_TEXT=2019-08-27-13:34:48
# TS_SECS=1566909288.76
# HOST=port-node
# PERCENTILE_10=15.1
# PERCENTILE_90=16.9
# MIN_PIXEL=14.8
# MEDIAN_PIXEL=15.8
# MAX_PIXEL=22.5

# IMAGE
15.5 15.2 15.2 15.8 15.8 16.0 17.0 17.8 
15.5 15.5 16.0 15.5 16.2 16.2 18.8 22.5 
15.5 15.8 16.2 15.8 16.2 16.8 20.0 22.5 
15.0 15.8 15.5 16.0 15.8 16.5 16.5 18.0 
15.0 15.8 16.0 15.5 15.8 16.2 16.2 15.8 
15.0 16.0 15.8 15.8 15.8 15.5 15.8 16.0 
14.8 14.8 15.0 16.0 15.5 16.2 15.2 15.5 
14.8 15.5 15.2 15.2 15.5 15.8 15.5 15.5 


# DIFF
#  1  0  0  1  1  1  2  3
#  1  1  1  1  2  2  4  8
#  1  1  2  1  2  2  5  8
#  0  1  1  1  1  2  2  3
#  0  1  1  1  1  2  2  1
#  0  1  1  1  1  1  1  1
#  0  0  0  1  1  2  0  1
#  0  1  0  0  1  1  1  1
