# TS_TEXT=2019-08-27-13:36:43
# TS_SECS=1566909403.24
# HOST=port-node
# PERCENTILE_10=14.8
# PERCENTILE_90=17.2
# MIN_PIXEL=14.5
# MEDIAN_PIXEL=15.5
# MAX_PIXEL=23.5

# IMAGE
15.5 15.5 15.0 15.0 15.0 15.8 15.2 14.8 
15.5 15.2 15.5 15.5 16.0 15.2 15.0 15.5 
14.5 15.5 15.8 15.8 15.8 15.8 16.5 17.0 
15.2 15.5 16.5 15.5 15.5 17.2 20.5 21.2 
14.5 15.5 15.0 15.8 15.5 17.0 21.0 23.5 
14.5 15.8 15.5 15.2 16.0 15.8 20.8 22.2 
14.5 15.2 14.8 15.8 15.5 16.0 16.2 17.0 
15.0 14.8 15.0 14.8 15.0 15.5 15.5 15.2 


# DIFF
#  1  1  0  0  0  1  1  0
#  1  1  1  1  2  1  0  1
#  0  1  1  1  1  1  2  2
#  1  1  2  1  1  3  6  7
#  0  1  0  1  1  2  6  9
#  0  1  1  1  2  1  6  8
#  0  1  0  1  1  2  2  2
#  0  0  0  0  0  1  1  1
