# TS_TEXT=2019-08-25-16:27:03
# TS_SECS=1566746823.71
# HOST=fore-node
# PERCENTILE_10=14.8
# PERCENTILE_90=16.2
# MIN_PIXEL=14.5
# MEDIAN_PIXEL=15.5
# MAX_PIXEL=31.5

# IMAGE
15.5 15.2 16.0 15.0 16.0 15.0 15.8 15.2 
15.0 15.2 15.5 16.2 15.8 16.0 15.5 14.8 
15.0 15.0 15.5 16.5 16.8 16.2 16.0 15.5 
14.8 15.8 15.8 15.8 31.5 16.2 16.0 15.0 
15.2 15.2 15.0 15.8 15.8 16.5 15.8 16.2 
14.8 15.8 16.0 15.5 15.8 15.8 15.2 15.5 
14.8 15.2 15.8 16.0 16.0 15.5 15.2 14.8 
15.0 14.5 15.2 15.2 15.8 14.5 14.8 14.8 


# DIFF
#  1  1  2  0  2  0  1  1
#  0  1  1  2  1  2  1  0
#  0  0  1  2  2  2  2  1
#  0  1  1  1 17  2  2  0
#  1  1  0  1  1  2  1  2
#  0  1  2  1  1  1  1  1
#  0  1  1  2  2  1  1  0
#  0  0  1  1  1  0  0  0
