# TS_TEXT=2019-08-25-12:37:52
# TS_SECS=1566733072.51
# HOST=aft-node
# PERCENTILE_10=15.0
# PERCENTILE_90=16.0
# MIN_PIXEL=14.5
# MEDIAN_PIXEL=15.5
# MAX_PIXEL=18.5

# IMAGE
15.8 15.5 15.5 16.0 16.0 16.0 15.2 14.5 
15.5 16.0 15.5 15.8 17.8 18.5 16.8 15.0 
15.8 15.8 16.0 16.0 17.0 18.2 16.8 15.5 
15.5 16.0 15.8 15.5 15.5 15.8 15.5 15.5 
15.8 16.0 16.0 15.8 15.5 15.2 15.5 15.2 
15.8 15.5 15.8 15.8 16.0 15.2 15.5 14.5 
15.5 15.5 15.2 15.0 15.2 15.8 15.0 14.8 
15.0 15.8 15.8 15.2 15.2 15.2 15.2 14.8 


# DIFF
#  1  1  1  2  2  2  1  0
#  1  2  1  1  3  4  2  0
#  1  1  2  2  2  4  2  1
#  1  2  1  1  1  1  1  1
#  1  2  2  1  1  1  1  1
#  1  1  1  1  2  1  1  0
#  1  1  1  0  1  1  0  0
#  0  1  1  1  1  1  1  0
