# TS_TEXT=2019-08-25-12:37:01
# TS_SECS=1566733021.14
# HOST=aft-node
# PERCENTILE_10=15.2
# PERCENTILE_90=16.2
# MIN_PIXEL=14.8
# MEDIAN_PIXEL=15.8
# MAX_PIXEL=19.2

# IMAGE
15.0 15.8 16.2 16.0 16.2 16.2 15.5 15.0 
15.8 15.5 16.0 15.8 17.5 19.0 16.8 15.8 
16.0 16.0 16.0 16.2 17.0 19.2 16.8 15.5 
16.0 16.0 15.8 16.0 16.0 16.0 16.0 16.0 
16.2 16.0 15.8 15.5 15.8 16.0 16.0 15.5 
16.0 15.5 15.5 15.5 16.2 15.5 15.8 15.2 
15.5 15.2 15.5 15.0 15.8 15.8 15.5 15.2 
15.2 15.5 15.5 15.2 15.5 14.8 15.8 15.2 


# DIFF
#  0  1  2  1  2  2  1  0
#  1  1  1  1  3  4  2  1
#  1  1  1  2  2  4  2  1
#  1  1  1  1  1  1  1  1
#  2  1  1  1  1  1  1  1
#  1  1  1  1  2  1  1  0
#  1  0  1  0  1  1  1  0
#  0  1  1  0  1  0  1  0
