# TS_TEXT=2019-08-25-12:37:46
# TS_SECS=1566733066.47
# HOST=aft-node
# PERCENTILE_10=15.2
# PERCENTILE_90=16.4
# MIN_PIXEL=15.0
# MEDIAN_PIXEL=15.8
# MAX_PIXEL=19.5

# IMAGE
15.2 15.5 15.5 16.0 16.5 16.5 15.8 15.2 
15.8 15.8 15.8 16.2 18.5 19.5 16.5 16.0 
16.0 16.2 16.0 16.2 18.5 18.8 16.2 15.8 
15.5 16.0 16.0 16.0 16.2 16.0 15.5 15.8 
15.5 16.0 16.0 15.8 16.2 15.8 15.5 15.5 
15.8 16.0 16.2 15.8 16.0 15.8 15.8 15.8 
15.5 16.0 15.5 15.0 15.2 15.8 15.0 15.5 
15.2 16.0 15.8 15.2 15.0 15.5 15.5 15.2 


# DIFF
#  0  0  0  1  2  2  1  0
#  1  1  1  1  4  4  2  1
#  1  1  1  1  4  4  1  1
#  0  1  1  1  1  1  0  1
#  0  1  1  1  1  1  0  0
#  1  1  1  1  1  1  1  1
#  0  1  0  0  0  1  0  0
#  0  1  1  0  0  0  0  0
