# TS_TEXT=2019-08-18-22:31:55
# TS_SECS=1566163915.84
# HOST=aft-node
# PERCENTILE_10=14.8
# PERCENTILE_90=15.5
# MIN_PIXEL=14.0
# MEDIAN_PIXEL=15.0
# MAX_PIXEL=19.0

# IMAGE
14.8 15.5 15.0 15.8 15.2 15.0 14.8 15.2 
15.2 15.5 15.0 15.0 14.8 14.5 15.0 14.8 
14.8 14.5 15.2 15.0 14.8 15.2 15.2 14.5 
15.2 14.8 15.5 14.2 14.8 15.2 15.2 14.5 
15.0 15.5 15.2 15.0 15.0 15.2 15.2 15.2 
14.8 14.0 15.0 14.8 14.8 16.0 19.0 17.8 
15.2 15.0 15.0 15.0 15.5 15.2 16.2 15.0 
15.0 15.0 15.0 15.0 15.0 15.0 15.0 14.8 


# DIFF
#  1  2  1  2  1  1  1  1
#  1  2  1  1  1  0  1  1
#  1  0  1  1  1  1  1  0
#  1  1  2  0  1  1  1  0
#  1  2  1  1  1  1  1  1
#  1  0  1  1  1  2  5  4
#  1  1  1  1  2  1  2  1
#  1  1  1  1  1  1  1  1
