# TS_TEXT=2019-08-18-22:31:34
# TS_SECS=1566163894.63
# HOST=aft-node
# PERCENTILE_10=14.5
# PERCENTILE_90=15.5
# MIN_PIXEL=14.5
# MEDIAN_PIXEL=15.0
# MAX_PIXEL=16.8

# IMAGE
14.5 15.2 14.5 15.0 14.8 14.8 14.8 15.0 
15.0 14.8 15.0 15.2 14.5 15.0 15.0 14.5 
15.2 15.0 14.5 14.5 14.8 14.8 14.8 14.5 
14.5 15.0 15.8 15.2 14.8 14.5 14.8 14.5 
15.0 15.2 15.8 15.2 15.5 15.2 14.8 15.2 
14.5 14.5 14.8 14.5 15.2 15.0 14.5 16.8 
15.8 15.2 14.8 15.0 14.8 15.0 15.2 15.8 
15.8 15.2 15.5 15.2 15.0 14.5 15.0 15.2 


# DIFF
#  0  1  0  0  0  0  0  0
#  0  0  0  1  0  0  0  0
#  1  0  0  0  0  0  0  0
#  0  0  1  1  0  0  0  0
#  0  1  1  1  1  1  0  1
#  0  0  0  0  1  0  0  2
#  1  1  0  0  0  0  1  1
#  1  1  1  1  0  0  0  1
