# TS_TEXT=2019-08-18-22:31:52
# TS_SECS=1566163912.81
# HOST=aft-node
# PERCENTILE_10=14.5
# PERCENTILE_90=16.0
# MIN_PIXEL=14.2
# MEDIAN_PIXEL=15.0
# MAX_PIXEL=18.8

# IMAGE
18.8 17.0 14.8 15.2 16.5 18.8 17.0 14.8 
16.2 14.8 15.0 15.5 15.5 16.2 14.8 15.0 
15.0 15.2 14.8 15.5 15.0 15.0 15.2 14.8 
15.0 15.0 14.8 15.5 14.8 15.0 15.0 14.8 
14.2 14.8 14.8 14.8 15.2 14.2 14.8 14.8 
14.5 14.5 14.5 14.8 15.2 14.5 14.5 14.5 
14.8 14.8 14.5 14.5 14.8 14.8 14.8 14.5 
15.5 15.2 15.0 15.5 15.0 15.5 15.2 15.0 


# DIFF
#  4  3  0  1  2  4  3  0
#  2  0  1  1  1  2  0  1
#  1  1  0  1  1  1  1  0
#  1  1  0  1  0  1  1  0
#  0  0  0  0  1  0  0  0
#  0  0  0  0  1  0  0  0
#  0  0  0  0  0  0  0  0
#  1  1  1  1  1  1  1  1
