# TS_TEXT=2019-08-18-22:31:40
# TS_SECS=1566163900.70
# HOST=aft-node
# PERCENTILE_10=14.5
# PERCENTILE_90=15.5
# MIN_PIXEL=0.0
# MEDIAN_PIXEL=15.0
# MAX_PIXEL=19.2

# IMAGE
14.5 15.0 15.2 15.2 15.2 15.8 17.8 14.8 
15.5 15.2 15.0 14.8 14.8 15.0 14.8 15.2 
15.0 15.2 14.8 15.2 14.8 15.0 14.8 14.8 
15.2 15.2 14.8 14.5 14.8 14.8 15.0 15.0 
14.8 14.8 15.0 14.8 14.8 14.8 14.5 15.0 
15.0 15.5 15.2 14.5 14.8 15.2 15.0 14.8 
15.5 15.5 15.5 15.0 14.5 15.0 14.5 14.8 
0.0 14.5 15.0 14.5 14.8 16.5 19.2 15.5 


# DIFF
# 14 15 15 15 15 16 18 15
# 16 15 15 15 15 15 15 15
# 15 15 15 15 15 15 15 15
# 15 15 15 14 15 15 15 15
# 15 15 15 15 15 15 14 15
# 15 16 15 14 15 15 15 15
# 16 16 16 15 14 15 14 15
#  0 14 15 14 15 16 19 16
