# TS_TEXT=2019-08-27-14:17:23
# TS_SECS=1566911843.36
# HOST=fore-node
# PERCENTILE_10=15.0
# PERCENTILE_90=17.8
# MIN_PIXEL=14.5
# MEDIAN_PIXEL=15.8
# MAX_PIXEL=20.5

# IMAGE
14.8 15.5 15.2 16.0 16.2 16.5 15.0 15.0 
16.0 15.5 15.8 17.2 17.5 18.2 15.8 15.2 
14.8 15.0 16.0 16.2 19.8 17.8 15.8 15.8 
15.8 15.5 16.0 15.8 19.0 19.5 17.5 16.0 
15.8 15.2 16.2 17.8 19.5 20.5 16.5 16.0 
14.8 15.5 15.8 16.5 17.0 16.8 16.0 15.5 
15.5 15.8 15.8 15.5 16.0 15.5 15.5 15.5 
15.8 15.5 15.5 15.2 15.0 14.8 14.5 14.5 


# DIFF
#  0  1  1  2  2  2  0  0
#  2  1  1  3  3  4  1  1
#  0  0  2  2  5  3  1  1
#  1  1  2  1  4  5  3  2
#  1  1  2  3  5  6  2  2
#  0  1  1  2  2  2  2  1
#  1  1  1  1  2  1  1  1
#  1  1  1  1  0  0  0  0
