# TS_TEXT=2019-08-25-12:49:55
# TS_SECS=1566733795.20
# HOST=centre-node
# PERCENTILE_10=13.8
# PERCENTILE_90=16.2
# MIN_PIXEL=13.5
# MEDIAN_PIXEL=14.4
# MAX_PIXEL=19.0

# IMAGE
14.0 14.0 14.0 14.2 14.0 13.8 13.5 13.5 
14.0 14.0 14.2 14.5 14.0 14.2 13.5 13.8 
14.5 13.8 14.5 14.2 14.2 14.2 14.0 13.5 
14.5 14.2 15.0 16.0 15.0 14.2 14.2 14.0 
15.0 14.8 16.2 18.5 19.0 16.2 14.0 13.8 
14.8 14.8 15.0 17.5 18.8 16.2 14.5 14.2 
15.2 14.2 15.2 15.2 15.5 15.2 14.0 14.2 
15.2 14.8 15.5 14.5 14.5 14.8 14.8 14.2 


# DIFF
#  0  0  0  1  0  0  0  0
#  0  0  1  1  0  1  0  0
#  1  0  1  1  1  1  0  0
#  1  1  2  2  2  1  1  0
#  2  1  3  5  6  3  0  0
#  1  1  2  4  5  3  1  1
#  2  1  2  2  2  2  0  1
#  2  1  2  1  1  1  1  1
