# TS_TEXT=2019-08-18-21:50:03
# TS_SECS=1566161403.95
# HOST=aft-node
# PERCENTILE_10=14.2
# PERCENTILE_90=15.5
# MIN_PIXEL=13.5
# MEDIAN_PIXEL=14.8
# MAX_PIXEL=19.5

# IMAGE
13.5 14.8 14.8 14.5 15.0 15.5 15.5 14.8 
14.5 15.0 14.2 17.0 18.2 13.5 14.8 14.8 
14.5 14.5 14.8 17.2 19.5 14.5 15.0 14.2 
14.5 15.2 14.2 15.2 15.5 14.5 14.5 14.8 
14.5 14.8 14.5 14.2 14.5 14.5 15.2 14.2 
14.8 13.8 14.8 14.2 14.2 14.5 14.8 14.5 
15.0 14.5 14.5 14.2 14.2 14.8 13.8 14.8 
15.0 15.5 15.5 14.8 15.0 15.0 14.5 14.5 


# DIFF
#  0  1  1  1  2  2  2  1
#  1  2  1  4  5  0  1  1
#  1  1  1  4  6  1  2  1
#  1  2  1  2  2  1  1  1
#  1  1  1  1  1  1  2  1
#  1  0  1  1  1  1  1  1
#  2  1  1  1  1  1  0  1
#  2  2  2  1  2  2  1  1
