# TS_TEXT=2019-08-18-21:50:06
# TS_SECS=1566161406.98
# HOST=aft-node
# PERCENTILE_10=14.0
# PERCENTILE_90=16.8
# MIN_PIXEL=13.8
# MEDIAN_PIXEL=14.5
# MAX_PIXEL=19.8

# IMAGE
14.2 14.5 14.5 16.8 18.8 17.2 15.0 14.2 
14.2 14.8 14.5 16.8 19.8 17.5 15.2 14.8 
15.8 14.5 14.8 16.8 15.2 15.0 14.2 14.5 
14.5 14.2 14.8 14.5 14.2 14.2 14.5 14.2 
14.8 14.2 14.5 14.0 13.8 14.5 14.5 13.8 
14.0 13.8 14.5 14.0 14.2 14.2 14.0 14.2 
15.0 14.5 14.8 14.0 14.5 14.2 15.0 15.0 
15.8 15.2 15.8 15.0 15.0 17.5 16.2 14.5 


# DIFF
#  0  1  1  3  5  4  1  0
#  0  1  1  3  6  4  2  1
#  2  1  1  3  2  1  0  1
#  1  0  1  1  0  0  1  0
#  1  0  1  0  0  1  1  0
#  0  0  1  0  0  0  0  0
#  1  1  1  0  1  0  1  1
#  2  2  2  1  1  4  2  1
