# TS_TEXT=2019-08-25-11:54:27
# TS_SECS=1566730467.28
# HOST=centre-node
# PERCENTILE_10=15.5
# PERCENTILE_90=16.9
# MIN_PIXEL=14.8
# MEDIAN_PIXEL=16.0
# MAX_PIXEL=19.8

# IMAGE
15.2 15.5 15.8 15.5 15.5 16.0 15.2 16.2 
15.8 15.8 16.0 16.5 15.8 15.8 15.5 14.8 
15.5 16.0 19.0 18.8 17.5 15.8 15.5 15.2 
16.2 16.2 19.8 18.2 18.0 16.0 15.8 15.0 
15.8 16.8 16.8 16.8 16.8 16.0 15.5 15.8 
15.8 16.0 16.2 16.5 16.0 15.8 16.2 15.8 
16.8 16.2 16.0 16.5 16.5 16.0 15.8 16.2 
15.8 16.5 17.0 16.0 16.5 16.0 16.2 16.2 


# DIFF
#  0  1  1  1  1  1  0  2
#  1  1  1  2  1  1  1  0
#  1  1  4  4  3  1  1  0
#  2  2  5  4  3  1  1  0
#  1  2  2  2  2  1  1  1
#  1  1  2  2  1  1  2  1
#  2  2  1  2  2  1  1  2
#  1  2  2  1  2  1  2  2
