# TS_TEXT=2019-08-25-16:33:20
# TS_SECS=1566747200.26
# HOST=port-node
# PERCENTILE_10=15.2
# PERCENTILE_90=16.4
# MIN_PIXEL=14.8
# MEDIAN_PIXEL=15.8
# MAX_PIXEL=22.0

# IMAGE
16.2 15.5 14.8 15.2 15.5 16.0 15.5 15.2 
16.5 15.8 15.8 15.8 16.2 16.2 16.2 15.5 
15.2 16.0 16.0 15.8 16.8 16.8 16.2 16.2 
15.0 16.0 16.5 16.0 16.2 22.0 16.8 16.2 
14.8 15.5 16.0 16.0 15.8 16.5 16.2 15.8 
15.5 16.2 15.8 15.8 15.8 15.8 16.2 15.8 
15.5 15.2 15.2 16.2 15.2 16.2 16.2 15.2 
15.5 15.8 15.2 15.8 16.0 16.0 16.2 15.8 


# DIFF
#  2  1  0  0  1  1  1  0
#  2  1  1  1  2  2  2  1
#  0  1  1  1  2  2  2  2
#  0  1  2  1  2  7  2  2
#  0  1  1  1  1  2  2  1
#  1  2  1  1  1  1  2  1
#  1  0  0  2  0  2  2  0
#  1  1  0  1  1  1  2  1
