# TS_TEXT=2019-08-18-22:43:09
# TS_SECS=1566164589.99
# HOST=aft-node
# PERCENTILE_10=13.8
# PERCENTILE_90=14.9
# MIN_PIXEL=13.5
# MEDIAN_PIXEL=14.0
# MAX_PIXEL=15.2

# IMAGE
13.8 14.0 14.5 14.2 15.2 15.0 13.8 13.5 
14.2 15.2 15.0 13.8 13.5 15.0 14.0 14.0 
15.0 14.5 15.0 14.0 14.0 14.0 14.0 14.0 
14.8 14.2 14.0 14.0 14.0 14.2 14.0 14.2 
14.5 14.2 14.2 14.0 14.2 14.0 14.5 14.0 
14.0 14.2 14.0 14.5 14.0 14.2 14.2 13.5 
13.8 14.5 14.2 14.2 13.5 14.0 13.8 14.0 
13.8 14.0 14.0 13.8 14.0 14.0 14.5 14.2 


# DIFF
#  0  0  1  1  2  2  0  0
#  1  2  2  0  0  2  0  0
#  2  1  2  0  0  0  0  0
#  1  1  0  0  0  1  0  1
#  1  1  1  0  1  0  1  0
#  0  1  0  1  0  1  1  0
#  0  1  1  1  0  0  0  0
#  0  0  0  0  0  0  1  1
