# TS_TEXT=2019-08-25-16:19:08
# TS_SECS=1566746348.61
# HOST=aft-node
# PERCENTILE_10=15.6
# PERCENTILE_90=17.2
# MIN_PIXEL=15.2
# MEDIAN_PIXEL=16.1
# MAX_PIXEL=30.5

# IMAGE
15.5 16.2 16.2 16.8 19.0 18.2 17.2 16.0 
16.0 16.0 16.8 17.2 30.5 22.5 16.8 16.5 
16.2 16.2 16.2 16.8 17.5 17.5 17.0 16.2 
15.8 16.5 16.0 16.8 15.8 16.5 16.2 16.8 
16.5 16.0 16.2 15.8 16.2 15.8 16.2 15.8 
15.8 16.0 16.0 16.0 16.0 15.8 15.8 15.5 
15.8 15.2 15.8 15.8 16.0 16.2 16.2 15.2 
15.2 16.5 15.8 15.8 15.2 15.8 15.8 15.5 


# DIFF
#  0  1  1  2  4  3  2  1
#  1  1  2  2 15  7  2  1
#  1  1  1  2  2  2  2  1
#  0  1  1  2  0  1  1  2
#  1  1  1  0  1  0  1  0
#  0  1  1  1  1  0  0  0
#  0  0  0  0  1  1  1  0
#  0  1  0  0  0  0  0  0
