# TS_TEXT=2019-08-25-16:18:35
# TS_SECS=1566746315.41
# HOST=aft-node
# PERCENTILE_10=16.3
# PERCENTILE_90=17.5
# MIN_PIXEL=16.0
# MEDIAN_PIXEL=16.9
# MAX_PIXEL=30.8

# IMAGE
17.0 17.2 17.0 17.2 20.0 18.2 17.5 17.0 
16.8 17.0 17.0 17.5 30.8 22.8 17.5 17.0 
17.5 17.2 16.8 17.2 18.0 17.8 17.5 17.0 
16.8 17.0 17.2 17.0 16.8 16.8 16.8 16.8 
16.8 17.0 17.2 16.5 16.8 16.8 16.8 16.8 
16.5 16.5 16.5 16.8 17.0 16.5 16.8 16.0 
16.0 17.0 16.8 16.0 16.5 17.2 16.5 16.2 
17.0 17.0 16.8 16.5 16.2 16.2 16.5 16.0 


# DIFF
#  1  1  1  1  4  2  2  1
#  1  1  1  2 15  7  2  1
#  2  1  1  1  2  2  2  1
#  1  1  1  1  1  1  1  1
#  1  1  1  0  1  1  1  1
#  0  0  0  1  1  0  1  0
#  0  1  1  0  0  1  0  0
#  1  1  1  0  0  0  0  0
