# TS_TEXT=2019-08-19-08:23:53
# TS_SECS=1566199433.07
# HOST=centre-node
# PERCENTILE_10=13.5
# PERCENTILE_90=17.9
# MIN_PIXEL=13.2
# MEDIAN_PIXEL=14.2
# MAX_PIXEL=22.2

# IMAGE
14.8 14.0 13.5 14.2 13.2 13.8 13.8 13.8 
14.5 13.5 13.8 14.2 13.5 14.0 13.5 13.2 
13.8 13.8 14.5 13.8 14.5 14.0 14.5 13.5 
14.8 14.2 14.2 13.8 14.2 13.8 13.2 14.0 
14.8 15.2 14.8 14.0 14.2 13.8 13.5 13.8 
17.8 19.8 17.2 14.8 14.0 14.0 13.8 13.8 
20.5 20.0 18.0 14.8 14.5 14.2 14.2 14.5 
21.8 22.2 19.0 14.8 14.2 14.2 14.0 14.2 


# DIFF
#  2  1  0  1  0  0  0  0
#  1  0  0  1  0  1  0  0
#  0  0  1  0  1  1  1  0
#  2  1  1  0  1  0  0  1
#  2  2  2  1  1  0  0  0
#  4  6  4  2  1  1  0  0
#  7  7  5  2  1  1  1  1
#  8  9  6  2  1  1  1  1
