# TS_TEXT=2019-08-19-08:24:09
# TS_SECS=1566199449.11
# HOST=centre-node
# PERCENTILE_10=13.8
# PERCENTILE_90=19.3
# MIN_PIXEL=13.0
# MEDIAN_PIXEL=14.2
# MAX_PIXEL=24.0

# IMAGE
15.8 16.0 16.8 16.0 14.8 14.0 13.8 13.8 
15.2 21.0 24.0 22.0 16.0 14.0 13.5 13.0 
14.8 18.8 21.5 20.0 16.2 14.2 13.8 13.0 
14.8 16.8 20.0 19.5 14.8 13.8 14.2 13.5 
14.0 15.2 18.0 15.5 14.0 14.0 13.5 13.8 
14.8 14.8 14.2 14.8 14.0 14.0 13.8 14.2 
14.2 14.2 14.5 14.2 14.2 14.2 13.5 14.0 
14.5 14.5 14.5 13.8 13.8 14.0 14.2 13.8 


# DIFF
#  3  3  4  3  2  1  1  1
#  2  8 11  9  3  1  0  0
#  2  6  8  7  3  1  1  0
#  2  4  7  6  2  1  1  0
#  1  2  5  2  1  1  0  1
#  2  2  1  2  1  1  1  1
#  1  1  2  1  1  1  0  1
#  2  2  2  1  1  1  1  1
