# TS_TEXT=2019-08-19-08:23:56
# TS_SECS=1566199436.09
# HOST=centre-node
# PERCENTILE_10=13.5
# PERCENTILE_90=18.6
# MIN_PIXEL=13.0
# MEDIAN_PIXEL=14.0
# MAX_PIXEL=24.8

# IMAGE
14.0 14.0 13.8 13.5 13.5 13.8 13.5 13.8 
13.5 14.0 13.8 14.2 13.5 13.8 13.2 13.2 
13.8 13.5 13.8 13.8 13.8 13.2 13.5 13.0 
14.0 14.0 14.0 14.2 13.8 14.0 13.2 13.2 
13.5 15.0 14.8 16.2 15.0 13.5 13.5 13.8 
14.5 14.8 17.8 21.0 18.8 14.8 14.2 13.8 
14.5 15.0 18.2 20.5 22.5 16.8 13.8 14.0 
14.2 15.0 16.2 21.5 24.8 19.0 15.0 14.0 


# DIFF
#  1  1  1  0  0  1  0  1
#  0  1  1  1  0  1  0  0
#  1  0  1  1  1  0  0  0
#  1  1  1  1  1  1  0  0
#  0  2  2  3  2  0  0  1
#  2  2  5  8  6  2  1  1
#  2  2  5  8 10  4  1  1
#  1  2  3  8 12  6  2  1
