# TS_TEXT=2019-08-19-08:24:07
# TS_SECS=1566199447.10
# HOST=centre-node
# PERCENTILE_10=13.8
# PERCENTILE_90=18.9
# MIN_PIXEL=13.2
# MEDIAN_PIXEL=14.5
# MAX_PIXEL=25.0

# IMAGE
14.5 13.5 14.2 14.8 14.0 13.8 14.0 14.2 
14.0 14.5 14.0 14.5 14.0 14.8 13.8 13.2 
14.2 14.5 15.2 15.5 17.0 15.5 14.0 13.5 
14.8 15.0 19.0 21.8 20.5 17.5 14.2 13.8 
13.8 15.2 21.2 25.0 22.0 16.0 13.8 14.2 
13.8 14.5 18.8 22.5 17.8 14.5 14.0 13.8 
14.8 14.8 15.2 16.0 15.0 14.2 13.8 13.8 
14.8 14.8 15.5 14.8 14.0 13.8 14.2 13.8 


# DIFF
#  1  0  1  2  1  0  1  1
#  1  1  1  1  1  2  0  0
#  1  1  2  2  4  2  1  0
#  2  2  6  8  7  4  1  0
#  0  2  8 12  9  3  0  1
#  0  1  6  9  4  1  1  0
#  2  2  2  3  2  1  0  0
#  2  2  2  2  1  0  1  0
