# TS_TEXT=2019-08-19-08:24:03
# TS_SECS=1566199443.10
# HOST=centre-node
# PERCENTILE_10=14.0
# PERCENTILE_90=19.5
# MIN_PIXEL=13.5
# MEDIAN_PIXEL=14.5
# MAX_PIXEL=24.5

# IMAGE
14.2 14.0 14.0 13.8 13.5 14.0 14.2 14.2 
14.0 13.5 13.8 14.2 14.0 14.2 14.8 14.8 
14.2 14.0 14.2 14.2 14.5 15.5 18.8 17.2 
14.5 14.5 14.5 14.0 16.5 19.5 24.5 23.5 
14.0 14.0 14.2 14.2 19.5 20.5 20.8 21.0 
14.5 13.8 14.8 14.8 16.2 19.5 17.8 15.0 
14.8 14.0 14.0 14.5 14.8 14.8 14.8 14.2 
14.8 14.8 14.2 14.8 14.0 14.5 15.2 15.0 


# DIFF
#  1  0  0  0  0  0  1  1
#  0  0  0  1  0  1  1  1
#  1  0  1  1  1  2  5  4
#  1  1  1  0  3  6 11 10
#  0  0  1  1  6  7  7  8
#  1  0  1  1  3  6  4  2
#  1  0  0  1  1  1  1  1
#  1  1  1  1  0  1  2  2
