# TS_TEXT=2019-08-18-21:30:04
# TS_SECS=1566160204.35
# HOST=centre-node
# PERCENTILE_10=14.5
# PERCENTILE_90=17.0
# MIN_PIXEL=14.0
# MEDIAN_PIXEL=15.0
# MAX_PIXEL=18.8

# IMAGE
14.5 14.8 14.8 14.2 15.0 14.8 14.0 14.8 
14.2 14.2 14.2 15.0 15.2 15.2 15.2 14.5 
14.5 14.5 15.5 15.2 17.8 17.5 15.0 14.0 
15.2 15.0 17.8 18.0 18.8 15.2 14.8 14.5 
15.0 15.0 17.2 18.5 16.5 15.2 14.8 15.0 
14.8 15.2 15.8 15.8 15.0 14.8 14.8 14.8 
15.5 14.8 15.2 15.2 15.0 15.2 14.8 14.5 
14.5 15.2 15.2 14.8 14.8 14.8 15.2 14.5 


# DIFF
#  0  1  1  0  1  1  0  1
#  0  0  0  1  1  1  1  0
#  0  0  2  1  4  4  1  0
#  1  1  4  4  5  1  1  0
#  1  1  3  4  2  1  1  1
#  1  1  2  2  1  1  1  1
#  2  1  1  1  1  1  1  0
#  0  1  1  1  1  1  1  0
