# TS_TEXT=2019-08-18-22:16:01
# TS_SECS=1566162961.04
# HOST=centre-node
# PERCENTILE_10=12.1
# PERCENTILE_90=14.4
# MIN_PIXEL=11.2
# MEDIAN_PIXEL=13.0
# MAX_PIXEL=18.5

# IMAGE
12.8 12.5 12.2 12.2 12.0 12.8 11.8 12.8 
11.5 12.2 11.2 13.0 12.5 13.0 12.5 12.5 
12.2 12.0 12.5 13.2 15.8 13.8 12.8 12.0 
12.5 12.2 12.5 14.2 18.2 17.8 13.5 12.8 
12.8 13.0 13.2 14.5 18.5 17.8 13.2 13.0 
12.5 13.0 13.0 13.8 14.8 13.2 13.8 13.2 
13.5 12.8 13.0 13.2 13.0 12.8 12.8 12.2 
12.2 13.0 13.8 13.0 12.0 13.0 13.2 13.0 


# DIFF
#  2  1  1  1  1  2  0  2
#  0  1  0  2  1  2  1  1
#  1  1  1  2  4  2  2  1
#  1  1  1  3  7  6  2  2
#  2  2  2  3  7  6  2  2
#  1  2  2  2  4  2  2  2
#  2  2  2  2  2  2  2  1
#  1  2  2  2  1  2  2  2
