# TS_TEXT=2019-08-18-22:15:56
# TS_SECS=1566162956.02
# HOST=centre-node
# PERCENTILE_10=12.2
# PERCENTILE_90=15.2
# MIN_PIXEL=11.5
# MEDIAN_PIXEL=12.8
# MAX_PIXEL=17.8

# IMAGE
12.0 11.8 12.2 12.2 12.2 12.5 12.5 12.2 
12.0 12.5 11.5 12.2 12.5 13.0 12.8 12.5 
12.5 12.0 12.5 13.2 15.2 15.8 16.0 12.8 
13.0 12.5 12.5 13.8 17.5 17.8 16.2 12.5 
12.8 12.8 12.8 13.0 16.5 15.2 13.0 13.2 
12.8 12.5 12.5 13.0 12.8 12.8 13.0 12.5 
13.2 13.0 13.0 13.2 13.0 12.8 12.5 12.5 
13.0 13.0 13.2 12.5 12.8 12.8 13.5 12.2 


# DIFF
#  0  0  1  1  1  1  1  1
#  0  1  0  1  1  2  1  1
#  1  0  1  2  4  4  4  1
#  2  1  1  2  6  6  5  1
#  1  1  1  2  5  4  2  2
#  1  1  1  2  1  1  2  1
#  2  2  2  2  2  1  1  1
#  2  2  2  1  1  1  2  1
