# TS_TEXT=2019-08-18-23:24:13
# TS_SECS=1566167053.40
# HOST=port-node
# PERCENTILE_10=13.3
# PERCENTILE_90=14.5
# MIN_PIXEL=12.8
# MEDIAN_PIXEL=14.0
# MAX_PIXEL=18.0

# IMAGE
13.8 13.8 12.8 13.0 13.8 14.2 12.8 13.0 
14.0 13.0 14.0 13.5 13.5 13.2 13.5 13.5 
13.2 13.8 13.8 13.8 14.2 13.8 14.2 13.5 
13.5 13.8 14.2 14.2 14.0 14.0 13.8 14.2 
13.5 14.5 13.8 14.2 14.2 14.2 14.2 17.5 
14.2 14.5 14.2 14.2 13.8 14.2 14.0 18.0 
13.5 15.2 13.8 14.0 14.0 14.5 14.0 14.5 
14.0 14.0 14.2 13.8 14.5 14.0 15.0 14.0 


# DIFF
#  1  1  0  0  1  2  0  0
#  1  0  1  1  1  0  1  1
#  0  1  1  1  2  1  2  1
#  1  1  2  2  1  1  1  2
#  1  2  1  2  2  2  2  5
#  2  2  2  2  1  2  1  5
#  1  2  1  1  1  2  1  2
#  1  1  2  1  2  1  2  1
