# TS_TEXT=2019-08-25-12:37:43
# TS_SECS=1566733063.35
# HOST=port-node
# PERCENTILE_10=15.1
# PERCENTILE_90=16.2
# MIN_PIXEL=14.5
# MEDIAN_PIXEL=15.8
# MAX_PIXEL=19.2

# IMAGE
15.8 15.5 15.0 15.0 15.8 16.0 15.8 15.5 
15.8 15.5 16.0 15.2 16.2 15.5 16.8 18.0 
15.2 15.8 16.0 15.2 16.2 15.5 17.2 19.2 
14.5 15.5 15.8 15.8 16.0 16.0 15.8 16.0 
15.8 15.5 16.0 15.5 15.8 16.2 15.8 15.8 
17.8 16.0 16.0 15.8 15.8 15.2 16.0 15.5 
15.8 15.8 15.2 16.0 15.8 16.0 15.5 15.5 
15.5 15.5 15.0 15.2 15.8 15.0 15.0 15.0 


# DIFF
#  1  1  0  0  1  2  1  1
#  1  1  2  1  2  1  2  4
#  1  1  2  1  2  1  3  5
#  0  1  1  1  2  2  1  2
#  1  1  2  1  1  2  1  1
#  3  2  2  1  1  1  2  1
#  1  1  1  2  1  2  1  1
#  1  1  0  1  1  0  0  0
