# TS_TEXT=2019-08-25-12:36:58
# TS_SECS=1566733018.07
# HOST=port-node
# PERCENTILE_10=15.2
# PERCENTILE_90=16.8
# MIN_PIXEL=14.5
# MEDIAN_PIXEL=15.9
# MAX_PIXEL=19.5

# IMAGE
15.2 15.5 14.8 15.2 16.0 16.0 15.8 15.8 
15.8 15.0 15.5 15.5 16.0 16.0 17.2 17.2 
15.2 16.0 16.0 15.8 16.0 15.8 17.2 19.5 
14.5 16.0 16.0 16.2 16.2 15.5 15.8 16.0 
15.5 16.2 16.5 15.8 15.8 16.8 16.0 16.0 
17.0 16.8 15.8 15.5 16.0 15.5 16.2 15.5 
17.8 16.0 16.0 15.8 16.0 16.2 15.8 15.8 
15.5 16.0 15.8 16.0 15.5 15.2 15.2 15.2 


# DIFF
#  1  1  0  1  2  2  1  1
#  1  0  1  1  2  2  3  3
#  1  2  2  1  2  1  3  5
#  0  2  2  2  2  1  1  2
#  1  2  2  1  1  2  2  2
#  2  2  1  1  2  1  2  1
#  3  2  2  1  2  2  1  1
#  1  2  1  2  1  1  1  1
