# TS_TEXT=2019-08-25-16:33:24
# TS_SECS=1566747204.24
# HOST=starboard-node
# PERCENTILE_10=16.5
# PERCENTILE_90=17.8
# MIN_PIXEL=16.0
# MEDIAN_PIXEL=17.0
# MAX_PIXEL=23.0

# IMAGE
16.5 17.5 16.8 16.8 16.8 17.5 16.8 16.0 
16.5 16.5 17.0 17.8 17.2 17.2 16.8 16.8 
17.0 17.8 17.5 23.0 17.5 16.8 17.2 17.0 
16.8 17.0 18.0 18.8 17.5 17.2 17.0 16.8 
17.0 17.2 17.0 17.5 17.0 17.2 17.5 16.5 
17.2 17.0 17.0 18.0 17.5 17.2 16.5 17.5 
17.2 16.8 17.0 17.8 17.5 17.0 16.5 16.5 
17.0 17.0 17.8 16.8 17.2 17.0 16.5 17.8 


# DIFF
#  0  2  1  1  1  2  1  0
#  0  0  1  2  1  1  1  1
#  1  2  2  7  2  1  1  1
#  1  1  2  3  2  1  1  1
#  1  1  1  2  1  1  2  0
#  1  1  1  2  2  1  0  2
#  1  1  1  2  2  1  0  0
#  1  1  2  1  1  1  0  2
