# TS_TEXT=2019-08-18-22:54:39
# TS_SECS=1566165279.21
# HOST=centre-node
# PERCENTILE_10=13.6
# PERCENTILE_90=15.9
# MIN_PIXEL=13.2
# MEDIAN_PIXEL=14.0
# MAX_PIXEL=18.2

# IMAGE
13.5 13.8 14.0 13.8 14.0 15.8 16.5 18.2 
13.5 14.0 13.2 14.0 13.8 17.5 17.2 18.2 
13.5 13.2 14.5 14.0 14.5 16.0 17.0 14.8 
13.8 13.8 14.2 14.2 14.2 13.8 13.8 14.2 
13.5 14.2 14.2 14.2 14.2 14.2 13.8 14.0 
13.8 14.0 14.2 13.8 14.2 14.5 14.0 14.0 
14.5 13.8 14.0 14.8 14.2 13.8 14.2 14.0 
13.5 14.0 14.2 14.2 13.8 14.0 14.5 13.8 


# DIFF
#  0  0  1  0  1  2  3  5
#  0  1  0  1  0  4  4  5
#  0  0  1  1  1  3  4  2
#  0  0  1  1  1  0  0  1
#  0  1  1  1  1  1  0  1
#  0  1  1  0  1  1  1  1
#  1  0  1  2  1  0  1  1
#  0  1  1  1  0  1  1  0
