# TS_TEXT=2019-08-18-22:54:38
# TS_SECS=1566165278.19
# HOST=centre-node
# PERCENTILE_10=13.8
# PERCENTILE_90=15.8
# MIN_PIXEL=13.5
# MEDIAN_PIXEL=14.2
# MAX_PIXEL=17.8

# IMAGE
13.8 13.5 14.2 13.8 14.0 15.2 17.5 17.8 
13.5 13.5 13.5 14.2 14.2 17.5 17.2 16.0 
13.5 13.8 14.8 14.0 15.0 17.2 16.0 14.5 
14.2 14.2 14.2 14.0 14.5 14.5 14.2 14.0 
14.2 14.2 14.5 14.2 14.5 14.2 13.8 14.2 
14.0 14.2 14.5 14.5 14.5 14.5 14.2 14.5 
14.2 13.8 14.2 14.2 14.0 14.0 14.0 14.0 
14.0 14.2 14.5 13.8 14.0 14.2 14.5 13.5 


# DIFF
#  0  0  1  0  0  2  4  4
#  0  0  0  1  1  4  4  2
#  0  0  1  0  2  4  2  1
#  1  1  1  0  1  1  1  0
#  1  1  1  1  1  1  0  1
#  0  1  1  1  1  1  1  1
#  1  0  1  1  0  0  0  0
#  0  1  1  0  0  1  1  0
