# TS_TEXT=2019-08-27-14:15:22
# TS_SECS=1566911722.18
# HOST=starboard-node
# PERCENTILE_10=15.6
# PERCENTILE_90=17.6
# MIN_PIXEL=15.0
# MEDIAN_PIXEL=16.2
# MAX_PIXEL=22.8

# IMAGE
15.8 16.5 15.8 16.5 16.2 16.2 15.5 15.0 
16.2 16.5 17.8 17.2 16.5 16.2 15.5 15.0 
16.8 20.5 21.8 22.2 16.8 15.8 15.8 16.0 
16.8 20.0 22.8 19.2 16.5 16.8 15.8 16.2 
16.5 16.2 17.2 16.5 16.0 16.0 16.8 15.2 
15.5 16.0 16.5 16.0 16.0 16.5 16.2 15.8 
16.2 15.8 16.0 16.2 16.5 16.2 15.8 15.8 
15.5 16.2 16.2 15.8 15.8 16.0 16.0 16.2 


# DIFF
#  1  2  1  2  1  1  0  0
#  1  2  3  2  2  1  0  0
#  2  6  7  7  2  1  1  1
#  2  5  8  4  2  2  1  1
#  2  1  2  2  1  1  2  0
#  0  1  2  1  1  2  1  1
#  1  1  1  1  2  1  1  1
#  0  1  1  1  1  1  1  1
