# TS_TEXT=2019-08-27-14:15:12
# TS_SECS=1566911712.14
# HOST=starboard-node
# PERCENTILE_10=15.1
# PERCENTILE_90=16.9
# MIN_PIXEL=14.2
# MEDIAN_PIXEL=15.8
# MAX_PIXEL=22.5

# IMAGE
15.2 16.0 15.0 16.0 15.0 15.8 15.0 14.2 
15.8 16.0 16.8 16.8 15.2 15.2 15.5 14.8 
16.0 19.5 21.0 21.0 16.2 15.5 15.8 15.5 
16.5 20.8 22.5 19.0 15.8 16.0 15.5 15.2 
15.8 15.5 17.0 15.8 15.8 15.5 15.8 15.5 
15.5 15.2 15.5 15.8 15.2 15.2 16.0 15.2 
15.5 15.2 15.8 15.8 15.8 15.5 15.8 15.0 
16.0 15.5 15.5 15.5 15.2 14.8 16.0 15.8 


# DIFF
#  1  2  1  2  1  2  1  0
#  2  2  2  2  1  1  1  0
#  2  5  7  7  2  1  2  1
#  2  6  8  5  2  2  1  1
#  2  1  3  2  2  1  2  1
#  1  1  1  2  1  1  2  1
#  1  1  2  2  2  1  2  1
#  2  1  1  1  1  0  2  2
