# TS_TEXT=2019-08-27-14:13:19
# TS_SECS=1566911599.68
# HOST=starboard-node
# PERCENTILE_10=15.8
# PERCENTILE_90=17.4
# MIN_PIXEL=15.0
# MEDIAN_PIXEL=16.2
# MAX_PIXEL=23.0

# IMAGE
16.0 16.0 16.2 16.2 16.2 16.2 15.5 15.0 
16.5 16.5 17.2 17.5 16.5 15.8 16.5 15.2 
16.0 19.5 22.0 21.5 17.0 16.0 15.8 15.5 
17.0 20.0 23.0 19.8 16.8 16.2 15.8 16.0 
16.5 16.5 17.2 16.5 15.8 16.2 16.5 15.5 
15.8 16.2 16.2 16.0 15.8 16.5 16.0 16.0 
15.8 16.2 16.5 16.0 16.2 16.0 16.2 15.5 
16.5 16.2 16.0 16.2 16.2 16.2 17.0 16.2 


# DIFF
#  1  1  1  1  1  1  0  0
#  2  2  2  2  2  1  2  0
#  1  4  7  6  2  1  1  0
#  2  5  8  5  2  1  1  1
#  2  2  2  2  1  1  2  0
#  1  1  1  1  1  2  1  1
#  1  1  2  1  1  1  1  0
#  2  1  1  1  1  1  2  1
