# TS_TEXT=2019-08-27-14:13:37
# TS_SECS=1566911617.75
# HOST=starboard-node
# PERCENTILE_10=15.1
# PERCENTILE_90=17.2
# MIN_PIXEL=14.2
# MEDIAN_PIXEL=15.8
# MAX_PIXEL=22.2

# IMAGE
15.2 16.2 15.8 15.8 16.2 15.0 14.8 14.2 
16.0 16.5 17.0 17.2 16.0 15.5 15.8 14.5 
15.8 17.8 22.2 21.5 16.0 15.0 15.2 15.2 
15.5 17.5 20.5 19.8 16.0 15.8 15.5 15.5 
15.5 16.0 16.2 15.8 15.8 15.8 16.0 15.2 
15.5 15.5 15.2 15.8 15.8 15.8 16.0 15.5 
15.8 16.0 15.2 15.5 15.5 15.5 15.8 15.0 
15.0 16.5 15.2 15.2 15.5 15.8 15.2 16.0 


# DIFF
#  1  2  2  2  2  1  0  0
#  2  2  3  3  2  1  2  0
#  2  4  8  7  2  1  1  1
#  1  3  6  6  2  2  1  1
#  1  2  2  2  2  2  2  1
#  1  1  1  2  2  2  2  1
#  2  2  1  1  1  1  2  1
#  1  2  1  1  1  2  1  2
