# TS_TEXT=2019-08-27-14:15:03
# TS_SECS=1566911703.10
# HOST=starboard-node
# PERCENTILE_10=15.6
# PERCENTILE_90=17.4
# MIN_PIXEL=14.8
# MEDIAN_PIXEL=16.0
# MAX_PIXEL=22.5

# IMAGE
16.0 16.2 16.2 16.2 15.8 15.8 15.2 15.2 
16.2 16.5 17.0 17.2 16.0 15.8 16.0 14.8 
16.8 20.5 22.2 20.2 16.8 15.8 15.2 15.5 
16.8 19.8 22.5 19.5 16.8 16.0 16.0 16.0 
16.0 16.8 17.5 16.5 15.8 15.8 16.2 15.5 
15.8 16.0 16.0 16.2 15.8 16.0 16.5 16.0 
16.0 16.0 16.0 16.5 16.2 15.8 15.8 16.0 
15.8 16.2 15.5 16.0 15.8 16.0 16.2 16.0 


# DIFF
#  1  2  2  2  1  1  0  0
#  2  2  2  2  1  1  1  0
#  2  6  8  6  2  1  0  1
#  2  5  8  5  2  1  1  1
#  1  2  3  2  1  1  2  1
#  1  1  1  2  1  1  2  1
#  1  1  1  2  2  1  1  1
#  1  2  1  1  1  1  2  1
