# TS_TEXT=2019-08-18-23:05:59
# TS_SECS=1566165959.91
# HOST=fore-node
# PERCENTILE_10=13.2
# PERCENTILE_90=14.8
# MIN_PIXEL=13.2
# MEDIAN_PIXEL=14.0
# MAX_PIXEL=17.8

# IMAGE
13.5 13.5 13.8 13.2 13.5 14.5 14.8 14.5 
13.2 13.2 13.5 14.8 13.5 13.2 14.2 14.5 
13.5 13.2 14.0 17.0 14.2 13.8 14.0 14.5 
13.2 14.2 14.0 17.8 17.5 13.5 13.5 13.8 
14.0 14.2 13.8 15.5 15.8 13.2 13.2 14.2 
13.5 14.5 14.8 13.8 14.5 13.5 13.2 15.2 
13.5 13.2 14.2 14.5 14.2 13.2 14.2 14.0 
14.2 13.8 14.0 14.5 14.5 14.0 14.2 13.8 


# DIFF
#  0  0  0  0  0  1  2  1
#  0  0  0  2  0  0  1  1
#  0  0  1  4  1  0  1  1
#  0  1  1  4  4  0  0  0
#  1  1  0  2  2  0  0  1
#  0  1  2  0  1  0  0  2
#  0  0  1  1  1  0  1  1
#  1  0  1  1  1  1  1  0
