# TS_TEXT=2019-08-18-23:05:51
# TS_SECS=1566165951.84
# HOST=fore-node
# PERCENTILE_10=13.2
# PERCENTILE_90=17.0
# MIN_PIXEL=13.0
# MEDIAN_PIXEL=14.0
# MAX_PIXEL=18.0

# IMAGE
14.0 14.0 13.8 13.2 13.5 13.0 13.0 13.8 
14.0 14.5 15.2 15.5 14.0 14.0 13.8 13.2 
14.0 15.5 17.0 17.8 14.0 14.5 15.2 15.5 
14.0 15.2 18.0 17.0 14.0 15.5 17.0 17.8 
14.2 14.2 14.2 14.0 14.0 15.2 18.0 17.0 
14.2 13.8 13.8 13.8 14.2 14.2 14.2 14.0 
14.2 13.8 13.5 13.2 14.2 13.8 13.8 13.8 
13.0 13.5 13.0 13.0 13.8 13.8 13.5 13.2 


# DIFF
#  1  1  1  0  0  0  0  1
#  1  2  2  2  1  1  1  0
#  1  2  4  5  1  2  2  2
#  1  2  5  4  1  2  4  5
#  1  1  1  1  1  2  5  4
#  1  1  1  1  1  1  1  1
#  1  1  0  0  1  1  1  1
#  0  0  0  0  1  1  0  0
