# TS_TEXT=2019-08-27-14:02:33
# TS_SECS=1566910953.60
# HOST=starboard-node
# PERCENTILE_10=15.5
# PERCENTILE_90=19.0
# MIN_PIXEL=14.8
# MEDIAN_PIXEL=16.1
# MAX_PIXEL=23.5

# IMAGE
16.2 16.2 16.2 16.5 16.2 15.8 15.5 15.0 
15.8 17.0 19.0 18.0 16.8 16.0 16.0 14.8 
16.5 20.0 23.5 21.8 19.2 16.0 16.0 15.5 
16.8 19.0 22.5 21.8 18.8 16.5 15.8 15.8 
16.5 16.2 17.5 17.5 16.2 16.2 16.5 15.8 
16.0 16.0 16.0 15.8 15.5 16.0 16.0 16.0 
15.8 15.8 16.5 16.0 16.0 15.8 16.2 15.5 
16.2 16.5 15.5 15.5 15.8 16.0 16.2 15.8 


# DIFF
#  2  2  2  2  2  1  1  0
#  1  2  4  3  2  1  1  0
#  2  5  9  7  4  1  1  1
#  2  4  8  7  4  2  1  1
#  2  2  3  3  2  2  2  1
#  1  1  1  1  1  1  1  1
#  1  1  2  1  1  1  2  1
#  2  2  1  1  1  1  2  1
