# TS_TEXT=2019-08-27-14:00:25
# TS_SECS=1566910825.08
# HOST=starboard-node
# PERCENTILE_10=15.8
# PERCENTILE_90=18.5
# MIN_PIXEL=15.5
# MEDIAN_PIXEL=16.2
# MAX_PIXEL=23.5

# IMAGE
16.2 16.8 16.2 17.0 16.5 16.2 15.5 15.5 
16.5 16.8 18.5 18.0 16.8 16.8 16.0 15.5 
16.8 18.5 23.5 22.2 20.0 16.2 16.2 15.8 
16.2 18.0 22.5 22.2 19.8 16.5 16.0 16.5 
16.5 16.2 16.8 17.2 16.2 16.5 16.2 15.8 
16.5 16.0 15.5 16.0 16.2 16.0 16.2 16.2 
15.8 16.0 16.5 15.8 16.5 16.2 16.2 15.5 
16.0 16.5 16.2 15.8 16.0 16.2 16.5 16.2 


# DIFF
#  1  1  1  2  1  1  0  0
#  1  1  3  2  1  1  0  0
#  1  3  8  7  4  1  1  0
#  1  2  7  7  4  1  0  1
#  1  1  1  2  1  1  1  0
#  1  0  0  0  1  0  1  1
#  0  0  1  0  1  1  1  0
#  0  1  1  0  0  1  1  1
