# TS_TEXT=2019-08-27-14:01:14
# TS_SECS=1566910874.28
# HOST=starboard-node
# PERCENTILE_10=15.2
# PERCENTILE_90=17.6
# MIN_PIXEL=14.5
# MEDIAN_PIXEL=16.0
# MAX_PIXEL=24.0

# IMAGE
15.0 16.0 15.8 16.2 16.0 15.5 15.2 14.5 
15.5 16.0 17.8 17.2 16.0 16.0 16.2 15.0 
16.2 17.2 24.0 22.0 18.8 16.0 16.2 15.5 
16.5 17.0 22.2 21.8 19.8 16.2 15.5 15.5 
16.5 16.2 16.8 16.8 15.8 16.0 15.8 14.8 
16.0 15.2 16.0 16.0 16.0 15.8 15.8 15.8 
15.8 15.8 16.0 16.0 16.0 15.8 15.5 15.0 
16.0 16.2 16.0 15.5 15.2 15.5 15.8 16.0 


# DIFF
#  0  2  1  2  2  1  1  0
#  1  2  3  3  2  2  2  0
#  2  3 10  8  4  2  2  1
#  2  2  8  7  5  2  1  1
#  2  2  2  2  1  2  1  0
#  2  1  2  2  2  1  1  1
#  1  1  2  2  2  1  1  0
#  2  2  2  1  1  1  1  2
