# TS_TEXT=2019-08-27-14:01:04
# TS_SECS=1566910864.24
# HOST=starboard-node
# PERCENTILE_10=15.2
# PERCENTILE_90=17.4
# MIN_PIXEL=14.8
# MEDIAN_PIXEL=15.8
# MAX_PIXEL=22.8

# IMAGE
15.2 16.0 16.2 16.2 15.8 15.5 15.2 15.0 
15.8 16.0 17.5 16.8 16.0 16.0 15.2 14.8 
16.0 17.2 22.8 21.5 18.0 15.5 15.5 15.0 
16.2 17.2 22.8 21.8 19.2 16.5 15.8 15.5 
16.0 16.0 16.8 16.5 15.8 15.8 15.8 15.2 
16.0 15.2 15.5 15.5 15.2 15.8 15.8 15.2 
15.8 15.5 15.5 15.8 15.5 15.2 15.8 15.5 
16.0 15.8 15.8 15.2 15.5 15.8 16.0 15.5 


# DIFF
#  0  1  2  2  1  1  0  0
#  1  1  3  2  1  1  0  0
#  1  2  8  7  3  1  1  0
#  2  2  8  7  4  2  1  1
#  1  1  2  2  1  1  1  0
#  1  0  1  1  0  1  1  0
#  1  1  1  1  1  0  1  1
#  1  1  1  0  1  1  1  1
