# TS_TEXT=2019-08-27-14:00:30
# TS_SECS=1566910830.10
# HOST=starboard-node
# PERCENTILE_10=15.8
# PERCENTILE_90=18.4
# MIN_PIXEL=15.2
# MEDIAN_PIXEL=16.2
# MAX_PIXEL=23.8

# IMAGE
15.8 16.2 16.5 16.8 16.2 16.2 15.5 15.5 
16.2 17.0 18.5 18.0 16.8 16.5 16.0 15.2 
16.0 18.2 23.8 22.2 20.0 16.2 15.8 16.2 
16.2 17.2 21.8 22.0 20.0 16.8 15.8 16.2 
16.8 16.5 16.8 17.0 16.2 16.2 16.5 15.5 
16.2 15.5 16.0 16.5 16.5 16.0 15.8 16.0 
16.2 15.5 16.5 16.0 16.2 16.5 16.2 16.0 
16.0 16.2 16.0 16.0 16.0 16.2 16.2 15.8 


# DIFF
#  0  1  1  2  1  1  0  0
#  1  2  3  3  2  1  1  0
#  1  3  8  7  5  1  0  1
#  1  2  6  7  5  2  0  1
#  2  1  2  2  1  1  1  0
#  1  0  1  1  1  1  0  1
#  1  0  1  1  1  1  1  1
#  1  1  1  1  1  1  1  0
