# TS_TEXT=2019-08-18-22:54:20
# TS_SECS=1566165260.20
# HOST=port-node
# PERCENTILE_10=14.0
# PERCENTILE_90=15.4
# MIN_PIXEL=0.0
# MEDIAN_PIXEL=14.5
# MAX_PIXEL=19.0

# IMAGE
16.2 15.5 14.8 14.2 14.0 14.0 13.8 14.5 
19.0 17.5 15.2 14.5 14.2 13.8 14.0 14.2 
18.5 16.8 14.8 14.5 14.8 14.2 14.2 15.2 
14.0 14.8 15.0 14.5 13.8 15.0 14.8 14.2 
15.0 14.5 14.8 14.0 14.2 14.8 15.0 14.8 
13.8 14.2 14.2 15.5 14.5 14.5 14.5 14.0 
14.0 15.0 14.2 14.8 14.8 14.8 14.2 15.0 
0.0 14.8 14.5 13.8 14.0 14.5 14.5 14.5 


# DIFF
# 16 16 15 14 14 14 14 14
# 19 18 15 14 14 14 14 14
# 18 17 15 14 15 14 14 15
# 14 15 15 14 14 15 15 14
# 15 14 15 14 14 15 15 15
# 14 14 14 16 14 14 14 14
# 14 15 14 15 15 15 14 15
#  0 15 14 14 14 14 14 14
