# TS_TEXT=2019-08-25-12:24:01
# TS_SECS=1566732241.60
# HOST=starboard-node
# PERCENTILE_10=16.0
# PERCENTILE_90=17.4
# MIN_PIXEL=14.8
# MEDIAN_PIXEL=16.5
# MAX_PIXEL=19.5

# IMAGE
17.0 16.8 16.0 16.2 16.5 16.0 15.8 14.8 
16.0 16.0 16.2 16.5 17.0 17.8 17.2 15.5 
16.0 16.8 16.5 17.5 19.5 19.5 18.2 16.2 
16.2 16.2 16.5 17.0 19.2 18.8 17.0 16.8 
16.5 16.8 16.2 17.2 16.8 16.2 16.8 15.8 
16.8 16.5 16.5 16.5 16.8 16.5 16.5 16.0 
16.5 16.0 16.5 16.8 16.5 16.2 16.0 15.8 
15.8 17.0 16.8 16.8 16.8 16.2 16.2 16.8 


# DIFF
#  2  2  1  2  2  1  1  0
#  1  1  2  2  2  3  2  1
#  1  2  2  3  5  5  4  2
#  2  2  2  2  4  4  2  2
#  2  2  2  2  2  2  2  1
#  2  2  2  2  2  2  2  1
#  2  1  2  2  2  2  1  1
#  1  2  2  2  2  2  2  2
