# TS_TEXT=2019-08-18-23:18:14
# TS_SECS=1566166694.65
# HOST=aft-node
# PERCENTILE_10=13.5
# PERCENTILE_90=14.2
# MIN_PIXEL=0.0
# MEDIAN_PIXEL=14.0
# MAX_PIXEL=15.0

# IMAGE
14.0 14.0 14.2 14.0 14.0 14.0 13.5 14.0 
14.0 14.2 13.8 14.0 13.5 13.8 13.8 14.0 
13.8 14.0 13.8 14.0 13.5 14.2 13.8 14.0 
14.5 14.0 13.8 13.8 14.0 13.5 13.8 13.8 
13.5 14.0 14.0 14.0 14.0 13.5 14.2 14.0 
14.2 14.0 13.8 14.0 14.0 14.5 14.0 14.0 
14.2 15.0 14.8 14.0 14.0 14.0 14.0 15.0 
0.0 13.5 14.0 13.8 14.0 14.0 13.5 14.2 


# DIFF
# 14 14 14 14 14 14 14 14
# 14 14 14 14 14 14 14 14
# 14 14 14 14 14 14 14 14
# 14 14 14 14 14 14 14 14
# 14 14 14 14 14 14 14 14
# 14 14 14 14 14 14 14 14
# 14 15 15 14 14 14 14 15
#  0 14 14 14 14 14 14 14
