# TS_TEXT=2019-08-18-22:18:29
# TS_SECS=1566163109.12
# HOST=starboard-node
# PERCENTILE_10=12.5
# PERCENTILE_90=14.7
# MIN_PIXEL=11.8
# MEDIAN_PIXEL=13.0
# MAX_PIXEL=18.0

# IMAGE
12.5 13.0 12.2 13.5 13.0 13.5 12.2 11.8 
12.5 12.0 13.0 12.5 13.2 12.2 12.8 12.5 
13.0 13.0 12.8 13.0 13.0 12.2 13.0 12.5 
13.0 13.0 13.8 13.5 13.5 12.5 12.5 13.5 
13.8 15.0 16.2 17.0 12.8 12.5 13.5 12.5 
13.5 15.2 18.0 17.2 13.2 13.0 12.8 13.5 
13.2 13.5 14.8 14.5 13.5 12.5 12.8 13.2 
13.5 13.5 13.8 13.0 13.0 12.8 13.2 13.2 


# DIFF
#  1  1  0  2  1  2  0  0
#  1  0  1  1  2  0  1  1
#  1  1  1  1  1  0  1  1
#  1  1  2  2  2  1  1  2
#  2  3  4  5  1  1  2  1
#  2  4  6  6  2  1  1  2
#  2  2  3  3  2  1  1  2
#  2  2  2  1  1  1  2  2
