# TS_TEXT=2019-08-18-22:18:20
# TS_SECS=1566163100.07
# HOST=starboard-node
# PERCENTILE_10=12.8
# PERCENTILE_90=14.2
# MIN_PIXEL=11.8
# MEDIAN_PIXEL=13.2
# MAX_PIXEL=18.0

# IMAGE
12.8 13.2 13.2 13.5 12.8 13.2 12.8 11.8 
12.2 12.8 13.0 12.8 13.0 13.0 12.8 11.8 
13.2 13.0 13.2 12.8 13.2 13.0 13.0 12.8 
13.5 13.2 13.0 13.5 13.0 13.5 12.5 13.8 
13.8 15.2 17.8 15.0 13.5 13.0 13.8 13.0 
13.8 15.2 18.0 17.8 13.8 13.0 13.2 13.2 
13.0 13.5 14.2 14.2 14.0 13.0 13.0 13.0 
14.0 13.8 14.2 13.2 13.2 13.5 12.8 13.0 


# DIFF
#  1  2  2  2  1  2  1  0
#  0  1  1  1  1  1  1  0
#  2  1  2  1  2  1  1  1
#  2  2  1  2  1  2  1  2
#  2  4  6  3  2  1  2  1
#  2  4  6  6  2  1  2  2
#  1  2  2  2  2  1  1  1
#  2  2  2  2  2  2  1  1
