# TS_TEXT=2019-08-18-22:18:35
# TS_SECS=1566163115.17
# HOST=starboard-node
# PERCENTILE_10=12.8
# PERCENTILE_90=14.8
# MIN_PIXEL=11.5
# MEDIAN_PIXEL=13.2
# MAX_PIXEL=20.0

# IMAGE
12.5 13.8 12.8 13.8 12.8 12.8 13.0 12.2 
12.8 12.8 13.5 13.0 13.2 13.2 12.8 11.5 
13.0 13.8 13.2 13.5 12.8 12.5 12.8 12.5 
13.8 13.8 14.0 13.8 13.5 13.5 12.8 13.5 
13.5 14.8 17.2 16.8 13.2 13.0 12.8 12.8 
14.2 15.2 20.0 18.0 13.2 13.2 13.0 13.2 
13.5 13.8 15.8 14.8 14.0 12.8 13.0 13.0 
14.0 13.2 14.0 13.8 13.0 13.5 13.2 13.2 


# DIFF
#  1  2  1  2  1  1  2  1
#  1  1  2  2  2  2  1  0
#  2  2  2  2  1  1  1  1
#  2  2  2  2  2  2  1  2
#  2  3  6  5  2  2  1  1
#  3  4  8  6  2  2  2  2
#  2  2  4  3  2  1  2  2
#  2  2  2  2  2  2  2  2
