# TS_TEXT=2019-08-19-08:22:05
# TS_SECS=1566199325.61
# HOST=port-node
# PERCENTILE_10=14.5
# PERCENTILE_90=16.8
# MIN_PIXEL=14.2
# MEDIAN_PIXEL=15.0
# MAX_PIXEL=17.8

# IMAGE
14.5 14.8 15.2 14.5 15.2 14.8 16.2 15.0 
15.2 15.0 14.5 15.0 15.0 15.2 15.0 14.5 
15.8 17.5 16.8 15.8 14.8 15.0 14.8 15.0 
16.8 17.2 16.5 14.8 14.8 14.5 14.2 14.5 
16.8 17.8 15.8 15.5 15.0 14.8 15.0 15.0 
15.5 16.8 15.2 15.0 15.0 14.8 15.2 15.0 
15.5 15.0 15.0 14.2 15.2 15.0 15.5 17.0 
14.8 15.2 14.8 14.2 14.5 14.8 14.8 17.2 


# DIFF
#  0  0  1  0  1  0  2  1
#  1  1  0  1  1  1  1  0
#  2  3  2  2  0  1  0  1
#  2  3  2  0  0  0  0  0
#  2  4  2  1  1  0  1  1
#  1  2  1  1  1  0  1  1
#  1  1  1  0  1  1  1  3
#  0  1  0  0  0  0  0  3
