# TS_TEXT=2019-08-19-08:22:07
# TS_SECS=1566199327.63
# HOST=port-node
# PERCENTILE_10=14.1
# PERCENTILE_90=16.5
# MIN_PIXEL=0.0
# MEDIAN_PIXEL=14.8
# MAX_PIXEL=19.5

# IMAGE
16.2 17.2 16.5 14.8 14.8 14.5 14.5 14.2 
16.0 17.2 15.5 14.8 14.5 14.2 15.5 15.0 
14.8 16.0 15.0 14.8 14.5 14.8 15.8 15.0 
14.8 15.2 15.0 14.5 14.5 15.0 16.0 17.8 
14.8 14.2 14.5 14.5 14.0 14.5 15.2 19.5 
14.0 14.2 14.2 14.5 14.5 14.5 14.2 16.5 
13.0 14.0 14.0 14.0 14.8 15.2 15.0 15.2 
0.0 15.5 17.2 17.2 15.5 14.8 14.8 14.2 


# DIFF
# 16 17 16 15 15 14 14 14
# 16 17 16 15 14 14 16 15
# 15 16 15 15 14 15 16 15
# 15 15 15 14 14 15 16 18
# 15 14 14 14 14 14 15 20
# 14 14 14 14 14 14 14 16
# 13 14 14 14 15 15 15 15
#  0 16 17 17 16 15 15 14
