# TS_TEXT=2019-08-19-08:22:13
# TS_SECS=1566199333.68
# HOST=port-node
# PERCENTILE_10=14.1
# PERCENTILE_90=16.5
# MIN_PIXEL=13.2
# MEDIAN_PIXEL=14.8
# MAX_PIXEL=18.0

# IMAGE
16.0 17.0 15.0 14.8 15.0 14.5 15.0 15.0 
14.5 16.0 15.0 14.8 15.0 15.0 15.8 18.0 
15.0 15.0 14.8 14.5 14.2 14.8 15.0 17.5 
14.0 14.2 14.8 14.2 14.2 14.8 14.5 14.5 
13.5 14.2 14.2 15.0 14.8 15.2 14.5 15.2 
13.2 14.5 14.0 14.8 14.8 14.5 15.0 14.2 
13.5 16.0 16.5 17.0 15.5 14.2 14.8 14.0 
13.2 16.5 17.5 16.5 14.5 15.0 14.5 14.2 


# DIFF
#  3  4  2  2  2  1  2  2
#  1  3  2  2  2  2  2  5
#  2  2  2  1  1  2  2  4
#  1  1  2  1  1  2  1  1
#  0  1  1  2  2  2  1  2
#  0  1  1  2  2  1  2  1
#  0  3  3  4  2  1  2  1
#  0  3  4  3  1  2  1  1
