# TS_TEXT=2019-08-19-08:22:19
# TS_SECS=1566199339.74
# HOST=port-node
# PERCENTILE_10=14.0
# PERCENTILE_90=19.8
# MIN_PIXEL=13.8
# MEDIAN_PIXEL=14.8
# MAX_PIXEL=22.5

# IMAGE
15.8 16.8 16.0 16.0 15.2 15.8 18.8 17.0 
14.2 14.2 14.2 14.8 18.0 18.5 22.5 20.2 
14.0 14.0 13.8 14.8 16.8 19.8 20.5 19.8 
14.5 14.2 14.2 14.2 14.2 15.8 16.8 16.0 
14.0 14.2 14.0 14.0 14.2 14.2 14.2 14.2 
15.2 15.8 18.8 17.0 14.0 14.0 14.0 13.8 
18.0 18.5 22.5 20.2 14.0 14.5 14.2 14.2 
16.8 19.8 20.5 19.8 14.8 14.0 14.2 14.0 


# DIFF
#  2  3  2  2  2  2  5  3
#  0  0  0  1  4  5  9  6
#  0  0  0  1  3  6  7  6
#  1  0  0  0  0  2  3  2
#  0  0  0  0  0  0  0  0
#  2  2  5  3  0  0  0  0
#  4  5  9  6  0  1  0  0
#  3  6  7  6  1  0  0  0
