# TS_TEXT=2019-08-25-13:34:59
# TS_SECS=1566736499.56
# HOST=starboard-node
# PERCENTILE_10=16.0
# PERCENTILE_90=16.8
# MIN_PIXEL=15.8
# MEDIAN_PIXEL=16.5
# MAX_PIXEL=17.2

# IMAGE
15.8 16.5 16.8 16.8 16.0 16.2 16.0 15.8 
16.5 16.2 16.8 16.5 16.5 16.0 16.5 16.0 
16.2 16.0 16.5 17.2 16.2 16.0 16.0 16.5 
16.2 16.5 16.5 17.0 17.0 16.5 16.2 16.2 
16.5 16.8 16.5 17.0 16.2 16.0 16.8 16.2 
16.8 16.2 16.5 16.5 17.0 16.8 16.2 16.5 
16.8 16.8 16.5 16.8 16.8 16.0 16.0 16.2 
16.5 16.8 17.0 16.5 16.8 16.2 16.5 16.5 


# DIFF
#  0  1  1  1  0  0  0  0
#  1  0  1  1  1  0  1  0
#  0  0  1  2  0  0  0  1
#  0  1  1  1  1  1  0  0
#  1  1  1  1  0  0  1  0
#  1  0  1  1  1  1  0  1
#  1  1  1  1  1  0  0  0
#  1  1  1  1  1  0  1  1
