# TS_TEXT=2019-08-25-13:16:55
# TS_SECS=1566735415.19
# HOST=starboard-node
# PERCENTILE_10=16.0
# PERCENTILE_90=18.4
# MIN_PIXEL=15.2
# MEDIAN_PIXEL=16.6
# MAX_PIXEL=21.0

# IMAGE
16.0 16.8 16.2 16.8 16.2 16.0 15.5 15.2 
16.8 16.8 18.0 16.8 16.8 16.8 16.2 15.5 
16.0 16.5 19.2 18.5 17.2 16.2 16.2 15.8 
16.2 16.8 18.5 20.5 19.0 17.2 16.0 16.2 
16.5 16.2 17.0 19.2 21.0 17.5 16.8 15.5 
16.2 16.2 16.8 17.8 17.8 17.0 16.0 16.0 
16.0 16.2 17.0 17.0 17.0 16.0 16.2 16.0 
16.0 17.0 16.5 15.8 16.5 16.8 17.0 17.0 


# DIFF
#  1  2  1  2  1  1  0  0
#  2  2  3  2  2  2  1  0
#  1  1  4  3  2  1  1  0
#  1  2  3  5  4  2  1  1
#  1  1  2  4  6  2  2  0
#  1  1  2  2  2  2  1  1
#  1  1  2  2  2  1  1  1
#  1  2  1  0  1  2  2  2
