# TS_TEXT=2019-08-25-12:49:57
# TS_SECS=1566733797.41
# HOST=port-node
# PERCENTILE_10=15.2
# PERCENTILE_90=17.4
# MIN_PIXEL=15.0
# MEDIAN_PIXEL=15.8
# MAX_PIXEL=20.2

# IMAGE
15.2 15.2 15.5 15.2 15.0 15.8 15.5 15.2 
16.2 15.8 15.5 15.8 15.5 16.0 15.0 15.8 
15.8 16.0 16.0 15.5 15.5 16.8 19.0 18.0 
15.0 16.0 16.0 15.5 15.8 17.0 19.0 20.2 
15.2 16.2 16.0 15.2 15.8 16.5 16.2 17.5 
18.0 17.0 15.8 15.5 16.0 15.5 16.2 15.8 
17.5 15.5 15.5 16.5 15.8 15.5 15.5 15.8 
16.0 15.2 15.5 15.5 15.8 15.5 15.8 15.8 


# DIFF
#  0  0  0  0  0  1  0  0
#  1  1  0  1  0  1  0  1
#  1  1  1  0  0  2  4  3
#  0  1  1  0  1  2  4  5
#  0  1  1  0  1  2  1  2
#  3  2  1  0  1  0  1  1
#  2  0  0  2  1  0  0  1
#  1  0  0  0  1  0  1  1
