# TS_TEXT=2019-08-25-12:49:59
# TS_SECS=1566733799.42
# HOST=port-node
# PERCENTILE_10=15.2
# PERCENTILE_90=16.9
# MIN_PIXEL=14.8
# MEDIAN_PIXEL=15.8
# MAX_PIXEL=20.0

# IMAGE
14.8 15.5 15.2 15.0 15.8 15.8 16.0 15.0 
16.0 15.2 15.8 16.0 15.8 15.8 16.0 16.0 
15.2 16.0 15.8 15.5 16.2 16.5 19.2 17.8 
15.2 15.8 16.2 16.0 15.8 16.0 19.5 20.0 
15.2 16.8 15.8 15.8 16.2 15.8 16.5 17.0 
18.2 16.8 16.0 15.8 15.8 15.5 16.0 15.5 
17.2 16.5 15.5 16.2 16.0 15.8 15.8 15.8 
16.8 15.5 15.0 15.8 16.2 15.8 15.5 15.5 


# DIFF
#  0  1  0  0  1  1  1  0
#  1  0  1  1  1  1  1  1
#  0  1  1  1  2  2  4  3
#  0  1  2  1  1  1  5  5
#  0  2  1  1  2  1  2  2
#  4  2  1  1  1  1  1  1
#  2  2  1  2  1  1  1  1
#  2  1  0  1  2  1  1  1
