# TS_TEXT=2019-08-25-12:49:42
# TS_SECS=1566733782.34
# HOST=port-node
# PERCENTILE_10=15.0
# PERCENTILE_90=16.6
# MIN_PIXEL=14.8
# MEDIAN_PIXEL=15.5
# MAX_PIXEL=19.0

# IMAGE
15.2 15.5 15.0 15.2 14.8 15.5 15.5 14.8 
16.2 15.2 15.2 15.0 15.8 15.0 15.0 16.0 
15.0 15.8 15.5 15.5 15.8 16.2 18.8 17.2 
15.0 15.5 15.8 15.5 15.5 16.0 19.0 19.0 
15.2 15.8 16.0 15.5 15.2 16.0 15.5 16.8 
18.0 16.0 16.2 15.8 15.2 15.8 15.2 15.5 
16.8 15.8 15.2 15.8 15.5 15.8 15.5 15.5 
15.8 15.5 15.2 15.0 15.5 15.5 15.8 15.8 


# DIFF
#  0  1  0  0  0  1  1  0
#  2  0  0  0  1  0  0  1
#  0  1  1  1  1  2  4  2
#  0  1  1  1  1  1  4  4
#  0  1  1  1  0  1  1  2
#  3  1  2  1  0  1  0  1
#  2  1  0  1  1  1  1  1
#  1  1  0  0  1  1  1  1
