# TS_TEXT=2019-08-25-12:39:23
# TS_SECS=1566733163.48
# HOST=centre-node
# PERCENTILE_10=13.8
# PERCENTILE_90=15.8
# MIN_PIXEL=13.2
# MEDIAN_PIXEL=14.2
# MAX_PIXEL=19.5

# IMAGE
13.8 14.0 14.0 14.0 13.8 14.0 14.0 13.8 
14.0 14.0 14.0 14.5 14.0 14.2 13.5 13.2 
13.8 14.0 14.5 14.2 14.5 13.8 14.0 13.2 
15.0 14.5 15.8 17.0 14.8 13.8 14.5 13.2 
14.8 15.8 19.5 18.8 16.8 14.2 14.0 14.2 
14.8 15.2 17.8 18.8 14.8 14.5 14.5 14.0 
15.2 14.2 14.8 15.2 14.5 14.2 13.8 14.2 
14.5 15.5 15.2 15.0 14.2 14.2 14.5 13.5 


# DIFF
#  0  1  1  1  0  1  1  0
#  1  1  1  1  1  1  0  0
#  0  1  1  1  1  0  1  0
#  2  1  2  4  2  0  1  0
#  2  2  6  6  4  1  1  1
#  2  2  4  6  2  1  1  1
#  2  1  2  2  1  1  0  1
#  1  2  2  2  1  1  1  0
