# TS_TEXT=2019-08-25-12:38:53
# TS_SECS=1566733133.37
# HOST=centre-node
# PERCENTILE_10=14.2
# PERCENTILE_90=16.2
# MIN_PIXEL=13.0
# MEDIAN_PIXEL=14.9
# MAX_PIXEL=19.8

# IMAGE
14.8 14.2 14.2 15.0 14.0 14.5 14.5 13.8 
14.8 14.8 14.8 15.0 14.0 14.5 14.2 13.0 
14.5 14.5 15.2 14.2 15.0 14.2 14.8 13.8 
15.0 15.2 16.2 17.8 15.2 14.8 14.2 14.0 
15.5 15.8 19.8 18.8 17.2 14.5 14.5 14.5 
15.0 15.8 18.2 18.5 15.5 14.8 14.5 14.5 
15.8 15.0 15.5 15.5 15.2 14.8 15.0 14.2 
16.0 15.8 15.2 15.0 15.2 15.0 15.0 14.2 


# DIFF
#  2  1  1  2  1  2  2  1
#  2  2  2  2  1  2  1  0
#  2  2  2  1  2  1  2  1
#  2  2  3  5  2  2  1  1
#  2  3  7  6  4  2  2  2
#  2  3  5  6  2  2  2  2
#  3  2  2  2  2  2  2  1
#  3  3  2  2  2  2  2  1
