# TS_TEXT=2019-08-25-11:27:53
# TS_SECS=1566728873.51
# HOST=centre-node
# PERCENTILE_10=14.8
# PERCENTILE_90=16.2
# MIN_PIXEL=14.5
# MEDIAN_PIXEL=15.5
# MAX_PIXEL=19.0

# IMAGE
16.0 14.5 14.8 15.8 15.2 15.5 15.2 14.8 
15.0 15.0 15.0 15.8 15.2 14.8 14.5 14.8 
15.0 14.8 15.2 16.2 17.2 15.8 15.2 14.5 
15.0 15.8 15.5 19.0 19.0 18.0 15.5 15.0 
15.8 16.0 16.2 17.8 17.8 16.2 15.5 15.0 
15.5 15.5 15.5 15.8 15.5 15.2 15.5 15.0 
16.0 15.0 15.8 15.8 15.2 16.0 15.2 15.2 
15.8 16.2 16.2 15.5 16.0 16.0 15.0 15.2 


# DIFF
#  2  0  0  1  1  1  1  0
#  0  0  0  1  1  0  0  0
#  0  0  1  2  3  1  1  0
#  0  1  1  4  4  4  1  0
#  1  2  2  3  3  2  1  0
#  1  1  1  1  1  1  1  0
#  2  0  1  1  1  2  1  1
#  1  2  2  1  2  2  0  1
