# TS_TEXT=2019-08-25-13:12:35
# TS_SECS=1566735155.01
# HOST=port-node
# PERCENTILE_10=15.6
# PERCENTILE_90=17.8
# MIN_PIXEL=15.2
# MEDIAN_PIXEL=16.0
# MAX_PIXEL=20.8

# IMAGE
15.5 16.2 16.0 15.2 16.0 16.2 16.0 15.8 
15.8 15.8 16.0 16.5 16.5 16.5 16.0 15.8 
15.8 16.0 16.2 17.8 18.8 19.0 17.8 16.8 
15.5 16.0 16.5 19.8 20.8 20.0 17.8 16.2 
16.5 16.5 16.5 16.5 16.8 17.2 16.8 16.0 
18.0 15.8 15.8 15.8 15.8 16.0 16.2 15.5 
17.0 15.8 16.0 16.8 15.5 16.0 15.8 15.8 
16.8 15.8 15.8 16.0 16.2 15.5 15.5 16.0 


# DIFF
#  0  1  1  0  1  1  1  0
#  0  0  1  1  1  1  1  0
#  0  1  1  2  4  4  2  2
#  0  1  1  4  6  5  2  1
#  1  1  1  1  2  2  2  1
#  3  0  0  0  0  1  1  0
#  2  0  1  2  0  1  0  0
#  2  0  0  1  1  0  0  1
