# TS_TEXT=2019-08-25-13:12:30
# TS_SECS=1566735150.98
# HOST=port-node
# PERCENTILE_10=15.8
# PERCENTILE_90=18.3
# MIN_PIXEL=15.2
# MEDIAN_PIXEL=16.2
# MAX_PIXEL=20.5

# IMAGE
15.5 16.2 15.8 15.2 16.2 16.8 16.0 16.0 
16.0 15.8 16.2 15.8 16.8 16.0 16.0 16.0 
15.8 16.2 16.5 16.8 16.8 17.8 18.5 16.8 
15.5 16.0 16.5 19.0 20.2 20.5 19.0 16.8 
16.2 16.5 16.5 17.5 19.5 17.2 17.0 16.5 
18.5 16.5 16.2 16.5 16.5 16.0 16.2 15.8 
17.2 16.5 16.0 16.0 15.8 16.2 15.8 16.2 
16.8 16.2 15.2 16.2 16.5 15.8 16.0 15.8 


# DIFF
#  0  1  0  0  1  2  1  1
#  1  0  1  0  2  1  1  1
#  0  1  1  2  2  2  3  2
#  0  1  1  4  5  5  4  2
#  1  1  1  2  4  2  2  1
#  3  1  1  1  1  1  1  0
#  2  1  1  1  0  1  0  1
#  2  1  0  1  1  0  1  0
