# TS_TEXT=2019-08-25-13:12:14
# TS_SECS=1566735134.87
# HOST=port-node
# PERCENTILE_10=15.6
# PERCENTILE_90=18.0
# MIN_PIXEL=15.0
# MEDIAN_PIXEL=16.2
# MAX_PIXEL=19.8

# IMAGE
15.5 15.8 15.2 15.2 15.5 16.0 15.8 15.5 
16.2 16.2 16.0 15.5 15.8 16.2 16.2 16.0 
15.8 16.0 16.0 16.2 16.0 16.8 17.8 18.0 
15.0 16.2 16.5 16.5 16.2 19.0 19.8 18.0 
16.2 16.8 17.0 15.8 16.5 18.2 19.2 16.2 
18.5 16.0 16.2 16.2 16.5 16.2 16.0 16.5 
18.2 15.8 16.2 16.5 16.2 16.2 16.2 16.0 
16.8 15.8 16.0 16.0 16.2 15.8 16.0 16.0 


# DIFF
#  0  1  0  0  0  1  1  0
#  1  1  1  0  1  1  1  1
#  1  1  1  1  1  2  3  3
#  0  1  2  2  1  4  5  3
#  1  2  2  1  2  3  4  1
#  4  1  1  1  2  1  1  2
#  3  1  1  2  1  1  1  1
#  2  1  1  1  1  1  1  1
