# TS_TEXT=2019-08-18-22:56:30
# TS_SECS=1566165390.87
# HOST=fore-node
# PERCENTILE_10=13.2
# PERCENTILE_90=14.7
# MIN_PIXEL=0.0
# MEDIAN_PIXEL=14.0
# MAX_PIXEL=17.8

# IMAGE
14.0 13.8 14.0 13.8 13.8 13.8 13.8 13.5 
13.8 13.5 14.0 13.8 14.2 13.2 13.2 13.2 
14.0 13.8 13.8 13.8 13.8 13.8 13.5 13.8 
14.2 13.8 14.8 14.2 14.0 14.0 13.8 13.8 
14.0 14.5 15.0 14.2 14.2 14.2 14.0 14.5 
14.5 16.8 16.0 14.5 14.2 14.0 13.8 14.0 
17.8 17.2 15.0 14.5 14.5 14.2 14.0 14.2 
0.0 13.2 13.0 13.5 13.2 13.2 13.0 14.0 


# DIFF
# 14 14 14 14 14 14 14 14
# 14 14 14 14 14 13 13 13
# 14 14 14 14 14 14 14 14
# 14 14 15 14 14 14 14 14
# 14 14 15 14 14 14 14 14
# 14 17 16 14 14 14 14 14
# 18 17 15 14 14 14 14 14
#  0 13 13 14 13 13 13 14
