# TS_TEXT=2019-08-18-22:56:50
# TS_SECS=1566165410.04
# HOST=fore-node
# PERCENTILE_10=13.3
# PERCENTILE_90=14.8
# MIN_PIXEL=0.0
# MEDIAN_PIXEL=14.0
# MAX_PIXEL=18.5

# IMAGE
13.2 13.8 13.2 13.8 13.8 14.0 13.0 13.5 
14.2 13.8 14.2 13.8 14.5 13.8 13.0 13.8 
13.8 14.0 13.8 13.8 13.8 14.0 13.8 14.2 
14.5 14.0 14.2 14.0 14.0 14.0 13.5 13.5 
13.5 14.0 15.0 14.8 14.8 14.5 14.0 14.5 
14.5 13.8 14.8 17.0 15.5 14.5 14.0 13.8 
14.8 14.8 15.2 18.5 18.0 14.5 14.0 14.5 
0.0 13.0 14.2 14.0 13.5 14.0 13.0 14.2 


# DIFF
# 13 14 13 14 14 14 13 14
# 14 14 14 14 14 14 13 14
# 14 14 14 14 14 14 14 14
# 14 14 14 14 14 14 14 14
# 14 14 15 15 15 14 14 14
# 14 14 15 17 16 14 14 14
# 15 15 15 18 18 14 14 14
#  0 13 14 14 14 14 13 14
