# TS_TEXT=2019-08-18-22:56:25
# TS_SECS=1566165385.83
# HOST=fore-node
# PERCENTILE_10=13.5
# PERCENTILE_90=14.9
# MIN_PIXEL=0.0
# MEDIAN_PIXEL=14.0
# MAX_PIXEL=17.0

# IMAGE
13.8 14.0 14.5 14.2 14.5 13.2 14.0 13.8 
13.2 14.5 14.2 14.5 14.2 14.2 13.8 13.5 
13.8 14.8 14.5 15.0 14.5 13.8 13.5 14.0 
14.5 14.8 14.2 17.0 16.5 14.2 13.8 14.0 
13.5 13.5 13.8 13.2 14.0 13.8 14.2 14.5 
14.0 14.8 13.8 14.2 13.8 13.5 14.5 14.2 
15.0 14.2 14.0 13.8 13.5 14.0 15.0 14.5 
0.0 12.8 14.0 14.2 13.8 14.0 17.0 16.5 


# DIFF
# 14 14 14 14 14 13 14 14
# 13 14 14 14 14 14 14 14
# 14 15 14 15 14 14 14 14
# 14 15 14 17 16 14 14 14
# 14 14 14 13 14 14 14 14
# 14 15 14 14 14 14 14 14
# 15 14 14 14 14 14 15 14
#  0 13 14 14 14 14 17 16
