# TS_TEXT=2019-08-25-13:05:59
# TS_SECS=1566734759.73
# HOST=fore-node
# PERCENTILE_10=15.8
# PERCENTILE_90=18.4
# MIN_PIXEL=15.0
# MEDIAN_PIXEL=16.5
# MAX_PIXEL=20.2

# IMAGE
16.0 16.8 16.5 16.8 16.5 16.0 15.5 15.0 
16.5 17.0 18.2 19.2 17.0 16.8 16.5 15.5 
16.0 16.2 18.5 20.2 19.5 17.0 16.5 15.5 
16.2 16.8 16.8 17.2 19.8 19.0 17.0 15.8 
16.8 16.0 16.2 16.8 17.0 18.5 17.2 16.5 
16.2 16.8 16.5 16.5 16.8 17.0 16.5 16.2 
17.0 16.2 16.2 16.2 16.5 16.2 15.8 16.0 
16.8 16.0 16.8 16.2 16.5 15.8 16.0 15.5 


# DIFF
#  1  2  2  2  2  1  0  0
#  2  2  3  4  2  2  2  0
#  1  1  4  5  4  2  2  0
#  1  2  2  2  5  4  2  1
#  2  1  1  2  2  4  2  2
#  1  2  2  2  2  2  2  1
#  2  1  1  1  2  1  1  1
#  2  1  2  1  2  1  1  0
