# TS_TEXT=2019-08-18-22:42:16
# TS_SECS=1566164536.60
# HOST=aft-node
# PERCENTILE_10=14.0
# PERCENTILE_90=15.0
# MIN_PIXEL=13.5
# MEDIAN_PIXEL=14.5
# MAX_PIXEL=17.0

# IMAGE
14.8 14.2 15.0 14.2 14.2 14.5 14.5 15.0 
14.2 14.5 14.0 14.0 14.0 14.5 14.5 14.2 
14.0 14.5 14.5 14.5 14.2 14.5 14.0 13.8 
14.5 14.5 14.2 14.2 14.5 14.0 13.5 14.5 
15.0 15.2 15.0 14.8 14.2 14.5 14.2 14.5 
14.0 14.5 14.5 14.2 14.5 16.5 17.0 15.0 
14.5 14.5 15.0 14.8 14.5 15.8 15.0 14.2 
15.0 14.8 14.8 14.5 14.2 14.2 14.2 13.8 


# DIFF
#  1  1  2  1  1  1  1  2
#  1  1  0  0  0  1  1  1
#  0  1  1  1  1  1  0  0
#  1  1  1  1  1  0  0  1
#  2  2  2  1  1  1  1  1
#  0  1  1  1  1  3  4  2
#  1  1  2  1  1  2  2  1
#  2  1  1  1  1  1  1  0
