# TS_TEXT=2019-08-18-21:41:06
# TS_SECS=1566160867.00
# HOST=aft-node
# PERCENTILE_10=14.2
# PERCENTILE_90=15.9
# MIN_PIXEL=0.0
# MEDIAN_PIXEL=14.8
# MAX_PIXEL=18.2

# IMAGE
15.0 14.5 14.8 15.5 18.2 18.0 15.5 15.2 
14.8 14.5 14.2 15.5 17.8 16.5 17.2 16.0 
14.5 14.8 14.5 15.5 15.2 14.8 15.5 14.8 
15.2 14.8 14.8 13.8 14.2 14.2 14.2 14.5 
14.2 14.2 14.5 14.8 14.2 14.2 14.8 14.2 
15.5 14.8 14.8 14.0 14.5 15.0 14.5 14.2 
15.5 15.2 15.8 14.8 15.2 14.8 14.8 14.5 
0.0 14.2 14.8 14.5 14.5 16.0 15.0 15.0 


# DIFF
# 15 14 15 16 18 18 16 15
# 15 14 14 16 18 16 17 16
# 14 15 14 16 15 15 16 15
# 15 15 15 14 14 14 14 14
# 14 14 14 15 14 14 15 14
# 16 15 15 14 14 15 14 14
# 16 15 16 15 15 15 15 14
#  0 14 15 14 14 16 15 15
