# TS_TEXT=2019-08-18-22:16:48
# TS_SECS=1566163008.20
# HOST=starboard-node
# PERCENTILE_10=12.8
# PERCENTILE_90=15.1
# MIN_PIXEL=12.2
# MEDIAN_PIXEL=13.2
# MAX_PIXEL=18.5

# IMAGE
13.0 13.2 12.8 13.2 13.2 13.2 12.5 12.8 
13.5 12.5 13.2 13.0 12.5 13.0 12.8 12.2 
13.0 13.5 13.0 13.2 12.5 12.5 13.2 13.0 
13.8 13.5 14.2 14.0 13.2 13.5 12.8 13.2 
14.0 15.2 18.5 14.8 12.8 13.0 13.2 13.0 
14.5 16.5 17.5 15.2 13.5 13.0 13.2 13.5 
13.5 16.2 17.2 14.0 13.2 12.8 12.8 13.2 
13.2 14.2 14.0 13.2 13.0 13.0 13.2 13.0 


# DIFF
#  1  1  0  1  1  1  0  0
#  1  0  1  1  0  1  0  0
#  1  1  1  1  0  0  1  1
#  2  1  2  2  1  1  0  1
#  2  3  6  2  0  1  1  1
#  2  4  5  3  1  1  1  1
#  1  4  5  2  1  0  0  1
#  1  2  2  1  1  1  1  1
