# TS_TEXT=2019-08-18-22:39:49
# TS_SECS=1566164389.63
# HOST=fore-node
# PERCENTILE_10=13.8
# PERCENTILE_90=15.2
# MIN_PIXEL=0.0
# MEDIAN_PIXEL=14.2
# MAX_PIXEL=18.5

# IMAGE
14.0 14.0 14.0 13.5 13.8 14.0 13.8 13.8 
13.8 14.0 14.5 13.8 14.2 14.0 14.2 14.2 
14.2 14.0 14.0 14.2 14.2 14.2 14.0 14.0 
14.8 14.5 14.0 14.2 14.0 14.2 14.5 14.0 
14.8 14.8 14.8 15.0 15.2 15.0 14.2 14.8 
14.2 14.2 14.8 15.2 16.5 15.2 14.5 14.0 
15.8 14.5 15.0 16.8 18.5 16.8 14.2 14.5 
0.0 13.5 14.5 14.2 14.0 14.0 13.5 13.8 


# DIFF
# 14 14 14 14 14 14 14 14
# 14 14 14 14 14 14 14 14
# 14 14 14 14 14 14 14 14
# 15 14 14 14 14 14 14 14
# 15 15 15 15 15 15 14 15
# 14 14 15 15 16 15 14 14
# 16 14 15 17 18 17 14 14
#  0 14 14 14 14 14 14 14
