# TS_TEXT=2019-08-18-22:10:25
# TS_SECS=1566162625.36
# HOST=centre-node
# PERCENTILE_10=12.8
# PERCENTILE_90=15.6
# MIN_PIXEL=12.0
# MEDIAN_PIXEL=13.5
# MAX_PIXEL=19.8

# IMAGE
13.2 13.0 12.5 13.0 12.8 13.0 12.5 13.2 
12.8 13.2 12.5 13.2 13.0 13.5 13.0 12.0 
12.8 13.0 12.8 13.2 13.8 13.5 13.2 13.2 
13.2 13.2 13.2 13.8 16.5 17.2 13.8 13.0 
13.0 13.8 13.5 14.0 18.0 19.8 16.0 14.0 
13.8 13.5 13.5 14.2 16.0 16.0 14.8 13.8 
13.5 13.2 14.0 14.0 14.0 14.0 13.8 13.5 
13.2 14.0 14.2 13.5 13.5 13.5 14.0 13.5 


# DIFF
#  1  1  0  1  1  1  0  1
#  1  1  0  1  1  2  1  0
#  1  1  1  1  2  2  1  1
#  1  1  1  2  4  5  2  1
#  1  2  2  2  6  8  4  2
#  2  2  2  2  4  4  3  2
#  2  1  2  2  2  2  2  2
#  1  2  2  2  2  2  2  2
