# TS_TEXT=2019-08-25-16:19:15
# TS_SECS=1566746355.51
# HOST=centre-node
# PERCENTILE_10=15.1
# PERCENTILE_90=17.2
# MIN_PIXEL=14.8
# MEDIAN_PIXEL=16.0
# MAX_PIXEL=42.2

# IMAGE
16.5 16.0 15.0 15.5 15.2 15.0 15.5 15.0 
15.8 15.8 15.5 16.0 15.2 16.0 15.0 14.8 
16.0 16.0 16.2 15.8 15.8 15.8 16.0 14.8 
16.5 16.5 16.5 16.0 16.5 16.8 16.2 15.2 
17.2 19.2 24.5 17.0 16.0 15.8 15.5 16.2 
17.2 21.5 42.2 17.2 15.8 15.5 16.2 15.5 
17.0 17.5 18.2 16.5 16.0 15.8 15.2 15.2 
16.5 16.8 17.0 16.2 16.0 15.5 15.0 15.5 


# DIFF
#  2  1  0  1  0  0  1  0
#  1  1  1  1  0  1  0  0
#  1  1  2  1  1  1  1  0
#  2  2  2  1  2  2  2  0
#  2  4 10  2  1  1  1  2
#  2  7 28  2  1  1  2  1
#  2  3  4  2  1  1  0  0
#  2  2  2  2  1  1  0  1
