# TS_TEXT=2019-08-25-16:19:12
# TS_SECS=1566746352.49
# HOST=centre-node
# PERCENTILE_10=15.2
# PERCENTILE_90=17.5
# MIN_PIXEL=15.0
# MEDIAN_PIXEL=16.0
# MAX_PIXEL=42.2

# IMAGE
17.0 15.5 15.2 16.2 15.0 15.5 15.2 15.2 
16.0 16.0 16.0 16.2 15.8 15.5 15.5 15.2 
15.5 15.2 16.2 15.5 15.8 15.8 16.0 15.0 
16.8 16.8 16.2 15.8 16.2 16.5 16.0 15.5 
17.5 19.2 24.5 17.0 16.2 16.2 15.8 15.5 
16.8 21.8 42.2 17.8 16.0 16.0 16.2 15.5 
17.2 17.5 18.5 16.8 16.0 15.8 15.8 15.5 
16.5 16.8 16.8 16.2 16.0 15.2 15.8 15.8 


# DIFF
#  2  0  0  1  0  0  0  0
#  1  1  1  1  1  0  0  0
#  0  0  1  0  1  1  1  0
#  2  2  1  1  1  2  1  0
#  2  4 10  2  1  1  1  0
#  2  7 27  3  1  1  1  0
#  2  2  4  2  1  1  1  0
#  2  2  2  1  1  0  1  1
