# TS_TEXT=2019-08-18-22:44:44
# TS_SECS=1566164684.61
# HOST=centre-node
# PERCENTILE_10=13.0
# PERCENTILE_90=14.7
# MIN_PIXEL=12.8
# MEDIAN_PIXEL=13.8
# MAX_PIXEL=19.2

# IMAGE
12.8 13.2 13.5 13.8 13.2 13.2 13.8 13.0 
14.0 13.5 14.0 14.2 13.2 13.5 13.0 13.0 
13.8 14.2 19.0 17.2 14.0 13.8 13.2 13.0 
14.5 15.0 19.2 18.8 14.2 13.5 13.0 13.0 
14.0 14.0 14.8 15.0 14.2 13.2 13.2 13.8 
14.0 13.8 13.8 14.2 13.8 13.5 13.8 13.5 
14.2 13.8 14.0 14.0 13.8 13.8 13.2 13.8 
13.8 14.5 14.2 13.8 13.8 13.0 13.8 13.0 


# DIFF
#  0  0  1  1  0  0  1  0
#  1  1  1  2  0  1  0  0
#  1  2  6  4  1  1  0  0
#  2  2  6  6  2  1  0  0
#  1  1  2  2  2  0  0  1
#  1  1  1  2  1  1  1  1
#  2  1  1  1  1  1  0  1
#  1  2  2  1  1  0  1  0
