# TS_TEXT=2019-08-18-22:44:42
# TS_SECS=1566164682.58
# HOST=centre-node
# PERCENTILE_10=13.2
# PERCENTILE_90=15.2
# MIN_PIXEL=13.0
# MEDIAN_PIXEL=14.0
# MAX_PIXEL=19.8

# IMAGE
14.0 14.0 13.5 13.8 13.8 13.8 13.8 13.8 
13.8 14.0 15.8 16.5 14.0 13.8 13.0 13.0 
14.0 15.2 19.8 19.0 15.2 13.8 13.2 13.0 
14.0 15.0 17.2 16.2 14.5 14.0 13.5 13.2 
13.8 14.0 14.2 13.5 14.0 13.5 13.2 13.8 
13.5 14.0 14.2 14.2 13.8 13.5 14.0 14.0 
14.0 14.0 14.0 14.0 14.0 13.8 13.5 13.2 
13.5 14.2 14.8 13.8 14.0 13.8 13.8 13.2 


# DIFF
#  1  1  0  1  1  1  1  1
#  1  1  3  4  1  1  0  0
#  1  2  7  6  2  1  0  0
#  1  2  4  3  2  1  0  0
#  1  1  1  0  1  0  0  1
#  0  1  1  1  1  0  1  1
#  1  1  1  1  1  1  0  0
#  0  1  2  1  1  1  1  0
