# TS_TEXT=2019-08-18-22:44:55
# TS_SECS=1566164695.67
# HOST=centre-node
# PERCENTILE_10=13.5
# PERCENTILE_90=16.4
# MIN_PIXEL=12.8
# MEDIAN_PIXEL=14.0
# MAX_PIXEL=19.2

# IMAGE
14.0 14.5 17.2 16.0 13.8 14.0 13.5 13.2 
13.5 14.5 18.0 19.2 14.8 13.5 13.0 14.0 
13.8 14.8 18.2 18.0 14.5 14.0 13.5 12.8 
14.8 16.5 16.5 15.8 14.2 13.5 13.2 13.8 
13.5 14.2 14.2 14.0 14.2 13.5 13.8 13.8 
14.0 13.8 14.0 14.0 14.0 13.5 14.2 13.8 
14.5 13.8 14.2 14.2 14.2 14.0 14.0 14.2 
14.0 14.2 14.5 13.8 13.5 14.0 14.2 13.8 


# DIFF
#  1  2  4  3  1  1  1  0
#  1  2  5  6  2  1  0  1
#  1  2  6  5  2  1  1  0
#  2  4  4  3  2  1  0  1
#  1  2  2  1  2  1  1  1
#  1  1  1  1  1  1  2  1
#  2  1  2  2  2  1  1  2
#  1  2  2  1  1  1  2  1
