# TS_TEXT=2019-08-18-23:09:20
# TS_SECS=1566166160.39
# HOST=aft-node
# PERCENTILE_10=14.2
# PERCENTILE_90=15.0
# MIN_PIXEL=13.8
# MEDIAN_PIXEL=14.8
# MAX_PIXEL=15.8

# IMAGE
14.2 14.8 14.8 15.2 15.0 15.0 15.8 15.8 
14.5 14.8 15.0 15.0 14.8 14.5 14.5 15.8 
15.0 14.5 15.0 15.0 14.5 14.8 15.0 15.2 
14.0 14.8 14.8 14.2 14.5 14.8 14.8 14.8 
14.0 14.2 15.0 14.8 15.0 14.5 15.0 15.5 
14.2 14.2 14.2 13.8 15.0 14.8 14.5 14.8 
14.5 14.8 14.2 14.8 14.8 15.0 15.0 15.0 
15.0 15.0 15.0 14.2 14.5 15.0 14.5 14.5 


# DIFF
#  0  1  1  2  1  1  2  2
#  1  1  1  1  1  1  1  2
#  1  1  1  1  1  1  1  2
#  0  1  1  0  1  1  1  1
#  0  0  1  1  1  1  1  2
#  0  0  0  0  1  1  1  1
#  1  1  0  1  1  1  1  1
#  1  1  1  0  1  1  1  1
