# TS_TEXT=2019-08-25-11:32:33
# TS_SECS=1566729153.10
# HOST=fore-node
# PERCENTILE_10=14.8
# PERCENTILE_90=16.2
# MIN_PIXEL=14.5
# MEDIAN_PIXEL=15.2
# MAX_PIXEL=20.0

# IMAGE
15.2 15.0 15.5 15.0 15.8 15.5 15.0 15.5 
14.5 15.2 15.2 15.5 16.2 18.5 16.2 15.0 
14.8 15.0 15.8 15.0 18.8 20.0 18.2 15.5 
15.2 15.5 15.5 15.8 16.5 17.2 15.8 15.2 
15.5 15.0 15.0 15.5 15.0 15.2 15.8 15.5 
15.2 15.5 15.2 15.2 15.2 15.5 15.0 15.0 
14.8 15.2 16.0 15.5 15.8 14.8 14.8 15.0 
15.5 14.8 15.2 15.0 15.5 15.5 15.0 14.5 


# DIFF
#  1  0  1  0  1  1  0  1
#  0  1  1  1  2  4  2  0
#  0  0  1  0  4  6  4  1
#  1  1  1  1  2  3  1  1
#  1  0  0  1  0  1  1  1
#  1  1  1  1  1  1  0  0
#  0  1  2  1  1  0  0  0
#  1  0  1  0  1  1  0  0
