# TS_TEXT=2019-08-27-14:10:47
# TS_SECS=1566911447.57
# HOST=starboard-node
# PERCENTILE_10=15.5
# PERCENTILE_90=17.8
# MIN_PIXEL=14.5
# MEDIAN_PIXEL=16.2
# MAX_PIXEL=22.5

# IMAGE
15.5 16.8 16.5 17.2 17.0 16.2 15.8 14.5 
16.0 16.0 19.5 21.8 17.0 16.8 16.5 15.5 
16.0 16.5 20.2 22.5 21.0 16.2 16.2 15.5 
16.2 16.0 17.2 19.0 18.0 16.8 16.0 15.8 
15.8 16.0 16.0 16.5 16.5 16.2 16.8 15.8 
15.8 15.5 16.2 16.5 15.8 16.2 16.2 16.0 
15.5 15.5 16.5 16.0 16.8 16.0 16.5 16.0 
15.8 16.2 15.5 16.5 16.0 15.8 16.0 15.8 


# DIFF
#  1  2  2  3  2  2  1  0
#  2  2  5  7  2  2  2  1
#  2  2  6  8  6  2  2  1
#  2  2  3  4  4  2  2  1
#  1  2  2  2  2  2  2  1
#  1  1  2  2  1  2  2  2
#  1  1  2  2  2  2  2  2
#  1  2  1  2  2  1  2  1
