# TS_TEXT=2019-08-27-14:11:20
# TS_SECS=1566911480.70
# HOST=starboard-node
# PERCENTILE_10=15.5
# PERCENTILE_90=18.4
# MIN_PIXEL=14.8
# MEDIAN_PIXEL=15.9
# MAX_PIXEL=22.8

# IMAGE
15.5 16.2 16.2 17.0 16.8 16.5 15.8 14.8 
15.5 16.0 19.5 22.8 17.0 16.2 15.5 14.8 
15.5 17.0 21.0 22.2 19.0 15.8 15.8 15.5 
15.8 16.0 16.8 19.8 20.0 16.5 15.8 15.8 
15.8 15.8 16.0 16.2 17.0 16.0 16.2 15.5 
15.5 15.8 15.5 15.8 16.0 16.0 16.0 15.5 
15.5 15.2 15.8 16.0 16.5 16.0 15.5 15.2 
15.2 15.8 15.5 15.2 15.8 16.2 15.5 16.0 


# DIFF
#  1  2  2  2  2  2  1  0
#  1  1  5  8  2  2  1  0
#  1  2  6  8  4  1  1  1
#  1  1  2  5  5  2  1  1
#  1  1  1  2  2  1  2  1
#  1  1  1  1  1  1  1  1
#  1  0  1  1  2  1  1  0
#  0  1  1  0  1  2  1  1
