# TS_TEXT=2019-08-27-14:11:44
# TS_SECS=1566911504.80
# HOST=starboard-node
# PERCENTILE_10=15.8
# PERCENTILE_90=18.7
# MIN_PIXEL=15.0
# MEDIAN_PIXEL=16.2
# MAX_PIXEL=23.5

# IMAGE
16.0 16.8 17.0 18.0 16.8 16.8 16.2 15.0 
15.2 16.5 20.0 23.5 18.0 17.0 16.2 15.2 
15.8 17.0 20.8 22.2 19.2 15.8 16.0 16.0 
15.8 16.0 17.2 21.0 19.0 16.8 15.8 16.2 
16.0 16.2 16.5 17.5 16.5 16.5 16.0 15.8 
15.8 15.5 16.5 16.2 16.5 16.5 16.8 16.0 
16.2 16.2 16.2 16.8 16.8 16.0 16.2 15.8 
15.8 16.5 16.0 15.5 16.0 16.2 16.2 15.5 


# DIFF
#  1  2  2  3  2  2  1  0
#  0  2  5  8  3  2  1  0
#  1  2  6  7  4  1  1  1
#  1  1  2  6  4  2  1  1
#  1  1  2  2  2  2  1  1
#  1  0  2  1  2  2  2  1
#  1  1  1  2  2  1  1  1
#  1  2  1  0  1  1  1  0
