# TS_TEXT=2019-08-27-14:11:32
# TS_SECS=1566911492.75
# HOST=starboard-node
# PERCENTILE_10=15.8
# PERCENTILE_90=18.9
# MIN_PIXEL=15.0
# MEDIAN_PIXEL=16.5
# MAX_PIXEL=24.0

# IMAGE
15.5 16.5 16.0 17.2 16.8 16.8 16.0 15.0 
16.0 16.2 18.8 20.5 19.5 16.5 16.2 15.8 
16.2 16.5 20.0 24.0 20.2 16.5 16.0 15.8 
16.2 16.5 17.2 22.0 19.0 17.5 16.8 16.8 
16.2 16.2 16.5 17.2 17.0 16.8 16.5 15.8 
16.0 16.5 16.5 16.5 16.5 17.0 16.5 16.2 
16.0 16.0 16.5 16.8 16.5 16.5 16.2 15.8 
15.8 16.2 16.2 16.5 16.5 17.0 16.5 16.8 


# DIFF
#  0  2  1  2  2  2  1  0
#  1  1  4  6  4  2  1  1
#  1  2  5  9  5  2  1  1
#  1  2  2  7  4  2  2  2
#  1  1  2  2  2  2  2  1
#  1  2  2  2  2  2  2  1
#  1  1  2  2  2  2  1  1
#  1  1  1  2  2  2  2  2
