# TS_TEXT=2019-08-27-14:11:03
# TS_SECS=1566911463.63
# HOST=starboard-node
# PERCENTILE_10=14.8
# PERCENTILE_90=17.8
# MIN_PIXEL=14.0
# MEDIAN_PIXEL=15.0
# MAX_PIXEL=22.2

# IMAGE
15.0 15.5 15.8 16.8 15.8 15.0 14.5 14.0 
15.2 15.0 18.2 22.2 16.8 15.8 14.8 14.2 
15.0 15.2 20.0 22.0 18.2 15.2 15.0 14.8 
15.5 15.0 16.8 20.2 18.2 15.8 15.0 15.0 
15.2 14.8 15.2 15.8 15.0 15.0 15.2 15.0 
15.2 15.0 15.5 15.0 14.8 15.0 15.0 15.5 
15.2 14.5 15.0 15.5 15.0 15.2 15.2 14.8 
15.0 14.5 14.8 14.8 14.8 14.8 15.2 14.8 


# DIFF
#  1  2  2  3  2  1  0  0
#  1  1  4  8  3  2  1  0
#  1  1  6  8  4  1  1  1
#  2  1  3  6  4  2  1  1
#  1  1  1  2  1  1  1  1
#  1  1  2  1  1  1  1  2
#  1  0  1  2  1  1  1  1
#  1  0  1  1  1  1  1  1
