# TS_TEXT=2019-08-27-14:10:54
# TS_SECS=1566911454.60
# HOST=starboard-node
# PERCENTILE_10=15.5
# PERCENTILE_90=18.6
# MIN_PIXEL=14.8
# MEDIAN_PIXEL=16.0
# MAX_PIXEL=23.2

# IMAGE
15.8 16.2 16.8 17.5 16.8 16.0 15.5 14.8 
15.5 16.0 19.5 23.2 16.8 16.5 16.2 15.2 
15.8 16.5 20.8 22.2 19.0 16.0 16.0 15.8 
15.5 16.0 17.5 19.8 19.0 16.5 16.2 15.8 
15.2 15.5 16.0 16.2 16.0 16.0 16.5 15.2 
15.8 15.5 16.0 15.8 16.2 16.2 15.8 16.0 
15.5 15.8 15.8 16.0 16.0 15.8 15.8 15.0 
15.5 15.8 16.0 16.0 16.0 16.0 16.2 15.8 


# DIFF
#  1  2  2  3  2  1  1  0
#  1  1  5  8  2  2  2  0
#  1  2  6  8  4  1  1  1
#  1  1  3  5  4  2  2  1
#  0  1  1  2  1  1  2  0
#  1  1  1  1  2  2  1  1
#  1  1  1  1  1  1  1  0
#  1  1  1  1  1  1  2  1
