# TS_TEXT=2019-08-18-23:12:04
# TS_SECS=1566166324.24
# HOST=centre-node
# PERCENTILE_10=13.2
# PERCENTILE_90=15.4
# MIN_PIXEL=13.0
# MEDIAN_PIXEL=13.8
# MAX_PIXEL=17.2

# IMAGE
13.2 13.2 13.5 13.8 13.0 13.2 13.5 13.8 
13.5 13.5 13.5 13.8 13.2 13.5 13.0 13.2 
13.5 13.5 13.8 13.0 14.0 13.5 13.5 13.5 
14.2 14.0 14.0 13.8 13.8 13.2 13.5 14.0 
13.8 14.0 14.5 13.8 13.8 13.8 13.8 14.2 
15.2 16.2 15.5 14.2 14.0 13.5 14.0 14.0 
16.8 17.2 17.2 14.2 13.8 13.5 13.8 14.0 
15.8 17.0 15.2 14.0 14.2 14.0 14.5 13.8 


# DIFF
#  0  0  0  1  0  0  0  1
#  0  0  0  1  0  0  0  0
#  0  0  1  0  1  0  0  0
#  1  1  1  1  1  0  0  1
#  1  1  2  1  1  1  1  1
#  2  3  2  1  1  0  1  1
#  4  4  4  1  1  0  1  1
#  3  4  2  1  1  1  2  1
