# TS_TEXT=2019-08-25-11:30:48
# TS_SECS=1566729048.39
# HOST=centre-node
# PERCENTILE_10=14.0
# PERCENTILE_90=17.2
# MIN_PIXEL=13.5
# MEDIAN_PIXEL=14.5
# MAX_PIXEL=21.0

# IMAGE
14.0 13.8 14.0 14.2 14.0 14.0 14.2 13.5 
13.8 13.8 14.0 14.5 14.2 14.2 14.0 13.5 
14.0 14.2 15.0 15.0 15.0 14.5 14.2 13.5 
15.0 15.2 16.2 17.8 16.8 14.5 14.5 14.2 
15.0 15.8 18.8 17.2 16.5 14.2 14.5 14.0 
17.0 19.0 16.5 15.5 14.8 14.5 14.2 14.2 
21.0 17.5 15.2 14.8 14.5 14.2 15.0 14.0 
18.5 15.5 15.0 15.0 15.0 15.0 15.0 14.0 


# DIFF
#  0  0  0  1  0  0  1  0
#  0  0  0  1  1  1  0  0
#  0  1  2  2  2  1  1  0
#  2  2  3  4  3  1  1  1
#  2  2  5  4  3  1  1  0
#  4  6  3  2  1  1  1  1
#  8  4  2  1  1  1  2  0
#  5  2  2  2  2  2  2  0
