# TS_TEXT=2019-08-25-11:29:51
# TS_SECS=1566728991.80
# HOST=centre-node
# PERCENTILE_10=15.0
# PERCENTILE_90=16.7
# MIN_PIXEL=14.5
# MEDIAN_PIXEL=15.5
# MAX_PIXEL=19.8

# IMAGE
15.0 15.2 15.0 15.2 14.5 15.5 15.0 15.2 
15.0 15.2 14.8 15.5 15.2 15.2 14.8 15.0 
14.5 15.0 15.2 15.2 15.5 15.8 15.5 14.5 
15.2 16.0 15.5 15.5 16.0 16.0 15.2 15.0 
14.8 15.5 16.0 19.0 19.5 16.5 15.0 15.8 
15.8 15.8 17.0 19.8 19.2 16.5 15.8 15.2 
15.8 15.2 16.8 17.2 16.5 15.5 15.5 15.5 
15.5 15.8 16.0 15.8 16.2 15.8 15.2 15.5 


# DIFF
#  0  1  0  1  0  1  0  1
#  0  1  0  1  1  1  0  0
#  0  0  1  1  1  1  1  0
#  1  2  1  1  2  2  1  0
#  0  1  2  4  5  2  0  1
#  1  1  2  5  5  2  1  1
#  1  1  2  3  2  1  1  1
#  1  1  2  1  2  1  1  1
