# TS_TEXT=2019-08-25-11:30:01
# TS_SECS=1566729001.91
# HOST=centre-node
# PERCENTILE_10=15.0
# PERCENTILE_90=16.9
# MIN_PIXEL=15.0
# MEDIAN_PIXEL=15.8
# MAX_PIXEL=20.2

# IMAGE
15.2 15.8 15.2 15.2 15.0 15.5 15.0 15.0 
15.2 15.2 15.8 15.8 15.0 15.2 15.8 15.0 
15.0 15.0 15.8 15.8 16.0 15.0 15.2 15.0 
15.2 16.0 16.0 15.8 16.5 15.8 15.8 15.5 
15.0 16.0 16.5 18.5 19.5 16.2 15.5 15.8 
15.5 15.8 17.0 20.2 19.8 16.8 16.2 15.8 
16.0 15.5 16.0 17.5 17.0 15.5 15.8 15.5 
15.2 16.5 16.0 16.8 16.2 16.2 15.8 15.0 


# DIFF
#  0  1  0  0  0  0  0  0
#  0  0  1  1  0  0  1  0
#  0  0  1  1  1  0  0  0
#  0  1  1  1  2  1  1  0
#  0  1  2  4  4  1  0  1
#  0  1  2  5  5  2  1  1
#  1  0  1  2  2  0  1  0
#  0  2  1  2  1  1  1  0
