# TS_TEXT=2019-08-25-13:37:44
# TS_SECS=1566736664.63
# HOST=aft-node
# PERCENTILE_10=15.1
# PERCENTILE_90=16.0
# MIN_PIXEL=14.0
# MEDIAN_PIXEL=15.5
# MAX_PIXEL=16.5

# IMAGE
15.5 16.0 15.5 15.8 16.2 15.5 14.2 15.5 
15.2 15.8 16.0 16.5 15.2 15.5 15.2 15.5 
15.5 15.8 15.8 15.8 16.0 15.8 15.2 15.2 
15.5 16.0 15.5 16.0 16.0 16.0 15.5 15.0 
16.0 15.8 15.8 15.5 16.2 16.0 15.5 15.2 
16.0 15.2 15.8 15.5 16.0 15.2 15.5 14.0 
15.8 15.5 15.8 15.2 15.5 15.8 15.2 15.0 
15.5 15.5 15.8 15.0 15.8 15.2 15.0 15.0 


# DIFF
#  2  2  2  2  2  2  0  2
#  1  2  2  2  1  2  1  2
#  2  2  2  2  2  2  1  1
#  2  2  2  2  2  2  2  1
#  2  2  2  2  2  2  2  1
#  2  1  2  2  2  1  2  0
#  2  2  2  1  2  2  1  1
#  2  2  2  1  2  1  1  1
