# TS_TEXT=2019-08-18-21:52:05
# TS_SECS=1566161525.96
# HOST=centre-node
# PERCENTILE_10=12.3
# PERCENTILE_90=15.9
# MIN_PIXEL=12.0
# MEDIAN_PIXEL=13.2
# MAX_PIXEL=18.8

# IMAGE
12.5 12.8 12.2 13.0 12.8 13.0 12.2 12.5 
12.0 12.2 12.8 13.0 12.5 12.8 12.2 12.2 
12.8 12.5 13.2 13.0 13.2 13.0 12.8 12.2 
13.0 12.8 13.5 13.5 15.0 13.5 13.5 13.0 
12.5 13.5 14.0 16.8 17.2 15.5 13.2 13.8 
13.5 13.5 15.0 17.5 18.8 16.2 13.8 13.2 
13.2 13.2 14.0 16.0 18.0 15.0 13.5 13.5 
12.5 13.8 13.8 14.2 14.2 14.5 14.2 13.8 


# DIFF
#  0  1  0  1  1  1  0  0
#  0  0  1  1  0  1  0  0
#  1  0  1  1  1  1  1  0
#  1  1  2  2  3  2  2  1
#  0  2  2  5  5  4  1  2
#  2  2  3  6  7  4  2  1
#  1  1  2  4  6  3  2  2
#  0  2  2  2  2  2  2  2
