# TS_TEXT=2019-08-25-12:35:56
# TS_SECS=1566732956.74
# HOST=centre-node
# PERCENTILE_10=15.5
# PERCENTILE_90=18.3
# MIN_PIXEL=14.8
# MEDIAN_PIXEL=16.0
# MAX_PIXEL=21.0

# IMAGE
15.5 15.5 15.0 16.0 15.8 15.8 15.8 15.5 
15.2 15.5 15.5 16.8 15.5 16.2 15.2 15.0 
14.8 15.5 16.5 17.8 20.2 17.5 16.0 15.2 
15.8 16.8 18.5 20.8 21.0 18.8 16.2 15.8 
15.5 16.0 17.2 18.5 18.5 16.5 15.8 16.2 
15.5 16.0 16.5 16.5 16.2 16.0 16.2 15.8 
16.2 15.8 15.8 16.8 16.2 15.5 16.0 16.0 
16.2 16.5 16.2 16.0 15.5 16.2 15.5 15.5 


# DIFF
#  1  1  0  1  1  1  1  1
#  0  1  1  2  1  2  0  0
#  0  1  2  3  6  3  1  0
#  1  2  4  6  6  4  2  1
#  1  1  2  4  4  2  1  2
#  1  1  2  2  2  1  2  1
#  2  1  1  2  2  1  1  1
#  2  2  2  1  1  2  1  1
