# TS_TEXT=2019-08-27-14:11:40
# TS_SECS=1566911500.63
# HOST=centre-node
# PERCENTILE_10=15.2
# PERCENTILE_90=18.6
# MIN_PIXEL=15.0
# MEDIAN_PIXEL=16.0
# MAX_PIXEL=23.0

# IMAGE
16.0 15.0 15.5 16.0 15.0 15.5 15.0 15.2 
15.5 16.0 15.5 16.2 15.8 15.8 15.2 15.5 
15.8 15.5 16.2 15.5 16.2 15.8 15.8 15.0 
16.2 16.8 17.2 17.5 17.0 16.2 16.0 15.2 
16.5 21.5 22.5 22.0 18.2 16.0 15.8 15.5 
17.2 23.0 23.0 20.0 16.5 16.2 16.5 15.5 
17.2 17.5 18.8 16.8 16.5 16.0 15.8 15.2 
15.8 17.2 17.0 16.2 16.5 16.0 16.0 15.5 


# DIFF
#  1  0  0  1  0  0  0  0
#  0  1  0  1  1  1  0  0
#  1  0  1  0  1  1  1  0
#  1  2  2  2  2  1  1  0
#  2  6  8  7  3  1  1  0
#  2  8  8  5  2  1  2  0
#  2  2  4  2  2  1  1  0
#  1  2  2  1  2  1  1  0
