# TS_TEXT=2019-08-27-14:11:39
# TS_SECS=1566911499.63
# HOST=centre-node
# PERCENTILE_10=15.5
# PERCENTILE_90=19.2
# MIN_PIXEL=14.5
# MEDIAN_PIXEL=16.0
# MAX_PIXEL=23.0

# IMAGE
16.2 16.0 15.8 15.5 15.5 15.5 15.0 15.8 
15.2 15.2 15.8 16.2 15.8 15.5 15.0 15.0 
16.0 16.0 16.5 16.0 16.0 16.0 15.5 14.5 
16.2 16.5 17.5 18.0 16.5 15.8 16.0 15.5 
16.8 21.0 22.8 22.0 18.5 16.0 15.5 15.5 
17.8 23.0 23.0 19.8 17.0 16.0 16.2 16.0 
17.2 17.8 19.5 17.2 16.2 15.8 15.5 15.8 
16.0 16.8 17.0 16.5 15.8 16.0 16.0 15.8 


# DIFF
#  2  2  1  1  1  1  0  1
#  1  1  1  2  1  1  0  0
#  2  2  2  2  2  2  1  0
#  2  2  3  4  2  1  2  1
#  2  6  8  8  4  2  1  1
#  3  8  8  5  2  2  2  2
#  3  3  5  3  2  1  1  1
#  2  2  2  2  1  2  2  1
