# TS_TEXT=2019-08-27-14:09:46
# TS_SECS=1566911386.17
# HOST=centre-node
# PERCENTILE_10=15.2
# PERCENTILE_90=18.8
# MIN_PIXEL=14.5
# MEDIAN_PIXEL=15.8
# MAX_PIXEL=23.0

# IMAGE
14.8 15.8 15.5 15.5 15.5 15.0 15.2 14.5 
15.2 15.5 15.5 15.8 15.2 16.0 15.0 15.0 
15.2 15.8 16.5 15.5 15.8 15.5 15.5 14.8 
16.8 16.2 17.2 18.8 16.5 15.8 15.2 15.2 
16.8 20.8 22.5 21.2 17.2 15.5 15.8 15.5 
17.0 23.0 22.8 19.2 16.2 15.8 16.0 15.2 
17.2 17.8 18.8 16.8 16.2 15.8 15.8 15.5 
15.8 16.5 16.5 16.2 15.8 15.8 16.0 15.8 


# DIFF
#  0  1  1  1  1  0  1  0
#  1  1  1  1  1  2  0  0
#  1  1  2  1  1  1  1  0
#  2  2  3  4  2  1  1  1
#  2  6  8  7  3  1  1  1
#  2  8  8  5  2  1  2  1
#  3  3  4  2  2  1  1  1
#  1  2  2  2  1  1  2  1
