# TS_TEXT=2019-08-27-14:11:37
# TS_SECS=1566911497.62
# HOST=centre-node
# PERCENTILE_10=15.2
# PERCENTILE_90=18.6
# MIN_PIXEL=14.8
# MEDIAN_PIXEL=15.8
# MAX_PIXEL=23.0

# IMAGE
15.2 15.5 15.2 15.5 15.2 15.2 15.2 15.0 
15.2 15.2 15.8 16.0 15.5 15.5 15.2 14.8 
15.8 16.0 15.8 16.2 16.0 15.8 15.5 15.0 
15.8 17.2 17.2 17.5 16.0 15.2 15.5 14.8 
16.5 21.0 22.5 22.0 18.2 16.0 16.0 16.0 
17.0 22.8 23.0 19.5 16.5 15.8 15.8 15.5 
17.2 17.5 18.8 16.8 16.0 15.8 15.8 15.2 
15.5 16.8 17.5 16.2 16.0 15.8 15.8 15.8 


# DIFF
#  0  1  0  1  0  0  0  0
#  0  0  1  1  1  1  0  0
#  1  1  1  2  1  1  1  0
#  1  2  2  3  1  0  1  0
#  2  6  8  7  4  1  1  1
#  2  8  8  5  2  1  1  1
#  2  3  4  2  1  1  1  0
#  1  2  3  2  1  1  1  1
