# TS_TEXT=2019-08-27-14:11:44
# TS_SECS=1566911504.64
# HOST=centre-node
# PERCENTILE_10=15.2
# PERCENTILE_90=18.3
# MIN_PIXEL=14.8
# MEDIAN_PIXEL=15.8
# MAX_PIXEL=23.0

# IMAGE
15.2 15.0 15.2 15.2 15.2 15.2 15.5 14.8 
15.5 15.2 15.2 16.0 15.2 16.2 15.0 15.0 
15.8 15.2 15.8 15.8 16.2 15.2 15.5 14.8 
15.8 16.8 17.0 17.2 16.5 15.8 15.8 15.5 
16.2 20.8 22.5 22.2 17.8 16.2 15.5 15.8 
17.2 23.0 22.8 19.5 16.5 15.8 16.0 15.5 
16.5 17.0 18.5 16.5 15.8 15.5 15.5 15.5 
15.8 16.2 16.2 15.8 15.8 16.0 15.5 15.8 


# DIFF
#  0  0  0  0  0  0  1  0
#  1  0  0  1  0  2  0  0
#  1  0  1  1  2  0  1  0
#  1  2  2  2  2  1  1  1
#  2  6  8  8  3  2  1  1
#  2  8  8  5  2  1  1  1
#  2  2  4  2  1  1  1  1
#  1  2  2  1  1  1  1  1
