# TS_TEXT=2019-08-27-14:10:35
# TS_SECS=1566911435.38
# HOST=centre-node
# PERCENTILE_10=15.1
# PERCENTILE_90=18.5
# MIN_PIXEL=14.8
# MEDIAN_PIXEL=15.8
# MAX_PIXEL=23.0

# IMAGE
16.0 14.8 15.5 15.2 15.2 15.8 15.2 15.8 
15.8 15.5 15.5 16.0 15.5 15.5 15.5 15.0 
15.5 15.5 16.0 16.2 16.0 15.5 15.0 15.0 
16.8 16.0 17.0 17.8 16.2 15.5 15.0 15.0 
16.2 20.0 22.8 21.5 17.5 15.8 15.8 15.2 
16.8 22.2 23.0 19.8 16.8 15.5 15.8 15.8 
16.8 17.0 18.8 17.0 16.5 16.2 15.8 15.0 
15.8 16.5 16.8 16.0 16.0 15.8 15.2 15.5 


# DIFF
#  1  0  1  0  0  1  0  1
#  1  1  1  1  1  1  1  0
#  1  1  1  2  1  1  0  0
#  2  1  2  3  2  1  0  0
#  2  5  8  7  3  1  1  0
#  2  8  8  5  2  1  1  1
#  2  2  4  2  2  2  1  0
#  1  2  2  1  1  1  0  1
