# TS_TEXT=2019-08-18-21:52:27
# TS_SECS=1566161547.69
# HOST=aft-node
# PERCENTILE_10=14.2
# PERCENTILE_90=15.7
# MIN_PIXEL=0.0
# MEDIAN_PIXEL=14.8
# MAX_PIXEL=19.5

# IMAGE
14.2 15.0 14.2 14.8 16.5 16.0 15.0 14.2 
15.0 14.5 14.8 14.5 16.0 19.5 17.0 15.0 
14.5 14.8 14.5 15.0 15.0 15.5 15.8 14.5 
15.0 15.0 15.0 14.8 14.8 14.5 14.8 14.8 
14.8 14.5 14.8 14.5 15.0 14.2 15.0 14.5 
15.2 14.2 14.5 14.5 14.8 15.0 14.5 14.5 
15.2 15.0 15.2 15.2 14.8 15.2 14.8 14.8 
0.0 14.0 14.2 14.2 14.8 15.8 15.0 15.2 


# DIFF
# 14 15 14 15 16 16 15 14
# 15 14 15 14 16 20 17 15
# 14 15 14 15 15 16 16 14
# 15 15 15 15 15 14 15 15
# 15 14 15 14 15 14 15 14
# 15 14 14 14 15 15 14 14
# 15 15 15 15 15 15 15 15
#  0 14 14 14 15 16 15 15
