# TS_TEXT=2019-08-18-21:52:29
# TS_SECS=1566161549.70
# HOST=aft-node
# PERCENTILE_10=14.2
# PERCENTILE_90=16.9
# MIN_PIXEL=13.8
# MEDIAN_PIXEL=15.0
# MAX_PIXEL=20.0

# IMAGE
16.2 18.5 16.2 15.0 15.5 15.5 15.0 14.2 
15.2 16.2 15.2 14.5 16.5 20.0 17.2 14.8 
14.8 14.5 14.8 14.5 16.0 18.2 16.2 15.0 
15.2 14.8 14.5 13.8 15.0 15.0 15.2 14.5 
14.2 15.2 14.2 14.2 14.5 14.2 14.8 14.5 
15.0 14.8 15.0 15.0 14.8 14.2 14.5 13.8 
15.0 15.8 16.0 15.0 14.2 15.2 14.2 14.2 
15.2 17.0 19.8 17.2 14.8 14.8 15.0 15.0 


# DIFF
#  2  5  2  1  2  2  1  0
#  2  2  2  1  3  6  4  1
#  1  1  1  1  2  4  2  1
#  2  1  1  0  1  1  2  1
#  0  2  0  0  1  0  1  1
#  1  1  1  1  1  0  1  0
#  1  2  2  1  0  2  0  0
#  2  3  6  4  1  1  1  1
