# TS_TEXT=2019-08-18-22:07:54
# TS_SECS=1566162474.80
# HOST=starboard-node
# PERCENTILE_10=13.8
# PERCENTILE_90=16.3
# MIN_PIXEL=13.2
# MEDIAN_PIXEL=14.2
# MAX_PIXEL=19.0

# IMAGE
14.0 14.5 13.5 14.0 14.2 14.0 13.8 13.2 
14.2 13.2 14.8 14.0 13.8 14.2 13.8 13.5 
14.2 14.5 14.5 14.5 14.2 14.0 14.0 14.2 
15.0 14.2 14.5 14.5 14.5 14.2 14.0 14.2 
15.5 17.2 17.8 15.0 14.0 14.0 14.5 14.0 
16.5 19.0 18.5 15.2 14.5 14.0 14.2 14.2 
15.8 17.5 17.8 14.8 14.0 14.0 14.2 14.5 
15.2 15.5 15.2 14.2 14.0 14.2 14.0 13.8 


# DIFF
#  1  1  0  1  1  1  0  0
#  1  0  2  1  0  1  0  0
#  1  1  1  1  1  1  1  1
#  2  1  1  1  1  1  1  1
#  2  4  4  2  1  1  1  1
#  3  6  5  2  1  1  1  1
#  2  4  4  2  1  1  1  1
#  2  2  2  1  1  1  1  0
