# TS_TEXT=2019-08-18-22:08:08
# TS_SECS=1566162488.81
# HOST=starboard-node
# PERCENTILE_10=14.5
# PERCENTILE_90=17.0
# MIN_PIXEL=14.0
# MEDIAN_PIXEL=15.0
# MAX_PIXEL=19.0

# IMAGE
14.2 14.8 14.8 15.0 15.2 15.2 14.5 14.8 
14.8 14.0 15.0 14.8 15.0 15.2 15.2 14.8 
14.8 15.0 15.0 15.0 15.0 14.5 14.5 14.5 
15.2 15.2 15.8 15.2 15.2 15.0 14.5 14.5 
16.2 18.2 18.8 15.5 15.0 15.2 15.2 14.8 
17.2 18.2 18.8 15.8 15.0 15.0 15.0 15.0 
16.2 18.5 19.0 15.2 14.8 14.2 14.2 14.2 
16.0 16.5 16.2 14.8 15.0 15.5 15.0 15.2 


# DIFF
#  0  1  1  1  1  1  0  1
#  1  0  1  1  1  1  1  1
#  1  1  1  1  1  0  0  0
#  1  1  2  1  1  1  0  0
#  2  4  5  2  1  1  1  1
#  3  4  5  2  1  1  1  1
#  2  4  5  1  1  0  0  0
#  2  2  2  1  1  2  1  1
