# TS_TEXT=2019-08-25-12:40:17
# TS_SECS=1566733217.73
# HOST=port-node
# PERCENTILE_10=15.0
# PERCENTILE_90=17.6
# MIN_PIXEL=14.2
# MEDIAN_PIXEL=15.5
# MAX_PIXEL=19.8

# IMAGE
15.2 15.2 15.0 15.0 15.5 15.5 14.5 15.0 
16.2 15.2 16.0 15.5 15.8 15.0 15.2 15.5 
14.5 15.0 15.8 15.0 15.5 16.0 18.0 19.0 
14.2 15.5 15.5 15.8 15.5 16.5 19.0 19.5 
15.2 15.8 15.8 15.5 16.0 15.8 16.5 18.2 
17.2 16.8 15.8 15.8 15.5 15.5 15.5 15.8 
19.8 15.5 15.5 16.0 15.8 15.5 15.5 16.2 
17.8 15.0 15.5 15.5 15.5 15.5 15.5 16.2 


# DIFF
#  1  1  1  1  1  1  0  1
#  2  1  2  1  2  1  1  1
#  0  1  2  1  1  2  4  5
#  0  1  1  2  1  2  5  5
#  1  2  2  1  2  2  2  4
#  3  2  2  2  1  1  1  2
#  6  1  1  2  2  1  1  2
#  4  1  1  1  1  1  1  2
