# TS_TEXT=2019-08-25-12:40:39
# TS_SECS=1566733239.90
# HOST=port-node
# PERCENTILE_10=15.0
# PERCENTILE_90=17.8
# MIN_PIXEL=14.8
# MEDIAN_PIXEL=15.8
# MAX_PIXEL=19.8

# IMAGE
14.8 15.0 14.8 14.8 15.2 14.8 14.8 15.2 
15.8 15.5 15.2 15.8 15.5 15.2 15.0 15.8 
15.0 15.5 15.8 15.8 15.8 15.8 17.8 18.8 
15.0 15.5 16.0 15.8 15.8 16.2 19.0 19.8 
15.8 15.8 16.0 15.5 15.8 16.0 16.8 17.8 
19.0 18.0 15.2 15.5 15.8 15.2 16.0 16.0 
19.5 16.0 15.2 15.8 15.5 15.8 15.5 15.8 
17.8 15.2 15.5 15.2 16.0 15.2 15.0 15.5 


# DIFF
#  0  0  0  0  0  0  0  0
#  1  1  0  1  1  0  0  1
#  0  1  1  1  1  1  3  4
#  0  1  1  1  1  2  4  5
#  1  1  1  1  1  1  2  3
#  4  3  0  1  1  0  1  1
#  5  1  0  1  1  1  1  1
#  3  0  1  0  1  0  0  1
