# TS_TEXT=2019-08-25-12:40:58
# TS_SECS=1566733258.02
# HOST=port-node
# PERCENTILE_10=14.6
# PERCENTILE_90=16.1
# MIN_PIXEL=14.0
# MEDIAN_PIXEL=15.2
# MAX_PIXEL=18.8

# IMAGE
14.8 14.8 15.0 14.5 14.5 15.5 14.8 14.0 
15.0 15.5 15.2 15.0 15.2 15.0 14.8 15.2 
14.8 15.5 15.0 14.8 15.2 15.8 18.2 16.5 
14.0 15.8 15.5 15.5 15.2 15.2 18.8 18.8 
15.2 15.2 15.5 15.0 15.2 15.8 15.8 18.0 
17.2 15.8 15.8 15.5 15.0 14.8 15.8 14.8 
16.2 14.5 14.8 15.2 15.0 15.8 15.0 14.8 
14.5 15.0 15.5 15.0 15.0 14.5 15.0 14.8 


# DIFF
#  1  1  1  0  0  2  1  0
#  1  2  1  1  1  1  1  1
#  1  2  1  1  1  2  4  2
#  0  2  2  2  1  1  5  5
#  1  1  2  1  1  2  2  4
#  3  2  2  2  1  1  2  1
#  2  0  1  1  1  2  1  1
#  0  1  2  1  1  0  1  1
