# TS_TEXT=2019-08-25-12:40:07
# TS_SECS=1566733207.66
# HOST=port-node
# PERCENTILE_10=14.8
# PERCENTILE_90=16.4
# MIN_PIXEL=14.0
# MEDIAN_PIXEL=15.2
# MAX_PIXEL=19.2

# IMAGE
14.2 15.0 14.8 14.8 15.5 15.0 15.0 15.0 
15.5 15.0 15.2 15.2 15.5 15.0 14.8 15.8 
14.5 15.5 15.0 15.5 15.5 15.2 16.5 18.5 
14.0 15.0 15.2 15.2 15.2 15.8 18.2 19.2 
15.0 15.2 15.2 15.2 15.2 16.0 15.5 17.5 
16.8 16.2 15.5 14.8 15.0 15.0 15.2 15.0 
18.0 15.5 14.8 15.5 14.8 15.5 15.5 16.0 
16.2 15.5 14.5 15.0 15.5 15.0 15.2 15.5 


# DIFF
#  0  1  1  1  2  1  1  1
#  2  1  1  1  2  1  1  2
#  0  2  1  2  2  1  2  4
#  0  1  1  1  1  2  4  5
#  1  1  1  1  1  2  2  4
#  3  2  2  1  1  1  1  1
#  4  2  1  2  1  2  2  2
#  2  2  0  1  2  1  1  2
