# TS_TEXT=2019-08-18-21:45:06
# TS_SECS=1566161106.87
# HOST=fore-node
# PERCENTILE_10=13.8
# PERCENTILE_90=16.2
# MIN_PIXEL=0.0
# MEDIAN_PIXEL=14.8
# MAX_PIXEL=19.0

# IMAGE
14.2 14.5 14.5 14.5 14.0 13.8 14.5 14.8 
14.2 14.5 14.2 14.8 14.5 14.5 14.5 14.0 
13.8 14.5 14.5 14.0 14.5 13.8 14.8 15.0 
14.5 14.5 14.5 14.8 15.0 14.8 14.2 13.8 
15.2 14.8 15.8 15.8 16.8 16.0 15.8 15.2 
15.0 15.0 16.5 19.0 19.0 17.5 15.8 15.0 
16.2 15.2 15.0 16.0 15.8 16.2 15.0 15.0 
0.0 14.0 13.8 14.2 13.8 13.8 14.8 14.8 


# DIFF
# 14 14 14 14 14 14 14 15
# 14 14 14 15 14 14 14 14
# 14 14 14 14 14 14 15 15
# 14 14 14 15 15 15 14 14
# 15 15 16 16 17 16 16 15
# 15 15 16 19 19 18 16 15
# 16 15 15 16 16 16 15 15
#  0 14 14 14 14 14 15 15
