# TS_TEXT=2019-08-18-22:45:50
# TS_SECS=1566164750.07
# HOST=centre-node
# PERCENTILE_10=12.8
# PERCENTILE_90=15.4
# MIN_PIXEL=12.0
# MEDIAN_PIXEL=13.5
# MAX_PIXEL=19.0

# IMAGE
13.8 13.0 13.2 13.0 13.5 12.8 12.8 13.2 
12.5 13.5 13.5 14.0 13.5 13.5 12.5 12.0 
13.0 12.5 13.8 13.5 13.8 13.2 13.0 12.8 
14.0 14.5 16.0 17.2 14.5 13.0 13.0 12.8 
13.8 17.5 19.0 18.0 14.5 13.0 13.2 13.0 
13.8 15.5 17.0 15.2 14.0 13.2 13.2 13.5 
14.2 14.0 14.2 14.0 13.5 13.0 13.5 13.8 
13.0 13.5 14.2 14.2 13.8 13.5 14.0 13.2 


# DIFF
#  2  1  1  1  2  1  1  1
#  0  2  2  2  2  2  0  0
#  1  0  2  2  2  1  1  1
#  2  2  4  5  2  1  1  1
#  2  6  7  6  2  1  1  1
#  2  4  5  3  2  1  1  2
#  2  2  2  2  2  1  2  2
#  1  2  2  2  2  2  2  1
