# TS_TEXT=2019-08-18-22:45:45
# TS_SECS=1566164745.06
# HOST=centre-node
# PERCENTILE_10=13.0
# PERCENTILE_90=14.8
# MIN_PIXEL=12.8
# MEDIAN_PIXEL=13.8
# MAX_PIXEL=19.2

# IMAGE
13.8 13.5 13.2 13.0 13.2 13.2 13.5 13.2 
13.0 12.8 13.0 13.0 13.5 13.8 13.0 12.8 
13.2 13.2 13.8 14.0 14.0 13.2 13.5 13.0 
13.8 14.0 14.8 17.5 14.8 13.5 13.8 13.2 
13.8 14.2 17.5 18.8 15.2 13.8 13.2 13.8 
13.8 14.5 17.8 19.2 14.8 13.5 13.8 13.0 
14.2 13.8 14.2 14.8 14.0 14.0 13.5 13.8 
13.5 14.5 14.2 13.8 13.5 13.8 14.2 13.2 


# DIFF
#  1  1  0  0  0  0  1  0
#  0  0  0  0  1  1  0  0
#  0  0  1  1  1  0  1  0
#  1  1  2  5  2  1  1  0
#  1  2  5  6  2  1  0  1
#  1  2  5  6  2  1  1  0
#  2  1  2  2  1  1  1  1
#  1  2  2  1  1  1  2  0
