# TS_TEXT=2019-08-18-22:46:02
# TS_SECS=1566164762.09
# HOST=centre-node
# PERCENTILE_10=12.8
# PERCENTILE_90=15.5
# MIN_PIXEL=12.5
# MEDIAN_PIXEL=13.5
# MAX_PIXEL=19.8

# IMAGE
13.0 12.8 13.5 13.5 12.5 13.5 13.0 12.8 
13.0 13.0 12.8 14.0 13.2 13.5 12.8 12.8 
13.0 13.0 13.8 15.0 15.8 13.8 13.0 12.8 
13.8 14.0 17.0 19.8 19.0 13.5 13.2 13.0 
13.2 13.8 15.8 17.5 16.2 13.8 12.8 13.0 
13.8 13.5 14.0 14.0 13.5 13.5 13.2 13.0 
14.0 13.8 13.2 13.8 13.8 13.5 13.0 13.2 
13.0 12.8 13.8 14.0 13.5 13.0 13.5 13.5 


# DIFF
#  0  0  1  1  0  1  0  0
#  0  0  0  2  1  1  0  0
#  0  0  1  2  3  1  0  0
#  1  2  4  7  6  1  1  0
#  1  1  3  5  4  1  0  0
#  1  1  2  2  1  1  1  0
#  2  1  1  1  1  1  0  1
#  0  0  1  2  1  0  1  1
