# TS_TEXT=2019-08-25-16:27:42
# TS_SECS=1566746862.82
# HOST=centre-node
# PERCENTILE_10=15.0
# PERCENTILE_90=16.5
# MIN_PIXEL=14.8
# MEDIAN_PIXEL=15.8
# MAX_PIXEL=24.2

# IMAGE
16.0 14.8 15.2 15.5 14.8 15.0 15.2 15.0 
15.5 15.2 15.8 16.0 15.5 15.8 14.8 14.8 
15.0 15.5 15.8 15.2 15.8 15.5 15.8 14.8 
16.2 16.5 15.8 15.5 16.5 16.8 15.8 15.2 
15.8 16.8 24.2 17.2 16.0 15.8 15.5 15.8 
16.0 16.5 18.5 17.8 15.5 16.0 16.0 15.5 
16.0 16.5 16.0 16.5 15.8 15.8 15.5 15.5 
15.5 15.5 16.2 16.2 15.8 16.0 16.0 15.0 


# DIFF
#  1  0  0  1  0  0  0  0
#  1  0  1  1  1  1  0  0
#  0  1  1  0  1  1  1  0
#  2  2  1  1  2  2  1  0
#  1  2 10  2  1  1  1  1
#  1  2  4  3  1  1  1  1
#  1  2  1  2  1  1  1  1
#  1  1  2  2  1  1  1  0
