# TS_TEXT=2019-08-25-11:28:06
# TS_SECS=1566728886.65
# HOST=port-node
# PERCENTILE_10=16.0
# PERCENTILE_90=17.4
# MIN_PIXEL=15.5
# MEDIAN_PIXEL=16.5
# MAX_PIXEL=19.8

# IMAGE
16.5 17.0 15.8 16.5 16.5 16.5 16.2 16.8 
16.2 16.5 16.2 15.5 16.0 16.0 16.8 19.5 
15.8 16.8 16.5 16.0 16.2 16.5 17.2 18.8 
15.5 16.5 16.2 16.5 16.2 16.5 16.8 16.5 
16.5 16.8 16.5 16.2 16.8 16.5 16.8 16.8 
19.8 17.5 16.5 16.2 16.2 16.2 16.8 15.8 
18.2 16.8 16.0 16.5 15.8 16.2 17.5 17.2 
16.8 17.0 16.5 16.0 16.8 16.2 17.2 17.8 


# DIFF
#  1  2  0  1  1  1  1  1
#  1  1  1  0  0  0  1  4
#  0  1  1  0  1  1  2  3
#  0  1  1  1  1  1  1  1
#  1  1  1  1  1  1  1  1
#  4  2  1  1  1  1  1  0
#  3  1  0  1  0  1  2  2
#  1  2  1  0  1  1  2  2
