# TS_TEXT=2019-08-18-22:32:58
# TS_SECS=1566163978.72
# HOST=fore-node
# PERCENTILE_10=13.5
# PERCENTILE_90=16.5
# MIN_PIXEL=13.0
# MEDIAN_PIXEL=14.0
# MAX_PIXEL=19.2

# IMAGE
15.2 16.8 17.2 16.5 15.0 14.5 14.0 14.2 
14.8 18.2 19.2 16.5 14.2 14.2 14.2 13.2 
16.0 18.5 17.2 15.2 14.0 14.0 13.5 14.0 
13.0 13.8 13.8 13.2 14.0 13.0 13.5 14.2 
14.2 14.5 13.8 14.0 14.0 13.8 13.5 13.2 
14.0 13.8 15.2 14.0 14.0 13.8 14.0 14.0 
13.8 14.2 13.8 14.0 13.2 14.5 14.0 13.8 
14.2 14.2 14.2 15.0 14.5 14.0 14.5 14.8 


# DIFF
#  2  4  4  4  2  2  1  1
#  2  5  6  4  1  1  1  0
#  3  6  4  2  1  1  0  1
#  0  1  1  0  1  0  0  1
#  1  2  1  1  1  1  0  0
#  1  1  2  1  1  1  1  1
#  1  1  1  1  0  2  1  1
#  1  1  1  2  2  1  2  2
