# TS_TEXT=2019-08-18-22:32:50
# TS_SECS=1566163970.65
# HOST=fore-node
# PERCENTILE_10=13.0
# PERCENTILE_90=15.9
# MIN_PIXEL=12.8
# MEDIAN_PIXEL=13.8
# MAX_PIXEL=18.5

# IMAGE
13.8 14.0 13.5 13.0 13.8 13.0 12.8 12.8 
13.2 12.8 13.8 14.0 13.2 13.5 13.2 12.8 
13.8 13.2 14.0 13.5 14.2 13.5 12.8 13.8 
14.0 13.8 13.8 13.5 13.5 14.0 13.8 13.2 
13.8 13.8 14.2 14.5 14.0 14.5 14.0 13.8 
13.5 14.5 16.0 17.2 15.8 14.5 14.0 14.0 
13.2 13.2 18.0 18.5 16.0 14.0 13.8 13.8 
13.5 12.8 18.2 17.0 15.2 14.0 14.0 13.5 


# DIFF
#  1  1  1  0  1  0  0  0
#  0  0  1  1  0  1  0  0
#  1  0  1  1  2  1  0  1
#  1  1  1  1  1  1  1  0
#  1  1  2  2  1  2  1  1
#  1  2  3  4  3  2  1  1
#  0  0  5  6  3  1  1  1
#  1  0  6  4  2  1  1  1
