# TS_TEXT=2019-08-25-13:04:11
# TS_SECS=1566734651.32
# HOST=aft-node
# PERCENTILE_10=16.5
# PERCENTILE_90=18.1
# MIN_PIXEL=16.0
# MEDIAN_PIXEL=17.0
# MAX_PIXEL=19.8

# IMAGE
16.2 17.0 17.0 16.8 17.5 16.8 16.5 16.8 
16.5 17.0 16.8 17.2 17.5 18.2 17.2 16.5 
17.2 17.2 16.5 17.2 19.5 19.8 17.2 16.8 
16.8 17.0 17.0 17.5 19.2 19.0 17.2 17.0 
16.8 17.0 17.0 16.8 19.8 18.2 17.5 16.8 
16.8 16.2 17.2 17.0 17.8 17.5 17.0 16.2 
16.5 17.0 16.5 16.8 16.8 17.5 16.5 16.0 
17.0 16.8 17.0 16.5 16.5 16.2 16.0 16.5 


# DIFF
#  0  1  1  1  2  1  0  1
#  0  1  1  1  2  2  1  0
#  1  1  0  1  4  4  1  1
#  1  1  1  2  3  3  1  1
#  1  1  1  1  4  2  2  1
#  1  0  1  1  2  2  1  0
#  0  1  0  1  1  2  0  0
#  1  1  1  0  0  0  0  0
