# TS_TEXT=2019-08-27-14:01:43
# TS_SECS=1566910903.25
# HOST=port-node
# PERCENTILE_10=16.0
# PERCENTILE_90=18.5
# MIN_PIXEL=15.5
# MEDIAN_PIXEL=16.2
# MAX_PIXEL=23.2

# IMAGE
16.2 16.8 16.2 16.2 16.0 16.2 16.5 16.5 
16.8 16.0 16.0 16.2 16.8 16.8 17.0 16.8 
16.0 16.5 16.5 16.8 16.8 17.8 22.0 18.2 
15.8 16.2 16.8 16.2 16.2 19.2 22.5 21.2 
16.0 16.8 17.0 16.0 16.2 18.5 23.2 22.0 
16.2 16.2 16.0 16.2 16.8 16.2 18.5 17.8 
16.0 15.8 16.2 16.0 16.5 16.5 16.2 17.0 
16.0 15.5 15.5 16.0 16.2 16.0 16.2 16.2 


# DIFF
#  1  1  1  1  0  1  1  1
#  1  0  0  1  1  1  2  1
#  0  1  1  1  1  2  6  3
#  0  1  1  1  1  4  7  6
#  0  1  2  0  1  3  8  6
#  1  1  0  1  1  1  3  2
#  0  0  1  0  1  1  1  2
#  0  0  0  0  1  0  1  1
