# TS_TEXT=2019-08-27-14:00:46
# TS_SECS=1566910846.01
# HOST=port-node
# PERCENTILE_10=16.0
# PERCENTILE_90=19.6
# MIN_PIXEL=15.2
# MEDIAN_PIXEL=16.5
# MAX_PIXEL=22.5

# IMAGE
16.5 16.8 16.5 16.0 16.2 16.5 16.8 16.2 
16.5 16.0 16.5 16.5 17.0 17.8 17.0 16.8 
16.2 16.8 16.8 16.8 16.8 20.2 21.5 18.0 
15.2 16.5 16.5 16.8 16.5 20.8 22.5 20.0 
16.0 16.5 16.5 16.2 16.8 18.5 22.0 20.0 
16.2 16.8 16.2 16.2 16.8 16.8 17.0 16.2 
15.5 16.2 16.2 16.5 16.2 16.5 16.0 15.8 
16.2 16.5 16.2 16.0 16.0 16.0 16.0 16.5 


# DIFF
#  1  2  1  1  1  1  2  1
#  1  1  1  1  2  2  2  2
#  1  2  2  2  2  5  6  3
#  0  1  1  2  1  6  7  5
#  1  1  1  1  2  3  7  5
#  1  2  1  1  2  2  2  1
#  0  1  1  1  1  1  1  0
#  1  1  1  1  1  1  1  1
