# TS_TEXT=2019-08-27-14:01:54
# TS_SECS=1566910914.30
# HOST=port-node
# PERCENTILE_10=15.0
# PERCENTILE_90=18.4
# MIN_PIXEL=14.2
# MEDIAN_PIXEL=15.8
# MAX_PIXEL=22.8

# IMAGE
14.8 15.2 15.8 15.2 15.8 15.8 15.5 15.8 
16.2 15.2 15.5 15.2 16.0 15.8 16.2 16.0 
15.2 15.2 15.8 15.8 16.0 17.8 21.8 17.5 
14.2 15.2 16.0 15.8 15.8 19.2 21.8 19.2 
15.5 15.2 16.2 15.8 15.8 18.5 22.8 21.8 
15.5 15.2 15.5 15.8 15.8 15.8 18.0 16.5 
15.2 15.0 15.0 16.2 15.5 16.0 15.5 15.8 
15.0 15.0 14.8 15.0 16.0 15.0 15.5 15.5 


# DIFF
#  0  1  2  1  2  2  1  2
#  2  1  1  1  2  2  2  2
#  1  1  2  2  2  4  8  3
#  0  1  2  2  2  5  8  5
#  1  1  2  2  2  4  8  8
#  1  1  1  2  2  2  4  2
#  1  1  1  2  1  2  1  2
#  1  1  0  1  2  1  1  1
