# TS_TEXT=2019-08-27-14:00:22
# TS_SECS=1566910822.88
# HOST=port-node
# PERCENTILE_10=16.2
# PERCENTILE_90=19.7
# MIN_PIXEL=15.8
# MEDIAN_PIXEL=16.8
# MAX_PIXEL=22.5

# IMAGE
17.0 16.5 16.8 16.5 16.8 17.0 16.8 16.5 
16.5 16.5 16.5 16.8 17.2 17.8 17.0 17.5 
16.2 17.2 17.0 17.0 17.5 20.5 22.5 18.2 
16.2 16.8 16.8 16.8 16.8 20.8 22.5 20.2 
15.8 17.0 17.0 16.8 16.5 18.2 21.8 20.2 
16.8 16.8 16.5 16.0 16.8 16.8 17.0 17.0 
15.8 16.8 16.5 16.8 16.2 16.8 16.2 16.5 
16.5 16.5 16.2 16.2 17.0 15.8 16.2 16.5 


# DIFF
#  1  1  1  1  1  1  1  1
#  1  1  1  1  2  2  1  2
#  0  2  1  1  2  5  7  2
#  0  1  1  1  1  5  7  4
#  0  1  1  1  1  2  6  4
#  1  1  1  0  1  1  1  1
#  0  1  1  1  0  1  0  1
#  1  1  0  0  1  0  0  1
