# TS_TEXT=2019-08-27-14:00:19
# TS_SECS=1566910819.86
# HOST=port-node
# PERCENTILE_10=16.0
# PERCENTILE_90=19.3
# MIN_PIXEL=15.2
# MEDIAN_PIXEL=16.4
# MAX_PIXEL=22.5

# IMAGE
16.5 16.8 16.2 16.0 16.5 16.8 16.5 16.0 
16.2 16.2 16.5 16.0 16.8 17.2 16.8 17.0 
16.0 16.5 16.2 16.8 17.0 19.8 22.5 17.8 
15.2 16.2 16.5 16.2 16.5 20.0 22.5 20.5 
15.8 16.8 16.2 16.2 16.5 18.2 21.5 20.2 
16.5 16.2 16.0 16.2 16.2 16.2 16.8 16.5 
15.8 16.2 15.5 16.5 16.0 16.2 16.5 16.0 
16.5 15.8 16.0 16.2 16.0 16.0 15.8 16.0 


# DIFF
#  1  2  1  1  1  2  1  1
#  1  1  1  1  2  2  2  2
#  1  1  1  2  2  4  7  2
#  0  1  1  1  1  5  7  5
#  0  2  1  1  1  3  6  5
#  1  1  1  1  1  1  2  1
#  0  1  0  1  1  1  1  1
#  1  0  1  1  1  1  0  1
