# TS_TEXT=2019-08-27-14:01:32
# TS_SECS=1566910892.21
# HOST=port-node
# PERCENTILE_10=15.0
# PERCENTILE_90=18.4
# MIN_PIXEL=14.8
# MEDIAN_PIXEL=15.8
# MAX_PIXEL=22.8

# IMAGE
16.0 15.5 15.2 14.8 15.8 15.8 16.2 15.8 
16.0 15.5 15.8 15.2 15.8 16.8 16.5 16.5 
15.0 15.5 15.5 15.8 15.8 18.0 21.5 17.0 
14.8 15.2 15.8 15.5 15.8 19.5 22.2 18.5 
15.0 15.5 15.5 16.0 15.5 18.5 22.8 20.5 
15.5 16.0 15.5 15.5 15.8 16.0 18.0 17.0 
15.0 15.0 15.2 16.2 15.2 16.0 15.8 15.8 
15.5 15.0 15.2 15.0 15.5 15.0 15.2 15.5 


# DIFF
#  1  1  0  0  1  1  2  1
#  1  1  1  0  1  2  2  2
#  0  1  1  1  1  3  7  2
#  0  0  1  1  1  5  8  4
#  0  1  1  1  1  4  8  6
#  1  1  1  1  1  1  3  2
#  0  0  0  2  0  1  1  1
#  1  0  0  0  1  0  0  1
