# TS_TEXT=2019-08-27-14:02:21
# TS_SECS=1566910941.44
# HOST=port-node
# PERCENTILE_10=15.1
# PERCENTILE_90=19.0
# MIN_PIXEL=14.2
# MEDIAN_PIXEL=15.8
# MAX_PIXEL=23.2

# IMAGE
15.5 15.2 14.8 15.8 15.2 16.8 15.2 15.5 
16.0 15.2 15.8 15.2 15.8 16.2 16.2 15.8 
15.5 15.8 15.8 15.5 15.8 19.2 20.2 16.8 
14.2 15.8 15.8 15.5 16.0 20.2 22.2 18.5 
15.0 15.8 15.8 15.5 15.8 20.0 23.2 19.2 
15.5 15.8 15.5 15.5 15.8 16.0 17.2 16.5 
15.5 15.5 15.2 15.8 15.8 15.8 15.5 16.2 
14.8 15.5 14.8 15.0 16.0 15.2 15.0 15.2 


# DIFF
#  1  1  0  2  1  2  1  1
#  2  1  2  1  2  2  2  2
#  1  2  2  1  2  5  6  2
#  0  2  2  1  2  6  8  4
#  1  2  2  1  2  6  9  5
#  1  2  1  1  2  2  3  2
#  1  1  1  2  2  2  1  2
#  0  1  0  1  2  1  1  1
