# TS_TEXT=2019-08-25-13:12:40
# TS_SECS=1566735160.85
# HOST=centre-node
# PERCENTILE_10=14.8
# PERCENTILE_90=17.1
# MIN_PIXEL=14.2
# MEDIAN_PIXEL=15.5
# MAX_PIXEL=19.8

# IMAGE
14.8 14.5 14.8 14.8 15.0 15.2 14.2 14.8 
15.5 14.8 14.8 15.5 14.8 16.0 15.0 14.2 
15.2 15.0 16.0 15.8 16.2 15.8 15.2 14.5 
15.8 18.8 16.8 17.2 16.0 15.8 15.0 15.0 
17.2 19.8 19.2 16.8 16.2 15.2 14.8 15.2 
18.0 19.2 16.8 16.2 15.8 15.5 15.5 15.0 
16.2 16.0 15.5 16.0 15.5 15.5 15.2 15.2 
15.8 16.2 16.0 15.5 15.2 15.5 15.5 15.5 


# DIFF
#  0  0  0  0  1  1  0  0
#  1  0  0  1  0  2  1  0
#  1  1  2  2  2  2  1  0
#  2  4  2  3  2  2  1  1
#  3  6  5  2  2  1  0  1
#  4  5  2  2  2  1  1  1
#  2  2  1  2  1  1  1  1
#  2  2  2  1  1  1  1  1
