# TS_TEXT=2019-08-18-22:57:59
# TS_SECS=1566165479.72
# HOST=starboard-node
# PERCENTILE_10=14.0
# PERCENTILE_90=14.8
# MIN_PIXEL=13.5
# MEDIAN_PIXEL=14.5
# MAX_PIXEL=15.0

# IMAGE
14.8 15.0 14.2 14.8 14.8 13.8 13.8 13.8 
14.0 14.2 14.5 14.5 14.8 14.5 14.2 14.0 
14.5 14.8 14.8 14.5 14.5 14.0 14.5 14.5 
15.0 14.8 15.0 14.5 14.8 14.5 14.0 14.2 
14.8 14.8 14.5 15.0 14.2 14.2 14.5 13.5 
14.5 14.5 14.0 14.2 14.2 14.8 14.8 14.0 
14.8 14.5 14.8 14.8 14.5 14.2 14.5 13.8 
14.5 14.8 14.5 14.2 14.2 14.8 14.2 13.8 


# DIFF
#  1  2  1  1  1  0  0  0
#  0  1  1  1  1  1  1  0
#  1  1  1  1  1  0  1  1
#  2  1  2  1  1  1  0  1
#  1  1  1  2  1  1  1  0
#  1  1  0  1  1  1  1  0
#  1  1  1  1  1  1  1  0
#  1  1  1  1  1  1  1  0
