# TS_TEXT=2019-08-18-21:46:21
# TS_SECS=1566161181.81
# HOST=port-node
# PERCENTILE_10=13.8
# PERCENTILE_90=16.5
# MIN_PIXEL=13.0
# MEDIAN_PIXEL=14.2
# MAX_PIXEL=18.0

# IMAGE
14.2 14.5 16.0 18.0 16.5 14.0 13.8 13.8 
14.0 14.2 17.8 18.0 16.2 13.8 13.8 14.5 
13.8 14.0 14.0 15.5 15.0 14.0 14.8 16.2 
14.5 14.2 14.5 14.5 15.0 16.0 18.0 16.5 
14.0 15.2 14.2 14.2 14.0 17.8 18.0 16.2 
13.8 13.0 13.8 14.0 13.8 13.8 15.5 15.0 
14.0 13.8 15.0 13.8 13.8 14.5 14.5 15.0 
14.0 14.0 14.2 14.0 14.8 16.2 14.2 14.0 


# DIFF
#  1  2  3  5  4  1  1  1
#  1  1  5  5  3  1  1  2
#  1  1  1  2  2  1  2  3
#  2  1  2  2  2  3  5  4
#  1  2  1  1  1  5  5  3
#  1  0  1  1  1  1  2  2
#  1  1  2  1  1  2  2  2
#  1  1  1  1  2  3  1  1
