# TS_TEXT=2019-08-25-11:15:08
# TS_SECS=1566728108.06
# HOST=aft-node
# PERCENTILE_10=15.5
# PERCENTILE_90=16.2
# MIN_PIXEL=15.0
# MEDIAN_PIXEL=15.8
# MAX_PIXEL=19.0

# IMAGE
15.5 15.8 15.8 15.8 15.5 15.0 15.8 16.0 
15.5 15.5 15.5 15.8 15.8 15.8 15.0 15.8 
15.8 15.8 16.0 15.5 15.8 16.0 16.0 16.5 
15.5 16.0 15.5 15.5 15.5 15.8 16.5 18.0 
16.0 15.8 15.8 15.8 15.8 16.0 18.2 19.0 
15.5 15.8 15.5 15.5 16.0 15.5 16.2 16.5 
15.8 15.8 15.5 16.0 15.8 15.8 15.5 16.0 
15.5 15.8 15.8 15.5 15.8 15.5 16.0 15.8 


# DIFF
#  0  1  1  1  0  0  1  1
#  0  0  0  1  1  1  0  1
#  1  1  1  0  1  1  1  2
#  0  1  0  0  0  1  2  3
#  1  1  1  1  1  1  3  4
#  0  1  0  0  1  0  1  2
#  1  1  0  1  1  1  0  1
#  0  1  1  0  1  0  1  1
