# TS_TEXT=2019-08-25-11:14:17
# TS_SECS=1566728057.47
# HOST=aft-node
# PERCENTILE_10=15.8
# PERCENTILE_90=16.9
# MIN_PIXEL=15.2
# MEDIAN_PIXEL=16.2
# MAX_PIXEL=20.0

# IMAGE
16.2 16.2 16.2 16.2 16.5 17.0 16.2 15.8 
16.8 16.2 16.2 17.8 20.0 18.8 15.8 16.5 
16.8 16.0 16.2 18.2 18.8 17.0 16.5 16.0 
15.5 16.2 16.2 16.2 16.2 16.0 16.0 15.8 
16.0 15.8 16.8 16.0 16.0 15.5 16.2 15.2 
16.0 15.8 16.2 15.8 16.2 15.8 15.8 16.0 
16.5 16.0 16.2 15.8 16.0 16.2 16.2 15.8 
16.2 16.0 16.5 16.0 15.8 16.8 16.0 16.0 


# DIFF
#  1  1  1  1  1  2  1  0
#  2  1  1  2  5  4  0  1
#  2  1  1  3  4  2  1  1
#  0  1  1  1  1  1  1  0
#  1  0  2  1  1  0  1  0
#  1  0  1  0  1  0  0  1
#  1  1  1  0  1  1  1  0
#  1  1  1  1  0  2  1  1
