# TS_TEXT=2019-08-18-22:55:15
# TS_SECS=1566165315.32
# HOST=centre-node
# PERCENTILE_10=13.8
# PERCENTILE_90=14.8
# MIN_PIXEL=13.2
# MEDIAN_PIXEL=14.1
# MAX_PIXEL=17.2

# IMAGE
13.2 13.5 13.8 13.8 13.8 15.0 17.2 16.0 
13.2 14.0 13.8 14.8 14.0 14.5 14.8 13.8 
13.5 13.8 14.5 14.0 14.8 14.2 14.2 13.8 
14.0 14.2 14.2 14.5 14.2 13.8 14.2 13.8 
13.5 14.5 14.8 14.0 14.5 14.2 13.8 14.2 
13.8 14.0 14.2 14.2 14.2 14.0 14.5 13.8 
14.8 14.0 14.2 13.8 14.0 13.8 13.8 13.8 
14.5 14.5 14.5 14.2 14.5 14.0 14.0 14.2 


# DIFF
#  0  0  0  0  0  2  4  3
#  0  1  0  2  1  1  2  0
#  0  0  1  1  2  1  1  0
#  1  1  1  1  1  0  1  0
#  0  1  2  1  1  1  0  1
#  0  1  1  1  1  1  1  0
#  2  1  1  0  1  0  0  0
#  1  1  1  1  1  1  1  1
