# TS_TEXT=2019-08-18-22:20:11
# TS_SECS=1566163211.59
# HOST=starboard-node
# PERCENTILE_10=13.2
# PERCENTILE_90=15.2
# MIN_PIXEL=12.5
# MEDIAN_PIXEL=13.8
# MAX_PIXEL=18.2

# IMAGE
13.2 13.8 13.5 14.0 13.5 13.8 13.0 13.0 
13.2 12.5 13.5 13.5 13.8 13.2 13.2 13.0 
13.8 14.2 13.8 13.5 13.8 13.8 13.8 13.5 
13.8 13.5 14.2 15.5 14.8 14.0 13.5 14.2 
14.2 14.5 16.2 18.2 15.0 14.0 13.8 13.2 
14.5 15.2 18.0 18.2 14.2 13.8 13.8 13.8 
14.2 15.2 17.5 15.0 14.0 13.8 13.5 13.5 
14.2 14.5 14.5 13.5 13.8 14.0 13.2 13.5 


# DIFF
#  1  1  1  2  1  1  0  0
#  1  0  1  1  1  1  1  0
#  1  2  1  1  1  1  1  1
#  1  1  2  3  2  2  1  2
#  2  2  4  6  2  2  1  1
#  2  3  6  6  2  1  1  1
#  2  3  5  2  2  1  1  1
#  2  2  2  1  1  2  1  1
