# TS_TEXT=2019-08-18-22:20:15
# TS_SECS=1566163215.60
# HOST=starboard-node
# PERCENTILE_10=13.8
# PERCENTILE_90=15.4
# MIN_PIXEL=12.8
# MEDIAN_PIXEL=14.0
# MAX_PIXEL=20.0

# IMAGE
12.8 14.0 13.0 13.8 13.5 14.0 13.2 14.0 
14.2 13.8 14.0 14.0 14.0 13.2 14.0 13.8 
13.8 13.8 14.0 14.2 13.8 13.8 13.8 14.0 
14.0 14.0 14.2 15.2 14.2 13.8 13.5 14.2 
14.2 15.2 16.8 18.2 15.2 14.0 13.8 14.2 
15.0 16.2 20.0 17.5 14.8 14.2 14.2 13.8 
14.2 14.2 16.5 15.5 14.2 14.2 13.8 13.8 
14.2 14.8 14.8 14.5 14.0 13.8 14.0 14.2 


# DIFF
#  0  1  0  1  1  1  0  1
#  2  1  1  1  1  0  1  1
#  1  1  1  2  1  1  1  1
#  1  1  2  2  2  1  1  2
#  2  2  4  6  2  1  1  2
#  2  4  7  5  2  2  2  1
#  2  2  4  3  2  2  1  1
#  2  2  2  2  1  1  1  2
