# TS_TEXT=2019-08-18-23:21:20
# TS_SECS=1566166880.17
# HOST=port-node
# PERCENTILE_10=12.8
# PERCENTILE_90=14.0
# MIN_PIXEL=0.0
# MEDIAN_PIXEL=13.8
# MAX_PIXEL=16.5

# IMAGE
12.8 13.8 14.0 13.0 13.2 13.0 13.2 13.8 
12.5 13.8 13.8 13.5 13.0 13.0 12.8 13.2 
13.2 13.5 13.5 13.5 14.0 13.8 14.0 13.5 
12.8 14.0 13.8 13.2 13.8 13.8 14.0 13.8 
14.2 14.8 13.8 13.5 14.0 13.5 14.0 13.8 
16.5 14.5 13.8 13.8 13.8 14.2 14.0 12.5 
15.0 13.8 14.0 13.5 14.0 13.8 13.8 13.8 
0.0 12.8 12.8 12.5 13.0 13.2 13.0 13.2 


# DIFF
# 13 14 14 13 13 13 13 14
# 12 14 14 14 13 13 13 13
# 13 14 14 14 14 14 14 14
# 13 14 14 13 14 14 14 14
# 14 15 14 14 14 14 14 14
# 16 14 14 14 14 14 14 12
# 15 14 14 14 14 14 14 14
#  0 13 13 12 13 13 13 13
