# TS_TEXT=2019-08-18-23:21:19
# TS_SECS=1566166879.16
# HOST=port-node
# PERCENTILE_10=13.0
# PERCENTILE_90=14.2
# MIN_PIXEL=0.0
# MEDIAN_PIXEL=13.5
# MAX_PIXEL=15.5

# IMAGE
13.2 13.5 13.0 13.2 13.2 13.5 13.2 13.2 
13.0 13.2 13.5 12.8 13.2 13.0 12.8 14.0 
13.0 13.2 13.5 13.5 13.8 13.8 13.8 13.8 
12.5 14.0 13.2 13.8 13.5 13.8 14.0 14.0 
13.0 14.2 13.5 13.5 13.0 14.0 13.5 13.0 
15.5 14.2 13.5 13.2 13.8 13.8 13.8 13.8 
14.2 14.2 13.5 13.8 13.5 14.0 13.2 13.8 
0.0 14.2 13.2 14.0 14.5 13.8 13.8 13.2 


# DIFF
# 13 14 13 13 13 14 13 13
# 13 13 14 13 13 13 13 14
# 13 13 14 14 14 14 14 14
# 12 14 13 14 14 14 14 14
# 13 14 14 14 13 14 14 13
# 16 14 14 13 14 14 14 14
# 14 14 14 14 14 14 13 14
#  0 14 13 14 14 14 14 13
