# TS_TEXT=2019-08-18-21:34:46
# TS_SECS=1566160486.93
# HOST=port-node
# PERCENTILE_10=14.0
# PERCENTILE_90=16.4
# MIN_PIXEL=13.5
# MEDIAN_PIXEL=14.8
# MAX_PIXEL=19.8

# IMAGE
14.0 14.2 14.5 14.5 14.0 14.5 14.0 14.2 
13.5 14.5 14.2 14.2 14.2 14.2 14.8 15.5 
13.8 14.5 14.8 14.5 14.0 15.5 16.5 17.0 
14.2 14.8 14.8 14.2 15.0 16.0 18.0 17.8 
14.2 15.8 14.8 14.0 14.5 14.5 15.2 15.2 
15.2 17.2 15.2 15.5 14.8 15.5 14.5 15.5 
18.0 15.8 15.5 14.8 15.2 15.2 15.8 15.2 
19.8 13.8 15.0 13.8 13.5 13.8 14.2 14.0 


# DIFF
#  0  1  1  1  0  1  0  1
#  0  1  1  1  1  1  1  2
#  0  1  1  1  0  2  3  4
#  1  1  1  1  2  2  4  4
#  1  2  1  0  1  1  2  2
#  2  4  2  2  1  2  1  2
#  4  2  2  1  2  2  2  2
#  6  0  2  0  0  0  1  0
