# TS_TEXT=2019-08-25-16:23:30
# TS_SECS=1566746610.43
# HOST=port-node
# PERCENTILE_10=15.0
# PERCENTILE_90=16.2
# MIN_PIXEL=14.2
# MEDIAN_PIXEL=15.4
# MAX_PIXEL=22.8

# IMAGE
16.5 15.2 14.5 15.0 15.2 16.0 15.5 15.8 
16.2 15.5 15.8 15.2 15.5 15.5 15.2 17.0 
14.8 15.8 15.2 15.0 15.2 15.8 16.8 22.8 
14.2 15.5 15.8 15.5 15.5 15.8 16.2 16.8 
14.5 15.2 15.2 15.2 15.8 16.0 15.5 15.2 
15.0 15.5 15.8 15.2 15.0 15.2 15.8 15.5 
14.5 15.0 15.0 15.8 15.2 15.2 15.8 15.2 
15.2 15.0 15.0 15.0 15.5 15.2 15.2 15.8 


# DIFF
#  2  1  0  1  1  2  1  2
#  2  1  2  1  1  1  1  3
#  0  2  1  1  1  2  2  8
#  0  1  2  1  1  2  2  2
#  0  1  1  1  2  2  1  1
#  1  1  2  1  1  1  2  1
#  0  1  1  2  1  1  2  1
#  1  1  1  1  1  1  1  2
