# TS_TEXT=2019-08-25-16:23:03
# TS_SECS=1566746583.32
# HOST=port-node
# PERCENTILE_10=15.0
# PERCENTILE_90=16.0
# MIN_PIXEL=13.8
# MEDIAN_PIXEL=15.5
# MAX_PIXEL=22.8

# IMAGE
16.0 15.8 14.8 14.8 15.5 16.0 15.8 16.0 
15.5 15.5 15.8 15.2 15.8 15.8 15.5 16.8 
15.2 15.2 15.8 15.5 16.0 15.5 16.8 22.8 
13.8 15.2 15.5 15.8 16.0 16.0 16.2 16.8 
15.0 15.5 15.5 15.2 15.5 15.8 16.0 16.0 
15.5 15.2 15.2 15.2 15.2 15.5 15.5 16.0 
15.0 14.8 15.0 15.8 15.5 16.0 15.5 15.2 
15.0 14.8 15.5 15.0 15.8 15.0 15.0 16.5 


# DIFF
#  2  2  1  1  2  2  2  2
#  2  2  2  2  2  2  2  3
#  2  2  2  2  2  2  3  9
#  0  2  2  2  2  2  2  3
#  1  2  2  2  2  2  2  2
#  2  2  2  2  2  2  2  2
#  1  1  1  2  2  2  2  2
#  1  1  2  1  2  1  1  3
