# TS_TEXT=2019-08-27-16:48:20
# TS_SECS=1566920900.70
# HOST=fore-node
# PERCENTILE_10=14.0
# PERCENTILE_90=17.2
# MIN_PIXEL=13.8
# MEDIAN_PIXEL=15.0
# MAX_PIXEL=21.0

# IMAGE
13.8 15.2 15.0 15.0 15.5 14.5 14.0 14.0 
15.5 15.2 16.0 16.0 15.5 15.2 14.2 13.8 
14.8 15.0 18.0 20.5 16.8 16.0 14.8 15.0 
15.0 15.0 17.0 20.5 21.0 19.2 14.8 14.5 
15.2 14.8 15.5 17.2 19.2 16.2 15.5 15.2 
14.8 15.0 15.2 15.0 15.0 15.5 14.8 13.8 
14.8 14.0 14.2 14.8 14.5 14.5 14.5 14.5 
14.5 14.2 14.5 14.5 14.8 14.2 13.8 13.8 


# DIFF
#  0  2  1  1  2  1  0  0
#  2  2  2  2  2  2  0  0
#  1  1  4  7  3  2  1  1
#  1  1  3  7  7  6  1  1
#  2  1  2  4  6  2  2  2
#  1  1  2  1  1  2  1  0
#  1  0  0  1  1  1  1  1
#  1  0  1  1  1  0  0  0
