# TS_TEXT=2019-08-27-16:51:56
# TS_SECS=1566921116.20
# HOST=fore-node
# PERCENTILE_10=14.0
# PERCENTILE_90=19.0
# MIN_PIXEL=13.8
# MEDIAN_PIXEL=14.9
# MAX_PIXEL=20.2

# IMAGE
19.5 19.0 14.5 14.2 15.0 14.2 14.2 14.0 
20.2 15.8 15.0 14.2 15.5 17.2 15.0 14.5 
14.8 15.2 14.8 15.0 19.2 18.2 15.0 15.0 
15.0 14.2 14.5 14.5 19.8 19.0 15.5 14.2 
14.5 13.8 14.0 14.0 19.0 16.0 14.8 14.2 
14.5 15.0 14.5 14.2 14.0 15.2 14.5 15.0 
15.2 15.2 16.8 15.0 14.5 14.0 14.5 14.0 
16.0 19.2 18.5 14.8 15.0 13.8 14.0 13.8 


# DIFF
#  6  5  1  0  1  0  0  0
#  6  2  1  0  2  4  1  1
#  1  2  1  1  6  4  1  1
#  1  0  1  1  6  5  2  0
#  1  0  0  0  5  2  1  0
#  1  1  1  0  0  2  1  1
#  2  2  3  1  1  0  1  0
#  2  6  5  1  1  0  0  0
