# TS_TEXT=2019-08-27-16:51:50
# TS_SECS=1566921110.16
# HOST=fore-node
# PERCENTILE_10=14.1
# PERCENTILE_90=17.4
# MIN_PIXEL=13.5
# MEDIAN_PIXEL=14.8
# MAX_PIXEL=20.0

# IMAGE
14.2 13.8 14.0 14.2 14.8 14.8 14.5 14.5 
15.0 14.5 15.0 15.2 15.2 17.5 14.5 14.2 
14.5 14.0 16.0 16.8 19.2 17.5 15.0 14.5 
14.8 15.0 16.2 20.0 19.8 17.5 14.5 14.2 
15.0 15.0 17.2 19.0 16.8 15.2 15.0 14.8 
15.0 15.2 15.0 14.2 15.0 15.0 14.8 14.2 
14.5 13.5 14.5 15.0 14.5 14.5 14.5 14.5 
14.2 15.0 14.8 14.2 15.0 14.0 14.0 13.8 


# DIFF
#  1  0  0  1  1  1  1  1
#  2  1  2  2  2  4  1  1
#  1  0  2  3  6  4  2  1
#  1  2  3  6  6  4  1  1
#  2  2  4  6  3  2  2  1
#  2  2  2  1  2  2  1  1
#  1  0  1  2  1  1  1  1
#  1  2  1  1  2  0  0  0
