# TS_TEXT=2019-08-27-16:49:58
# TS_SECS=1566920998.37
# HOST=fore-node
# PERCENTILE_10=13.8
# PERCENTILE_90=17.6
# MIN_PIXEL=13.2
# MEDIAN_PIXEL=14.5
# MAX_PIXEL=21.2

# IMAGE
13.2 14.2 14.2 14.0 14.5 14.0 14.2 13.5 
14.2 14.2 14.8 15.0 15.2 15.0 14.5 14.2 
13.5 13.8 15.2 18.5 18.2 15.2 15.5 15.0 
14.5 14.8 17.2 21.2 20.2 20.2 17.8 14.8 
14.8 15.0 16.0 19.2 16.0 16.2 15.8 15.5 
13.5 14.2 15.0 14.2 15.2 15.0 14.5 14.2 
14.2 13.8 14.8 14.2 14.5 13.8 13.8 13.8 
14.5 13.8 14.5 13.8 14.2 13.5 14.0 13.5 


# DIFF
#  0  1  1  1  1  1  1  0
#  1  1  2  2  2  2  1  1
#  0  0  2  5  5  2  2  2
#  1  2  4  8  7  7  4  2
#  2  2  3  6  3  3  2  2
#  0  1  2  1  2  2  1  1
#  1  0  2  1  1  0  0  0
#  1  0  1  0  1  0  1  0
