# TS_TEXT=2019-08-27-16:51:03
# TS_SECS=1566921063.85
# HOST=fore-node
# PERCENTILE_10=14.8
# PERCENTILE_90=18.2
# MIN_PIXEL=14.2
# MEDIAN_PIXEL=15.5
# MAX_PIXEL=21.8

# IMAGE
14.5 14.8 14.5 15.5 15.5 15.2 15.0 14.8 
15.5 15.2 16.0 15.8 16.8 16.8 15.8 14.5 
15.2 15.8 18.2 19.0 21.2 17.8 16.2 15.2 
15.0 16.2 20.5 21.8 19.0 18.5 16.0 15.0 
15.2 16.0 17.5 18.2 16.5 15.8 15.2 15.5 
14.8 15.8 16.0 15.8 15.5 16.0 15.0 14.8 
14.8 14.2 15.0 15.5 15.5 14.8 14.8 15.2 
15.0 15.2 15.2 14.8 15.5 14.8 14.8 14.5 


# DIFF
#  0  0  0  1  1  1  1  0
#  1  1  2  2  2  2  2  0
#  1  2  4  5  7  4  2  1
#  1  2  6  8  5  4  2  1
#  1  2  3  4  2  2  1  1
#  0  2  2  2  1  2  1  0
#  0  0  1  1  1  0  0  1
#  1  1  1  0  1  0  0  0
