# TS_TEXT=2019-08-27-16:46:27
# TS_SECS=1566920787.99
# HOST=fore-node
# PERCENTILE_10=15.5
# PERCENTILE_90=18.9
# MIN_PIXEL=14.8
# MEDIAN_PIXEL=16.2
# MAX_PIXEL=21.8

# IMAGE
16.2 16.8 16.0 16.0 16.8 15.8 15.5 14.8 
16.2 16.2 17.0 17.2 17.0 16.8 15.5 15.0 
16.0 15.8 19.2 21.8 21.2 17.0 16.5 15.8 
16.2 16.5 17.5 19.5 21.8 18.0 16.2 15.5 
16.8 16.2 17.0 17.8 20.5 19.2 17.0 16.5 
15.2 16.2 16.5 16.8 17.8 17.2 16.2 15.8 
15.8 15.2 16.8 16.2 16.8 16.2 16.2 15.5 
16.5 15.5 16.2 15.8 16.5 15.8 15.5 15.5 


# DIFF
#  2  2  1  1  2  1  1  0
#  2  2  2  2  2  2  1  0
#  1  1  4  7  6  2  2  1
#  2  2  3  5  7  3  2  1
#  2  2  2  3  6  4  2  2
#  0  2  2  2  3  2  2  1
#  1  0  2  2  2  2  2  1
#  2  1  2  1  2  1  1  1
