# TS_TEXT=2019-08-27-16:45:59
# TS_SECS=1566920759.72
# HOST=fore-node
# PERCENTILE_10=15.0
# PERCENTILE_90=17.9
# MIN_PIXEL=0.0
# MEDIAN_PIXEL=15.8
# MAX_PIXEL=21.2

# IMAGE
16.2 15.5 15.5 16.8 16.2 15.8 15.0 15.0 
15.8 15.8 16.5 20.2 21.2 16.2 15.8 14.8 
16.0 16.5 17.8 20.5 20.8 17.2 15.5 15.0 
16.2 16.2 18.8 20.0 18.0 16.0 15.8 15.5 
14.8 16.8 17.2 17.5 16.5 16.2 15.0 16.0 
15.8 15.8 16.5 15.5 16.0 15.5 15.2 15.8 
16.0 15.0 15.5 15.2 16.0 15.2 14.5 15.2 
0.0 14.5 15.8 15.8 15.0 16.2 15.2 14.0 


# DIFF
# 16 16 16 17 16 16 15 15
# 16 16 16 20 21 16 16 15
# 16 16 18 20 21 17 16 15
# 16 16 19 20 18 16 16 16
# 15 17 17 18 16 16 15 16
# 16 16 16 16 16 16 15 16
# 16 15 16 15 16 15 14 15
#  0 14 16 16 15 16 15 14
