# TS_TEXT=2019-08-27-16:52:03
# TS_SECS=1566921123.25
# HOST=fore-node
# PERCENTILE_10=14.5
# PERCENTILE_90=17.2
# MIN_PIXEL=14.0
# MEDIAN_PIXEL=15.2
# MAX_PIXEL=21.0

# IMAGE
14.0 15.2 15.2 15.0 15.2 14.5 14.2 14.0 
15.2 15.0 15.8 16.8 16.8 16.2 14.8 14.2 
15.0 15.2 16.5 18.8 19.5 16.0 15.8 14.8 
14.8 15.0 17.0 19.2 20.5 16.8 15.2 14.8 
15.5 15.5 15.8 19.5 21.0 16.2 15.2 15.2 
14.2 15.0 15.8 16.2 17.2 15.8 15.2 14.5 
15.0 14.8 15.8 15.8 15.8 15.2 14.8 15.2 
15.0 14.8 14.8 15.0 15.2 14.2 14.5 14.8 


# DIFF
#  0  1  1  1  1  0  0  0
#  1  1  2  3  3  2  1  0
#  1  1  2  5  6  2  2  1
#  1  1  3  5  6  3  1  1
#  2  2  2  6  7  2  1  1
#  0  1  2  2  3  2  1  0
#  1  1  2  2  2  1  1  1
#  1  1  1  1  1  0  0  1
