# TS_TEXT=2019-08-27-16:52:26
# TS_SECS=1566921146.44
# HOST=fore-node
# PERCENTILE_10=14.8
# PERCENTILE_90=18.5
# MIN_PIXEL=14.5
# MEDIAN_PIXEL=15.8
# MAX_PIXEL=21.8

# IMAGE
14.5 14.8 15.5 15.8 15.8 16.0 15.2 14.8 
15.0 15.5 15.5 16.5 17.5 17.0 15.5 14.8 
15.0 15.2 16.8 16.8 20.8 18.0 16.0 15.5 
15.0 15.2 16.2 17.8 20.5 18.8 17.0 15.2 
15.8 16.0 16.2 18.8 21.8 19.8 16.5 15.2 
14.8 15.2 16.0 16.0 19.5 16.8 15.8 15.5 
15.5 15.0 15.5 16.0 16.0 15.8 15.8 15.5 
15.2 15.5 15.8 15.2 15.5 14.5 15.2 14.5 


# DIFF
#  0  0  1  1  1  2  1  0
#  0  1  1  2  3  2  1  0
#  0  1  2  2  6  4  2  1
#  0  1  2  3  6  4  2  1
#  1  2  2  4  7  5  2  1
#  0  1  2  2  5  2  1  1
#  1  0  1  2  2  1  1  1
#  1  1  1  1  1  0  1  0
