# TS_TEXT=2019-08-27-16:47:43
# TS_SECS=1566920863.46
# HOST=fore-node
# PERCENTILE_10=15.0
# PERCENTILE_90=19.2
# MIN_PIXEL=14.5
# MEDIAN_PIXEL=15.6
# MAX_PIXEL=21.8

# IMAGE
14.8 15.5 15.8 15.2 17.0 15.2 15.2 15.2 
15.8 16.0 17.8 17.2 19.2 16.5 15.2 14.5 
14.8 15.5 17.0 20.8 20.2 16.2 15.2 15.8 
15.2 15.8 16.8 19.5 21.8 17.8 15.5 15.5 
16.0 15.2 16.8 19.0 21.2 19.5 16.2 15.8 
15.2 16.0 15.2 16.2 16.5 16.5 15.5 15.5 
15.2 15.2 16.0 15.5 15.5 15.0 15.8 15.2 
15.0 15.8 15.2 14.8 15.5 15.0 14.8 14.5 


# DIFF
#  0  1  1  1  2  1  1  1
#  1  2  3  3  5  2  1  0
#  0  1  2  6  6  2  1  1
#  1  1  2  5  7  3  1  1
#  2  1  2  4  7  5  2  1
#  1  2  1  2  2  2  1  1
#  1  1  2  1  1  0  1  1
#  0  1  1  0  1  0  0  0
