# TS_TEXT=2019-08-27-16:52:14
# TS_SECS=1566921134.35
# HOST=fore-node
# PERCENTILE_10=14.8
# PERCENTILE_90=18.5
# MIN_PIXEL=14.2
# MEDIAN_PIXEL=15.4
# MAX_PIXEL=21.2

# IMAGE
14.5 15.0 15.2 15.0 16.8 14.8 14.5 14.2 
15.5 14.8 15.8 16.0 18.0 16.0 14.8 14.8 
14.8 15.2 16.2 18.5 20.5 16.5 15.5 15.0 
14.8 15.0 16.0 18.5 21.0 18.0 16.2 15.0 
15.2 15.2 15.8 18.5 21.2 19.0 15.8 15.5 
15.0 15.0 16.0 15.8 19.0 16.5 15.5 15.2 
15.0 14.8 15.2 15.5 15.8 15.2 15.5 15.5 
14.8 15.0 15.2 15.0 15.8 14.2 15.0 15.0 


# DIFF
#  0  1  1  1  2  0  0  0
#  1  0  2  2  4  2  0  0
#  0  1  2  4  6  2  1  1
#  0  1  2  4  7  4  2  1
#  1  1  2  4  7  5  2  1
#  1  1  2  2  5  2  1  1
#  1  0  1  1  2  1  1  1
#  0  1  1  1  2  0  1  1
