# TS_TEXT=2019-08-27-16:51:51
# TS_SECS=1566921111.17
# HOST=fore-node
# PERCENTILE_10=14.0
# PERCENTILE_90=17.2
# MIN_PIXEL=13.5
# MEDIAN_PIXEL=14.5
# MAX_PIXEL=20.0

# IMAGE
14.0 14.2 14.2 14.2 14.5 14.5 14.2 13.5 
14.8 14.2 14.2 15.2 15.8 17.2 14.5 14.0 
14.5 14.8 15.2 16.0 19.0 17.2 15.0 14.8 
14.5 14.5 16.0 19.8 20.0 16.8 14.2 14.2 
15.2 15.0 17.2 18.8 17.2 14.8 14.8 14.2 
13.8 14.5 15.0 14.8 15.0 14.8 14.2 14.0 
14.0 14.5 14.8 14.2 14.0 14.0 14.0 14.2 
14.0 14.5 14.5 14.2 15.0 13.5 14.2 14.0 


# DIFF
#  0  1  1  1  1  1  1  0
#  1  1  1  2  2  4  1  0
#  1  1  2  2  6  4  2  1
#  1  1  2  6  6  3  1  1
#  2  2  4  5  4  1  1  1
#  0  1  2  1  2  1  1  0
#  0  1  1  1  0  0  0  1
#  0  1  1  1  2  0  1  0
