# TS_TEXT=2019-08-27-16:43:08
# TS_SECS=1566920588.65
# HOST=fore-node
# PERCENTILE_10=16.2
# PERCENTILE_90=19.2
# MIN_PIXEL=15.5
# MEDIAN_PIXEL=17.0
# MAX_PIXEL=22.0

# IMAGE
16.2 16.8 17.0 16.8 17.0 16.0 16.2 16.2 
16.8 17.0 17.0 17.5 16.8 17.0 16.5 16.0 
17.2 17.2 19.0 18.5 17.8 17.8 16.8 17.0 
16.5 18.0 21.5 22.0 21.8 22.0 19.2 16.2 
17.0 17.5 19.2 20.5 20.0 17.8 17.0 16.8 
16.5 17.2 17.2 17.2 17.5 17.2 16.5 16.8 
17.0 16.2 16.2 17.0 17.0 17.2 16.8 16.5 
16.5 16.2 16.2 16.2 17.5 16.0 15.5 15.5 


# DIFF
#  1  1  2  1  2  0  1  1
#  1  2  2  2  1  2  1  0
#  2  2  4  3  2  2  1  2
#  1  2  6  6  6  6  4  1
#  2  2  4  5  4  2  2  1
#  1  2  2  2  2  2  1  1
#  2  1  1  2  2  2  1  1
#  1  1  1  1  2  0  0  0
