# TS_TEXT=2019-08-27-16:45:03
# TS_SECS=1566920703.39
# HOST=fore-node
# PERCENTILE_10=15.8
# PERCENTILE_90=19.4
# MIN_PIXEL=15.2
# MEDIAN_PIXEL=16.5
# MAX_PIXEL=23.0

# IMAGE
15.2 15.8 16.2 16.0 16.8 15.8 15.8 15.5 
16.5 16.2 16.5 17.2 17.0 16.8 15.8 16.0 
16.5 16.5 17.5 19.2 20.8 17.5 16.5 16.2 
16.5 17.5 19.8 22.8 23.0 20.8 16.2 15.5 
17.0 16.8 19.5 21.0 17.8 17.5 17.0 16.5 
16.0 16.5 17.0 17.0 16.8 16.8 16.2 15.8 
15.5 15.5 16.2 17.0 16.2 16.0 15.8 16.0 
16.5 15.8 16.0 16.2 16.5 15.8 15.5 15.8 


# DIFF
#  0  0  1  1  2  0  0  0
#  1  1  1  2  2  2  0  1
#  1  1  2  4  6  2  1  1
#  1  2  4  8  8  6  1  0
#  2  2  4  6  2  2  2  1
#  1  1  2  2  2  2  1  0
#  0  0  1  2  1  1  0  1
#  1  0  1  1  1  0  0  0
