# TS_TEXT=2019-08-27-16:43:11
# TS_SECS=1566920591.68
# HOST=fore-node
# PERCENTILE_10=16.0
# PERCENTILE_90=19.5
# MIN_PIXEL=16.0
# MEDIAN_PIXEL=16.8
# MAX_PIXEL=22.8

# IMAGE
22.8 22.2 19.5 17.0 16.2 17.2 16.5 16.5 
19.0 19.0 17.2 16.8 16.8 17.2 16.2 16.0 
17.0 17.0 16.8 16.8 16.5 19.5 17.8 17.0 
16.8 16.8 16.5 16.5 16.2 19.8 17.0 16.2 
16.5 17.0 16.0 16.2 16.0 17.8 17.2 16.5 
16.8 16.8 17.5 16.8 16.2 16.5 16.8 16.0 
17.2 18.0 16.8 17.0 17.0 16.0 16.0 16.0 
20.5 19.5 20.5 19.5 17.8 17.0 16.0 16.0 


# DIFF
#  7  6  4  1  0  1  0  0
#  3  3  1  1  1  1  0  0
#  1  1  1  1  0  4  2  1
#  1  1  0  0  0  4  1  0
#  0  1  0  0  0  2  1  0
#  1  1  2  1  0  0  1  0
#  1  2  1  1  1  0  0  0
#  4  4  4  4  2  1  0  0
