# TS_TEXT=2019-08-27-16:45:05
# TS_SECS=1566920705.40
# HOST=fore-node
# PERCENTILE_10=15.8
# PERCENTILE_90=19.5
# MIN_PIXEL=14.8
# MEDIAN_PIXEL=16.1
# MAX_PIXEL=22.5

# IMAGE
15.2 15.8 16.0 16.0 16.2 15.8 15.8 15.0 
17.0 16.0 16.5 17.0 17.0 17.2 16.0 15.8 
16.2 16.2 17.5 19.5 21.0 17.2 15.8 16.0 
15.8 17.2 19.5 22.2 22.5 21.0 16.8 15.2 
17.0 16.5 19.5 20.8 18.2 18.0 17.0 16.0 
15.8 16.2 17.0 16.8 16.2 16.5 16.0 15.8 
16.0 15.2 16.0 16.8 16.0 16.0 15.8 15.2 
16.0 16.0 16.0 16.0 16.2 16.0 16.0 14.8 


# DIFF
#  0  1  1  1  2  1  1  0
#  2  1  2  2  2  2  1  1
#  2  2  3  5  6  2  1  1
#  1  2  5  8  8  6  2  0
#  2  2  5  6  4  3  2  1
#  1  2  2  2  2  2  1  1
#  1  0  1  2  1  1  1  0
#  1  1  1  1  2  1  1  0
