# TS_TEXT=2019-08-27-16:52:45
# TS_SECS=1566921165.60
# HOST=fore-node
# PERCENTILE_10=13.8
# PERCENTILE_90=16.9
# MIN_PIXEL=13.0
# MEDIAN_PIXEL=14.5
# MAX_PIXEL=20.0

# IMAGE
14.0 14.2 14.5 14.5 15.2 13.8 14.0 13.0 
15.2 14.5 14.0 15.2 16.8 15.5 14.5 13.8 
13.8 13.5 14.5 15.0 18.8 15.8 14.0 14.2 
14.0 14.5 14.5 16.2 19.5 17.2 15.2 14.5 
14.2 14.2 14.8 17.2 20.0 18.5 15.0 14.2 
13.8 14.8 14.8 15.0 17.0 16.5 15.0 13.8 
13.8 13.8 14.2 14.0 14.5 14.5 14.2 14.0 
14.5 14.8 14.0 14.5 14.5 13.5 13.8 14.0 


# DIFF
#  1  1  2  2  2  1  1  0
#  2  2  1  2  4  2  2  1
#  1  0  2  2  6  3  1  1
#  1  2  2  3  6  4  2  2
#  1  1  2  4  7  6  2  1
#  1  2  2  2  4  4  2  1
#  1  1  1  1  2  2  1  1
#  2  2  1  2  2  0  1  1
