# TS_TEXT=2019-08-27-16:50:14
# TS_SECS=1566921014.49
# HOST=fore-node
# PERCENTILE_10=15.0
# PERCENTILE_90=18.2
# MIN_PIXEL=14.0
# MEDIAN_PIXEL=15.5
# MAX_PIXEL=22.0

# IMAGE
15.2 15.5 15.5 15.0 15.5 14.8 14.5 14.0 
15.5 15.2 15.5 15.8 16.0 15.8 15.2 15.0 
15.0 16.0 17.2 18.2 17.8 15.8 15.8 15.5 
15.2 15.8 18.2 22.0 19.2 19.8 18.0 15.2 
15.5 15.8 17.0 21.2 20.5 18.0 16.5 15.8 
15.0 16.0 15.8 16.0 16.2 16.2 15.8 15.0 
14.5 14.8 15.5 15.8 15.8 15.2 15.2 15.5 
15.5 15.0 15.2 15.2 15.5 15.0 14.8 15.0 


# DIFF
#  1  2  2  1  2  1  0  0
#  2  1  2  2  2  2  1  1
#  1  2  3  4  4  2  2  2
#  1  2  4  8  5  6  4  1
#  2  2  3  7  6  4  2  2
#  1  2  2  2  2  2  2  1
#  0  1  2  2  2  1  1  2
#  2  1  1  1  2  1  1  1
