# TS_TEXT=2019-08-27-16:45:19
# TS_SECS=1566920719.45
# HOST=fore-node
# PERCENTILE_10=14.8
# PERCENTILE_90=17.9
# MIN_PIXEL=14.2
# MEDIAN_PIXEL=15.6
# MAX_PIXEL=22.0

# IMAGE
14.5 15.5 15.2 15.0 15.8 14.8 15.0 14.5 
15.5 16.0 15.5 16.5 16.0 15.8 15.0 15.8 
15.8 15.8 17.8 18.0 17.8 16.0 16.0 15.2 
15.2 16.0 19.8 21.5 22.0 17.8 15.5 15.5 
15.8 16.0 16.5 18.2 21.2 18.0 16.5 15.2 
14.8 15.5 15.5 16.0 17.0 16.8 15.8 15.8 
15.0 14.8 15.5 15.8 15.2 15.5 15.2 15.2 
14.2 15.2 15.0 15.5 16.0 15.0 15.0 14.8 


# DIFF
#  0  1  1  1  2  0  1  0
#  1  2  1  2  2  2  1  2
#  2  2  4  4  4  2  2  1
#  1  2  6  7  8  4  1  1
#  2  2  2  4  7  4  2  1
#  0  1  1  2  3  2  2  2
#  1  0  1  2  1  1  1  1
#  0  1  1  1  2  1  1  0
