# TS_TEXT=2019-08-27-16:46:50
# TS_SECS=1566920810.15
# HOST=fore-node
# PERCENTILE_10=14.1
# PERCENTILE_90=17.7
# MIN_PIXEL=13.5
# MEDIAN_PIXEL=14.9
# MAX_PIXEL=21.5

# IMAGE
14.0 14.0 14.8 14.2 15.0 14.2 14.0 13.8 
15.2 15.0 15.0 15.2 15.5 14.8 14.5 14.2 
14.5 14.8 16.5 18.0 17.0 16.2 15.2 14.5 
14.5 15.0 19.5 21.5 20.0 18.8 15.5 14.8 
15.0 14.8 15.8 17.0 18.5 18.2 16.5 15.2 
14.2 15.2 14.8 15.0 15.0 15.8 15.0 14.2 
14.2 14.2 14.5 15.0 15.0 15.2 14.8 14.0 
14.8 13.8 14.5 14.5 14.8 14.2 14.5 13.5 


# DIFF
#  0  0  1  1  2  1  0  0
#  2  2  2  2  2  1  1  1
#  1  1  3  4  4  3  2  1
#  1  2  6  8  6  5  2  1
#  2  1  2  4  5  5  3  2
#  1  2  1  2  2  2  2  1
#  1  1  1  2  2  2  1  0
#  1  0  1  1  1  1  1  0
