# TS_TEXT=2019-08-27-16:51:45
# TS_SECS=1566921105.14
# HOST=fore-node
# PERCENTILE_10=13.8
# PERCENTILE_90=16.9
# MIN_PIXEL=13.2
# MEDIAN_PIXEL=14.5
# MAX_PIXEL=20.0

# IMAGE
13.2 13.8 14.2 14.2 14.8 14.5 14.5 13.8 
14.5 14.5 14.5 14.5 15.2 17.5 15.0 14.0 
14.0 14.2 15.5 17.0 19.2 17.8 14.8 14.2 
13.8 14.8 16.2 20.0 19.2 15.5 14.5 14.0 
15.0 14.8 16.5 19.2 15.2 15.0 14.8 14.5 
14.5 14.5 15.2 14.8 14.5 14.5 14.0 14.0 
14.0 14.2 14.8 14.5 14.2 13.5 14.0 14.0 
14.5 13.8 14.0 13.5 13.8 13.5 13.5 13.8 


# DIFF
#  0  0  1  1  2  1  1  0
#  1  1  1  1  2  4  2  1
#  1  1  2  4  6  4  2  1
#  0  2  3  7  6  2  1  1
#  2  2  3  6  2  2  2  1
#  1  1  2  2  1  1  1  1
#  1  1  2  1  1  0  1  1
#  1  0  1  0  0  0  0  0
