# TS_TEXT=2019-08-27-16:43:15
# TS_SECS=1566920595.70
# HOST=fore-node
# PERCENTILE_10=16.0
# PERCENTILE_90=19.3
# MIN_PIXEL=15.8
# MEDIAN_PIXEL=16.8
# MAX_PIXEL=23.0

# IMAGE
16.2 16.8 16.8 16.8 17.2 16.0 16.5 16.5 
16.5 16.8 16.8 17.8 17.0 17.0 16.5 15.8 
16.8 17.5 20.2 18.8 19.5 18.2 17.5 16.5 
17.0 18.0 23.0 22.8 22.0 20.5 17.2 16.0 
17.0 17.8 20.0 18.8 18.5 17.2 16.8 16.8 
16.2 17.0 16.8 17.2 17.2 17.0 16.2 16.5 
16.0 16.2 17.0 16.8 16.5 16.8 16.2 16.0 
17.2 16.0 16.5 16.2 16.5 16.0 15.8 16.2 


# DIFF
#  0  1  1  1  2  0  1  1
#  1  1  1  2  1  1  1  0
#  1  2  4  3  4  2  2  1
#  1  2  7  7  6  5  2  0
#  1  2  4  3  3  2  1  1
#  0  1  1  2  2  1  0  1
#  0  0  1  1  1  1  0  0
#  2  0  1  0  1  0  0  0
