# TS_TEXT=2019-08-27-16:51:37
# TS_SECS=1566921097.08
# HOST=fore-node
# PERCENTILE_10=14.5
# PERCENTILE_90=17.1
# MIN_PIXEL=14.2
# MEDIAN_PIXEL=15.0
# MAX_PIXEL=21.2

# IMAGE
15.0 15.2 15.0 15.0 15.5 15.5 14.5 14.2 
15.2 15.2 16.0 16.8 16.2 16.2 15.0 14.5 
14.8 15.5 16.8 20.5 20.8 18.2 15.2 14.8 
14.8 15.5 18.5 21.2 17.2 16.2 14.8 14.5 
15.0 15.5 15.5 19.0 16.0 15.2 15.5 15.2 
14.8 15.5 15.0 15.5 15.0 15.8 14.5 14.8 
14.8 15.0 14.8 15.0 15.5 14.8 15.0 15.0 
15.0 14.8 14.8 14.8 15.0 14.5 14.2 14.2 


# DIFF
#  1  1  1  1  1  1  0  0
#  1  1  2  2  2  2  1  0
#  0  1  2  6  6  4  1  0
#  0  1  4  7  3  2  0  0
#  1  1  1  5  2  1  1  1
#  0  1  1  1  1  2  0  0
#  0  1  0  1  1  0  1  1
#  1  0  0  0  1  0  0  0
