# TS_TEXT=2019-08-27-16:46:14
# TS_SECS=1566920774.86
# HOST=fore-node
# PERCENTILE_10=15.2
# PERCENTILE_90=18.0
# MIN_PIXEL=15.0
# MEDIAN_PIXEL=16.0
# MAX_PIXEL=21.8

# IMAGE
15.2 15.2 16.2 15.5 16.0 15.2 15.5 15.2 
16.0 15.8 16.0 17.5 16.2 16.0 15.5 15.2 
15.2 15.8 17.5 21.8 20.0 16.0 15.5 15.5 
15.5 16.0 18.0 21.2 20.2 16.8 15.5 15.2 
16.0 16.0 19.8 21.2 17.8 16.5 16.0 16.0 
15.0 16.2 17.2 18.0 16.2 16.0 15.8 15.5 
15.8 15.8 16.0 16.0 16.2 15.2 15.2 15.2 
15.8 16.0 16.0 15.0 15.5 15.5 15.0 15.0 


# DIFF
#  0  0  1  0  1  0  0  0
#  1  1  1  2  1  1  0  0
#  0  1  2  7  5  1  0  0
#  0  1  3  6  5  2  0  0
#  1  1  5  6  3  2  1  1
#  0  1  2  3  1  1  1  0
#  1  1  1  1  1  0  0  0
#  1  1  1  0  0  0  0  0
