# TS_TEXT=2019-08-27-16:52:48
# TS_SECS=1566921168.63
# HOST=fore-node
# PERCENTILE_10=13.5
# PERCENTILE_90=16.5
# MIN_PIXEL=13.2
# MEDIAN_PIXEL=14.2
# MAX_PIXEL=19.8

# IMAGE
14.2 14.0 14.0 14.2 14.5 14.0 14.0 13.8 
14.2 14.2 14.0 15.0 16.5 15.0 14.0 13.5 
13.5 13.5 14.8 16.8 18.2 14.8 15.0 14.0 
14.2 14.0 14.5 16.5 19.5 16.8 15.2 14.0 
14.2 14.0 14.5 15.8 19.5 19.8 15.5 14.5 
14.0 14.0 14.8 14.5 16.5 16.5 14.8 13.8 
13.2 13.5 14.0 14.2 14.5 14.5 14.5 13.8 
14.2 14.0 14.0 14.2 14.5 13.2 13.5 13.5 


# DIFF
#  1  1  1  1  1  1  1  0
#  1  1  1  2  3  2  1  0
#  0  0  2  4  5  2  2  1
#  1  1  1  3  6  4  2  1
#  1  1  1  2  6  6  2  1
#  1  1  2  1  3  3  2  0
#  0  0  1  1  1  1  1  0
#  1  1  1  1  1  0  0  0
