# TS_TEXT=2019-08-27-16:50:23
# TS_SECS=1566921023.55
# HOST=fore-node
# PERCENTILE_10=14.8
# PERCENTILE_90=18.0
# MIN_PIXEL=14.5
# MEDIAN_PIXEL=15.5
# MAX_PIXEL=22.0

# IMAGE
15.8 15.8 16.8 15.5 15.8 15.0 15.0 14.5 
15.2 16.5 18.0 17.5 16.2 16.0 15.2 15.0 
15.5 17.0 22.0 20.5 20.2 18.0 15.2 15.2 
16.0 16.5 21.2 20.8 18.0 16.2 15.5 15.2 
15.8 16.0 16.2 16.8 16.0 15.8 15.2 15.5 
15.0 15.5 15.5 15.8 15.5 15.2 15.5 15.2 
15.0 15.8 15.8 15.8 14.5 15.0 14.5 15.5 
14.5 14.8 15.0 15.0 15.8 15.0 14.8 14.5 


# DIFF
#  1  1  2  1  1  0  0  0
#  1  2  4  3  2  2  1  0
#  1  2  8  6  6  4  1  1
#  2  2  7  6  4  2  1  1
#  1  2  2  2  2  1  1  1
#  0  1  1  1  1  1  1  1
#  0  1  1  1  0  0  0  1
#  0  0  0  0  1  0  0  0
