# TS_TEXT=2019-08-27-16:46:00
# TS_SECS=1566920760.73
# HOST=fore-node
# PERCENTILE_10=15.2
# PERCENTILE_90=17.6
# MIN_PIXEL=15.0
# MEDIAN_PIXEL=15.8
# MAX_PIXEL=21.0

# IMAGE
15.2 15.2 15.5 15.2 16.0 15.5 15.2 15.0 
16.0 16.0 15.5 17.2 16.8 16.2 15.2 15.0 
15.5 15.8 16.8 20.2 21.0 16.5 15.8 16.0 
15.5 16.2 17.2 21.0 20.8 16.5 15.2 15.2 
15.8 16.2 18.8 20.0 17.2 16.2 16.0 16.0 
15.0 16.2 17.2 17.8 16.2 16.0 15.5 15.5 
15.5 15.5 15.5 16.0 15.8 15.2 15.5 15.5 
16.2 16.0 15.5 15.8 15.5 15.2 15.0 15.0 


# DIFF
#  0  0  0  0  1  0  0  0
#  1  1  0  2  2  1  0  0
#  0  1  2  5  6  2  1  1
#  0  1  2  6  6  2  0  0
#  1  1  4  5  2  1  1  1
#  0  1  2  3  1  1  0  0
#  0  0  0  1  1  0  0  0
#  1  1  0  1  0  0  0  0
