# TS_TEXT=2019-08-27-16:50:52
# TS_SECS=1566921052.76
# HOST=fore-node
# PERCENTILE_10=14.0
# PERCENTILE_90=17.7
# MIN_PIXEL=13.2
# MEDIAN_PIXEL=14.8
# MAX_PIXEL=20.8

# IMAGE
14.2 14.5 14.8 14.8 15.0 14.8 14.5 13.8 
15.2 14.8 15.2 16.0 15.2 16.2 15.2 14.0 
14.2 14.8 17.2 18.5 20.5 17.5 15.0 15.0 
14.5 15.2 19.2 20.8 18.2 18.0 15.2 14.5 
14.8 14.5 16.2 17.8 16.2 15.2 15.0 15.2 
14.2 15.5 14.5 14.5 14.8 14.8 14.2 14.5 
14.2 13.8 14.8 15.0 14.2 14.2 14.5 14.2 
13.2 14.8 14.0 14.5 14.8 13.5 14.0 14.0 


# DIFF
#  1  1  2  2  2  2  1  0
#  2  2  2  3  2  3  2  1
#  1  2  4  5  7  4  2  2
#  1  2  6  8  5  5  2  1
#  2  1  3  4  3  2  2  2
#  1  2  1  1  2  2  1  1
#  1  0  2  2  1  1  1  1
#  0  2  1  1  2  0  1  1
