# TS_TEXT=2019-08-18-22:53:32
# TS_SECS=1566165212.69
# HOST=starboard-node
# PERCENTILE_10=14.5
# PERCENTILE_90=16.5
# MIN_PIXEL=14.0
# MEDIAN_PIXEL=15.0
# MAX_PIXEL=20.8

# IMAGE
15.0 15.2 14.5 15.0 14.5 14.5 14.0 14.5 
15.0 14.0 15.0 14.5 15.0 15.2 14.2 14.5 
14.8 15.2 15.0 15.2 15.0 15.0 15.0 14.8 
14.8 14.8 15.8 15.8 15.5 16.0 14.8 15.2 
15.2 15.5 18.5 17.5 15.2 15.2 15.0 14.5 
15.2 15.8 19.2 18.8 15.5 15.2 15.0 15.0 
16.5 15.8 20.8 18.5 15.5 14.8 14.5 14.2 
15.8 16.0 16.5 15.5 14.8 15.2 15.0 14.2 


# DIFF
#  1  1  0  1  0  0  0  0
#  1  0  1  0  1  1  0  0
#  1  1  1  1  1  1  1  1
#  1  1  2  2  2  2  1  1
#  1  2  4  4  1  1  1  0
#  1  2  5  5  2  1  1  1
#  2  2  7  4  2  1  0  0
#  2  2  2  2  1  1  1  0
