# TS_TEXT=2019-08-18-22:53:35
# TS_SECS=1566165215.71
# HOST=starboard-node
# PERCENTILE_10=14.5
# PERCENTILE_90=15.5
# MIN_PIXEL=14.2
# MEDIAN_PIXEL=15.0
# MAX_PIXEL=20.2

# IMAGE
15.5 15.0 14.8 15.2 14.8 15.0 14.5 15.0 
15.0 14.8 15.0 14.8 14.8 15.2 14.8 14.2 
14.8 14.8 15.5 15.8 15.0 14.5 14.2 14.5 
15.5 15.2 15.2 15.2 15.0 15.5 14.8 14.5 
18.0 16.2 15.5 15.5 15.0 15.0 15.2 14.2 
20.2 16.8 15.0 15.5 15.0 15.0 15.2 14.5 
18.0 15.5 15.2 15.0 14.8 14.5 14.5 14.2 
15.5 15.2 15.5 14.8 15.0 14.5 14.5 14.2 


# DIFF
#  1  1  0  1  0  1  0  1
#  1  0  1  0  0  1  0  0
#  0  0  1  2  1  0  0  0
#  1  1  1  1  1  1  0  0
#  4  2  1  1  1  1  1  0
#  6  2  1  1  1  1  1  0
#  4  1  1  1  0  0  0  0
#  1  1  1  0  1  0  0  0
