# TS_TEXT=2019-08-18-22:57:55
# TS_SECS=1566165475.95
# HOST=fore-node
# PERCENTILE_10=13.2
# PERCENTILE_90=14.5
# MIN_PIXEL=12.8
# MEDIAN_PIXEL=13.8
# MAX_PIXEL=16.5

# IMAGE
13.8 13.5 14.0 13.2 13.2 13.0 12.8 13.5 
14.0 14.0 14.0 13.8 14.5 13.5 13.2 13.2 
13.8 14.2 15.0 14.2 14.0 13.5 13.2 13.8 
14.8 14.8 14.0 13.8 14.0 14.0 13.2 13.2 
16.5 15.0 14.0 14.5 13.2 14.0 13.8 14.5 
13.2 13.0 14.0 13.0 12.8 13.5 14.2 14.0 
13.8 13.8 13.0 13.5 13.2 13.2 13.8 14.0 
14.2 13.5 14.0 13.5 13.2 13.8 14.5 13.2 


# DIFF
#  1  1  1  0  0  0  0  1
#  1  1  1  1  2  1  0  0
#  1  2  2  2  1  1  0  1
#  2  2  1  1  1  1  0  0
#  4  2  1  2  0  1  1  2
#  0  0  1  0  0  1  2  1
#  1  1  0  1  0  0  1  1
#  2  1  1  1  0  1  2  0
