# TS_TEXT=2019-08-18-22:54:25
# TS_SECS=1566165265.28
# HOST=aft-node
# PERCENTILE_10=14.8
# PERCENTILE_90=15.7
# MIN_PIXEL=14.0
# MEDIAN_PIXEL=15.0
# MAX_PIXEL=15.8

# IMAGE
15.0 15.2 15.0 15.8 15.8 15.2 15.2 14.2 
15.8 15.0 15.2 15.2 15.2 15.5 14.5 14.8 
15.0 15.8 15.0 15.2 15.5 15.5 15.0 14.8 
15.2 15.2 15.2 15.8 14.8 15.0 15.0 15.2 
15.2 14.8 15.2 14.8 14.8 14.8 15.2 14.5 
15.2 15.0 15.0 14.8 15.0 15.0 15.2 14.0 
15.5 15.0 15.2 15.0 14.8 15.0 14.8 14.5 
15.0 15.5 15.8 15.2 14.5 15.0 15.8 15.0 


# DIFF
#  1  1  1  2  2  1  1  0
#  2  1  1  1  1  2  0  1
#  1  2  1  1  2  2  1  1
#  1  1  1  2  1  1  1  1
#  1  1  1  1  1  1  1  0
#  1  1  1  1  1  1  1  0
#  2  1  1  1  1  1  1  0
#  1  2  2  1  0  1  2  1
