# TS_TEXT=2019-08-18-23:01:41
# TS_SECS=1566165701.74
# HOST=centre-node
# PERCENTILE_10=13.2
# PERCENTILE_90=14.5
# MIN_PIXEL=12.8
# MEDIAN_PIXEL=13.8
# MAX_PIXEL=18.8

# IMAGE
13.8 13.5 13.5 13.8 13.8 13.0 13.5 13.8 
13.8 13.8 13.8 13.8 13.2 13.2 13.0 13.0 
17.2 15.5 15.2 13.5 13.8 13.5 14.0 12.8 
18.8 17.0 16.2 13.8 13.8 14.0 13.2 13.2 
14.2 14.2 14.5 13.8 14.5 13.2 13.0 13.8 
13.5 14.0 14.0 14.5 14.0 14.0 13.8 13.8 
14.5 13.8 13.8 13.8 13.5 14.0 13.8 13.5 
13.5 14.0 14.0 13.5 13.8 14.0 13.8 13.5 


# DIFF
#  1  1  1  1  1  0  1  1
#  1  1  1  1  0  0  0  0
#  4  3  2  1  1  1  1  0
#  6  4  4  1  1  1  0  0
#  2  2  2  1  2  0  0  1
#  1  1  1  2  1  1  1  1
#  2  1  1  1  1  1  1  1
#  1  1  1  1  1  1  1  1
