# TS_TEXT=2019-08-25-16:26:50
# TS_SECS=1566746810.63
# HOST=port-node
# PERCENTILE_10=14.8
# PERCENTILE_90=15.8
# MIN_PIXEL=13.8
# MEDIAN_PIXEL=15.5
# MAX_PIXEL=21.2

# IMAGE
15.5 15.0 15.0 15.0 15.0 15.5 15.8 15.8 
15.5 15.5 15.5 15.2 15.8 15.2 15.8 15.8 
14.8 15.0 15.2 15.2 15.5 15.2 21.2 17.8 
13.8 15.2 15.5 15.2 15.8 15.8 17.8 16.2 
14.5 15.2 15.5 15.2 15.8 15.5 15.8 16.0 
15.2 15.2 15.5 15.2 15.5 14.8 15.8 15.5 
14.8 15.0 14.2 15.5 15.5 15.8 15.8 16.0 
14.8 15.2 15.5 14.5 15.2 15.2 15.5 15.5 


# DIFF
#  2  1  1  1  1  2  2  2
#  2  2  2  2  2  2  2  2
#  1  1  2  2  2  2  8  4
#  0  2  2  2  2  2  4  2
#  1  2  2  2  2  2  2  2
#  2  2  2  2  2  1  2  2
#  1  1  0  2  2  2  2  2
#  1  2  2  1  2  2  2  2
