# TS_TEXT=2019-08-25-16:27:38
# TS_SECS=1566746858.82
# HOST=port-node
# PERCENTILE_10=15.0
# PERCENTILE_90=16.0
# MIN_PIXEL=14.0
# MEDIAN_PIXEL=15.5
# MAX_PIXEL=22.2

# IMAGE
16.0 15.5 15.2 15.5 15.2 15.8 15.8 15.2 
15.8 15.5 16.0 15.8 15.8 15.5 15.5 16.2 
15.0 16.0 15.8 15.8 15.5 15.8 22.2 17.5 
14.0 15.8 15.5 15.5 16.0 15.8 18.0 16.5 
14.5 15.5 15.8 15.5 15.2 15.5 16.2 16.0 
15.2 15.5 15.2 15.2 15.0 15.2 16.0 15.8 
14.8 15.0 15.5 15.8 15.0 16.0 15.5 16.0 
15.2 15.0 15.5 15.2 15.8 15.2 15.5 15.5 


# DIFF
#  2  2  1  2  1  2  2  1
#  2  2  2  2  2  2  2  2
#  1  2  2  2  2  2  8  4
#  0  2  2  2  2  2  4  2
#  0  2  2  2  1  2  2  2
#  1  2  1  1  1  1  2  2
#  1  1  2  2  1  2  2  2
#  1  1  2  1  2  1  2  2
