# TS_TEXT=2019-08-25-16:27:39
# TS_SECS=1566746859.83
# HOST=port-node
# PERCENTILE_10=15.1
# PERCENTILE_90=16.2
# MIN_PIXEL=14.8
# MEDIAN_PIXEL=15.8
# MAX_PIXEL=22.0

# IMAGE
15.5 16.0 14.8 15.0 16.0 16.0 16.0 15.5 
15.5 15.2 15.5 15.5 16.2 16.0 16.2 16.5 
15.2 16.0 15.8 16.0 15.8 15.5 22.0 17.8 
14.8 15.5 16.0 16.0 15.8 16.2 18.5 16.8 
15.0 15.2 15.5 15.2 16.0 16.0 16.2 16.0 
15.0 15.2 15.5 16.0 15.0 15.5 16.2 15.8 
15.5 15.2 15.2 16.0 15.8 16.0 15.8 16.0 
15.5 15.2 15.8 15.0 15.2 15.2 16.2 16.0 


# DIFF
#  1  1  0  0  1  1  1  1
#  1  0  1  1  2  1  2  2
#  0  1  1  1  1  1  7  3
#  0  1  1  1  1  2  4  2
#  0  0  1  0  1  1  2  1
#  0  0  1  1  0  1  2  1
#  1  0  0  1  1  1  1  1
#  1  0  1  0  0  0  2  1
