# TS_TEXT=2019-08-25-16:15:20
# TS_SECS=1566746120.51
# HOST=centre-node
# PERCENTILE_10=15.3
# PERCENTILE_90=16.8
# MIN_PIXEL=15.0
# MEDIAN_PIXEL=16.0
# MAX_PIXEL=43.8

# IMAGE
17.8 16.2 15.8 15.5 15.8 15.5 15.2 15.2 
16.0 15.8 16.0 16.5 15.5 16.0 15.5 15.0 
20.5 16.8 16.5 15.8 16.2 15.8 15.8 15.0 
43.8 17.8 16.8 16.0 15.8 15.8 16.0 15.0 
16.8 17.0 16.2 16.0 16.5 16.2 15.8 15.8 
16.0 16.0 16.2 16.2 17.0 16.2 16.2 15.2 
16.2 15.8 16.0 16.5 16.0 16.5 16.2 15.5 
15.8 16.0 16.0 16.0 16.2 15.2 16.2 15.8 


# DIFF
#  3  1  1  0  1  0  0  0
#  1  1  1  2  0  1  0  0
#  6  2  2  1  1  1  1  0
# 29  3  2  1  1  1  1  0
#  2  2  1  1  2  1  1  1
#  1  1  1  1  2  1  1  0
#  1  1  1  2  1  2  1  0
#  1  1  1  1  1  0  1  1
