# TS_TEXT=2019-08-25-16:15:23
# TS_SECS=1566746123.53
# HOST=centre-node
# PERCENTILE_10=15.1
# PERCENTILE_90=16.8
# MIN_PIXEL=14.8
# MEDIAN_PIXEL=15.9
# MAX_PIXEL=43.5

# IMAGE
17.2 16.2 15.5 15.8 15.8 15.2 15.0 14.8 
16.0 15.8 15.8 16.0 15.8 15.8 15.2 14.8 
19.5 16.2 16.0 16.0 16.2 15.5 15.8 15.0 
43.5 18.0 16.5 16.0 16.0 15.5 15.8 15.8 
16.0 16.8 16.2 15.8 16.8 16.0 15.0 15.8 
15.5 15.8 15.8 16.5 17.0 16.0 16.0 14.8 
17.0 16.0 16.0 16.0 16.2 16.2 15.5 15.5 
15.2 16.0 15.5 15.8 16.2 16.0 15.5 15.0 


# DIFF
#  2  2  1  1  1  0  0  0
#  1  1  1  1  1  1  0  0
#  5  2  1  1  2  1  1  0
# 29  3  2  1  1  1  1  1
#  1  2  2  1  2  1  0  1
#  1  1  1  2  2  1  1  0
#  2  1  1  1  2  2  1  1
#  0  1  1  1  2  1  1  0
