# TS_TEXT=2019-08-18-23:12:06
# TS_SECS=1566166326.27
# HOST=port-node
# PERCENTILE_10=13.5
# PERCENTILE_90=15.4
# MIN_PIXEL=13.0
# MEDIAN_PIXEL=14.0
# MAX_PIXEL=17.8

# IMAGE
14.0 14.2 14.2 13.5 14.5 14.2 14.5 14.5 
13.8 14.2 14.0 14.8 15.0 14.8 14.8 14.8 
14.0 14.0 14.0 15.2 16.5 16.8 14.8 15.5 
13.8 13.8 14.2 15.0 17.8 17.2 15.8 15.8 
14.0 14.0 13.8 13.0 13.2 13.8 14.0 13.2 
13.8 13.2 13.5 13.5 13.8 13.8 14.0 13.8 
14.0 14.0 13.8 14.0 14.0 14.8 13.8 15.0 
13.8 13.2 14.0 14.0 13.8 14.0 15.0 14.5 


# DIFF
#  1  1  1  0  2  1  2  2
#  1  1  1  2  2  2  2  2
#  1  1  1  2  4  4  2  2
#  1  1  1  2  5  4  3  3
#  1  1  1  0  0  1  1  0
#  1  0  0  0  1  1  1  1
#  1  1  1  1  1  2  1  2
#  1  0  1  1  1  1  2  2
