# TS_TEXT=2019-08-25-13:39:19
# TS_SECS=1566736759.90
# HOST=centre-node
# PERCENTILE_10=14.2
# PERCENTILE_90=15.5
# MIN_PIXEL=13.5
# MEDIAN_PIXEL=14.8
# MAX_PIXEL=16.2

# IMAGE
15.0 13.8 14.2 14.5 14.2 14.0 14.5 14.5 
14.0 14.5 14.5 14.5 14.2 14.5 14.2 13.5 
15.0 14.5 15.2 14.2 14.8 14.5 14.8 14.0 
15.2 15.5 14.8 14.2 15.0 14.5 14.0 14.2 
15.0 15.0 14.8 14.8 15.5 14.5 14.5 14.2 
14.5 15.5 15.0 16.2 15.5 14.8 14.5 14.8 
15.8 15.0 14.8 15.0 15.0 14.8 14.8 14.2 
15.2 15.2 15.5 15.0 14.8 14.2 15.5 14.5 


# DIFF
#  2  0  1  1  1  0  1  1
#  0  1  1  1  1  1  1  0
#  2  1  2  1  1  1  1  0
#  2  2  1  1  2  1  0  1
#  2  2  1  1  2  1  1  1
#  1  2  2  3  2  1  1  1
#  2  2  1  2  2  1  1  1
#  2  2  2  2  1  1  2  1
