# TS_TEXT=2019-08-18-21:32:26
# TS_SECS=1566160346.10
# HOST=port-node
# PERCENTILE_10=13.5
# PERCENTILE_90=16.6
# MIN_PIXEL=0.0
# MEDIAN_PIXEL=14.2
# MAX_PIXEL=19.5

# IMAGE
13.2 14.0 13.5 13.8 14.0 14.2 13.8 19.5 
13.5 13.5 14.2 13.2 13.8 13.8 13.5 14.0 
14.2 13.8 14.0 13.8 13.8 13.8 14.5 14.8 
14.2 14.0 14.2 14.0 13.8 14.2 16.2 17.2 
15.2 14.8 14.0 13.5 14.2 15.0 18.0 17.5 
19.0 16.0 14.8 14.2 14.5 14.0 15.2 14.5 
19.5 16.8 14.5 15.0 14.0 14.8 14.5 14.2 
0.0 14.0 14.8 14.2 14.2 14.8 15.2 14.0 


# DIFF
# 13 14 14 14 14 14 14 20
# 14 14 14 13 14 14 14 14
# 14 14 14 14 14 14 14 15
# 14 14 14 14 14 14 16 17
# 15 15 14 14 14 15 18 18
# 19 16 15 14 14 14 15 14
# 20 17 14 15 14 15 14 14
#  0 14 15 14 14 15 15 14
