# TS_TEXT=2019-08-25-13:06:25
# TS_SECS=1566734785.14
# HOST=port-node
# PERCENTILE_10=16.2
# PERCENTILE_90=18.9
# MIN_PIXEL=16.0
# MEDIAN_PIXEL=17.0
# MAX_PIXEL=20.5

# IMAGE
16.2 16.5 16.2 16.2 17.0 17.8 16.8 16.5 
16.8 16.5 17.0 16.2 19.0 19.8 17.5 16.5 
16.2 16.2 17.2 17.0 18.2 20.5 19.8 17.0 
16.0 17.0 17.0 16.5 17.2 19.5 19.0 17.5 
17.0 17.5 17.0 16.8 17.2 18.8 17.5 16.8 
18.5 18.2 16.5 16.8 16.5 17.0 17.0 17.0 
20.0 16.5 16.8 17.0 16.8 16.5 17.0 16.8 
17.8 16.5 16.2 16.5 17.0 16.5 16.5 16.8 


# DIFF
#  0  0  0  0  1  2  1  0
#  1  0  1  0  3  4  2  0
#  0  0  1  1  2  4  4  1
#  0  1  1  0  1  4  3  2
#  1  2  1  1  1  3  2  1
#  2  2  0  1  0  1  1  1
#  4  0  1  1  1  0  1  1
#  2  0  0  0  1  0  0  1
