# TS_TEXT=2019-08-25-13:06:11
# TS_SECS=1566734771.04
# HOST=port-node
# PERCENTILE_10=16.2
# PERCENTILE_90=18.4
# MIN_PIXEL=15.8
# MEDIAN_PIXEL=16.8
# MAX_PIXEL=20.5

# IMAGE
16.2 16.0 16.5 16.5 17.0 18.0 17.5 16.5 
16.5 16.5 16.8 17.0 19.0 20.2 17.8 16.8 
15.8 16.8 17.0 17.0 18.2 19.2 20.5 17.8 
16.2 17.0 17.8 16.8 16.5 17.8 18.5 17.5 
16.2 17.0 16.2 16.5 17.0 17.2 16.8 17.0 
19.0 18.0 17.0 16.8 16.5 16.8 17.0 16.8 
19.0 16.8 16.5 17.0 16.2 17.0 16.2 16.5 
17.0 16.0 16.5 16.2 16.5 16.8 16.2 17.0 


# DIFF
#  0  0  1  1  1  2  2  1
#  1  1  1  1  3  4  2  1
#  0  1  1  1  2  4  5  2
#  0  1  2  1  1  2  3  2
#  0  1  0  1  1  2  1  1
#  3  2  1  1  1  1  1  1
#  3  1  1  1  0  1  0  1
#  1  0  1  0  1  1  0  1
