# TS_TEXT=2019-08-25-13:06:21
# TS_SECS=1566734781.11
# HOST=port-node
# PERCENTILE_10=16.0
# PERCENTILE_90=18.2
# MIN_PIXEL=15.5
# MEDIAN_PIXEL=16.8
# MAX_PIXEL=20.0

# IMAGE
17.0 15.8 15.5 15.8 17.0 16.8 16.8 16.8 
17.0 16.5 17.0 16.2 19.2 19.2 17.2 17.0 
16.5 16.8 16.8 16.5 18.2 19.8 20.0 18.0 
16.0 17.0 17.0 16.5 17.2 17.2 18.2 17.0 
16.5 17.2 16.8 16.5 16.5 16.8 17.0 16.8 
19.0 17.8 16.5 16.2 16.8 15.8 16.8 16.0 
19.0 16.8 16.8 16.5 17.0 17.0 17.0 16.5 
17.8 16.8 17.0 16.2 16.8 16.0 17.0 16.0 


# DIFF
#  2  0  0  0  2  1  1  1
#  2  1  2  1  4  4  2  2
#  1  1  1  1  3  4  4  2
#  0  2  2  1  2  2  3  2
#  1  2  1  1  1  1  2  1
#  4  2  1  1  1  0  1  0
#  4  1  1  1  2  2  2  1
#  2  1  2  1  1  0  2  0
