# TS_TEXT=2019-08-25-12:40:36
# TS_SECS=1566733236.64
# HOST=centre-node
# PERCENTILE_10=14.6
# PERCENTILE_90=17.1
# MIN_PIXEL=14.0
# MEDIAN_PIXEL=15.2
# MAX_PIXEL=19.2

# IMAGE
15.2 14.0 14.8 15.0 14.8 14.8 14.8 15.0 
15.0 14.5 14.8 15.5 14.5 15.0 14.8 14.5 
15.2 14.8 16.0 15.2 15.0 14.8 14.8 14.0 
15.0 15.5 16.2 17.8 15.5 14.8 15.0 14.8 
15.2 15.5 17.2 19.2 18.8 15.8 15.2 14.5 
15.8 15.5 16.2 19.0 19.2 16.0 15.2 14.5 
16.0 15.5 15.2 17.2 16.8 15.2 15.0 15.0 
15.5 15.5 16.2 15.2 15.2 15.5 15.2 15.2 


# DIFF
#  1  0  1  1  1  1  1  1
#  1  0  1  2  0  1  1  0
#  1  1  2  1  1  1  1  0
#  1  2  2  4  2  1  1  1
#  1  2  3  5  5  2  1  0
#  2  2  2  5  5  2  1  0
#  2  2  1  3  3  1  1  1
#  2  2  2  1  1  2  1  1
