# TS_TEXT=2019-08-25-12:40:49
# TS_SECS=1566733249.69
# HOST=centre-node
# PERCENTILE_10=14.1
# PERCENTILE_90=16.5
# MIN_PIXEL=13.8
# MEDIAN_PIXEL=14.8
# MAX_PIXEL=19.2

# IMAGE
14.5 14.5 14.0 14.0 14.5 14.2 14.2 14.2 
14.5 14.2 14.2 15.0 14.8 14.5 14.0 13.8 
14.8 14.0 14.8 14.5 14.8 14.8 14.5 14.0 
15.0 14.8 15.2 16.8 15.8 14.8 14.8 14.0 
15.0 15.5 16.8 18.5 18.8 15.2 14.5 14.8 
14.5 15.2 15.5 18.5 19.2 15.5 14.8 14.5 
15.8 14.8 15.2 16.0 17.5 15.2 14.8 14.5 
14.8 15.0 15.8 15.5 15.5 15.2 15.2 14.5 


# DIFF
#  1  1  0  0  1  0  0  0
#  1  0  0  1  1  1  0  0
#  1  0  1  1  1  1  1  0
#  1  1  2  3  2  1  1  0
#  1  2  3  5  5  2  1  1
#  1  2  2  5  6  2  1  1
#  2  1  2  2  4  2  1  1
#  1  1  2  2  2  2  2  1
