# TS_TEXT=2019-08-18-21:50:37
# TS_SECS=1566161437.64
# HOST=aft-node
# PERCENTILE_10=13.2
# PERCENTILE_90=16.7
# MIN_PIXEL=12.5
# MEDIAN_PIXEL=13.8
# MAX_PIXEL=18.5

# IMAGE
13.0 13.8 13.8 13.2 16.2 14.8 14.2 13.5 
13.2 13.5 14.0 13.2 18.5 18.5 14.5 13.5 
13.5 13.0 13.2 13.2 17.0 16.5 14.2 13.5 
13.5 13.5 13.5 13.2 13.2 13.8 13.8 13.2 
13.5 13.8 14.0 13.8 13.2 13.0 14.0 13.2 
14.0 16.5 14.8 14.2 13.5 12.5 13.2 13.2 
14.8 18.0 18.5 14.5 13.5 13.8 13.5 13.2 
14.0 17.2 16.8 14.2 13.5 13.8 14.0 13.8 


# DIFF
#  0  1  1  1  4  2  2  1
#  1  1  2  1  6  6  2  1
#  1  0  1  1  4  4  2  1
#  1  1  1  1  1  1  1  1
#  1  1  2  1  1  0  2  1
#  2  4  2  2  1  0  1  1
#  2  6  6  2  1  1  1  1
#  2  5  4  2  1  1  2  1
