# TS_TEXT=2019-08-25-15:55:02
# TS_SECS=1566744902.82
# HOST=starboard-node
# PERCENTILE_10=16.8
# PERCENTILE_90=17.9
# MIN_PIXEL=16.2
# MEDIAN_PIXEL=17.2
# MAX_PIXEL=18.5

# IMAGE
16.2 16.8 16.5 17.2 17.2 17.2 16.5 17.0 
16.8 16.5 17.2 17.2 17.2 17.2 17.2 17.0 
17.0 16.5 17.0 17.5 17.2 17.0 17.2 17.5 
17.2 17.0 17.5 17.8 17.5 17.2 17.5 18.0 
17.2 17.5 17.2 17.5 17.5 17.5 17.5 17.8 
17.5 17.0 17.5 17.5 17.2 18.2 17.5 18.0 
17.0 16.8 18.0 17.8 17.8 18.0 17.5 17.5 
17.2 17.5 18.5 17.5 17.0 17.5 17.2 18.0 


# DIFF
#  0  0  0  1  1  1  0  1
#  0  0  1  1  1  1  1  1
#  1  0  1  1  1  1  1  1
#  1  1  1  2  1  1  1  2
#  1  1  1  1  1  1  1  2
#  1  1  1  1  1  2  1  2
#  1  0  2  2  2  2  1  1
#  1  1  2  1  1  1  1  2
