# TS_TEXT=2019-08-25-11:14:28
# TS_SECS=1566728068.26
# HOST=centre-node
# PERCENTILE_10=15.3
# PERCENTILE_90=17.4
# MIN_PIXEL=14.8
# MEDIAN_PIXEL=16.0
# MAX_PIXEL=21.5

# IMAGE
16.2 15.8 15.2 15.8 15.5 15.5 15.2 15.8 
15.5 15.5 15.2 16.2 15.8 15.8 15.5 15.5 
15.8 15.8 16.2 15.8 16.5 15.8 15.8 14.8 
16.2 16.2 16.2 15.8 16.2 15.8 15.5 15.0 
16.0 16.5 16.2 16.5 17.2 15.2 15.2 15.8 
16.0 16.8 17.5 21.5 20.2 16.2 16.8 16.0 
16.8 16.0 18.2 20.5 19.8 16.2 16.0 16.0 
16.5 17.0 17.0 18.0 17.0 16.0 16.5 15.8 


# DIFF
#  2  1  0  1  1  1  0  1
#  1  1  0  2  1  1  1  1
#  1  1  2  1  2  1  1  0
#  2  2  2  1  2  1  1  0
#  1  2  2  2  2  0  0  1
#  1  2  3  7  6  2  2  1
#  2  1  4  6  5  2  1  1
#  2  2  2  3  2  1  2  1
