# TS_TEXT=2019-08-25-13:09:59
# TS_SECS=1566734999.62
# HOST=centre-node
# PERCENTILE_10=15.0
# PERCENTILE_90=17.1
# MIN_PIXEL=14.5
# MEDIAN_PIXEL=15.8
# MAX_PIXEL=19.2

# IMAGE
16.0 14.8 14.8 15.5 15.5 15.0 14.8 15.2 
15.5 15.2 15.5 16.0 15.2 15.2 15.0 15.0 
15.5 15.2 16.0 15.8 16.0 15.5 15.2 15.2 
15.8 16.2 16.2 16.2 16.2 15.5 15.5 15.2 
15.5 16.5 16.8 16.0 16.0 15.8 14.5 15.2 
16.0 19.2 19.0 16.5 16.0 15.5 15.8 15.5 
17.2 19.0 18.0 16.2 15.8 15.8 15.8 16.0 
17.8 18.0 16.8 16.2 16.0 15.5 15.5 14.8 


# DIFF
#  2  0  0  1  1  0  0  1
#  1  1  1  2  1  1  0  0
#  1  1  2  1  2  1  1  1
#  1  2  2  2  2  1  1  1
#  1  2  2  2  2  1  0  1
#  2  5  4  2  2  1  1  1
#  3  4  4  2  1  1  1  2
#  3  4  2  2  2  1  1  0
