# TS_TEXT=2019-08-18-22:36:41
# TS_SECS=1566164201.05
# HOST=port-node
# PERCENTILE_10=13.8
# PERCENTILE_90=15.8
# MIN_PIXEL=13.2
# MEDIAN_PIXEL=14.5
# MAX_PIXEL=18.2

# IMAGE
14.2 13.8 13.2 13.5 14.0 14.5 14.2 14.2 
13.8 13.8 13.8 14.0 14.5 14.2 14.2 14.2 
13.5 14.0 14.5 13.8 14.8 14.8 14.8 14.5 
14.0 14.5 14.2 15.0 16.2 14.5 14.5 14.2 
13.8 14.8 14.8 18.0 15.8 14.2 15.2 14.8 
15.0 16.2 14.5 18.2 14.8 14.5 14.8 14.8 
18.0 15.8 14.2 15.2 14.2 13.8 13.2 13.8 
18.2 14.8 14.5 14.8 13.8 13.8 13.8 14.5 


# DIFF
#  1  0  0  0  1  1  1  1
#  0  0  0  1  1  1  1  1
#  0  1  1  0  2  2  2  1
#  1  1  1  2  3  1  1  1
#  0  2  2  5  2  1  2  2
#  2  3  1  5  2  1  2  2
#  5  2  1  2  1  0  0  0
#  5  2  1  2  0  0  0  1
