# TS_TEXT=2019-08-18-21:38:40
# TS_SECS=1566160720.23
# HOST=fore-node
# PERCENTILE_10=14.0
# PERCENTILE_90=16.5
# MIN_PIXEL=13.8
# MEDIAN_PIXEL=14.5
# MAX_PIXEL=17.8

# IMAGE
14.5 14.5 14.2 14.0 14.8 13.8 13.8 14.5 
14.0 15.2 14.8 14.0 14.2 14.2 14.0 14.2 
15.8 14.8 14.8 14.5 14.2 14.0 14.2 14.5 
16.8 17.0 15.0 14.5 14.5 14.5 14.5 14.2 
16.5 14.5 15.0 15.2 15.0 14.0 15.2 14.8 
14.8 13.8 13.8 14.5 16.2 15.8 14.8 14.8 
14.2 14.2 14.0 14.2 17.8 16.8 17.0 15.0 
14.2 14.0 14.2 14.5 17.8 16.5 14.5 15.0 


# DIFF
#  1  1  0  0  1  0  0  1
#  0  2  1  0  0  0  0  0
#  2  1  1  1  0  0  0  1
#  3  3  1  1  1  1  1  0
#  3  1  1  2  1  0  2  1
#  1  0  0  1  2  2  1  1
#  0  0  0  0  4  3  3  1
#  0  0  0  1  4  3  1  1
