# TS_TEXT=2019-08-18-22:12:59
# TS_SECS=1566162779.30
# HOST=port-node
# PERCENTILE_10=14.0
# PERCENTILE_90=15.2
# MIN_PIXEL=13.5
# MEDIAN_PIXEL=14.5
# MAX_PIXEL=15.5

# IMAGE
14.8 14.8 14.5 14.0 14.2 15.0 14.8 14.8 
14.2 14.8 14.5 14.8 15.5 14.8 14.8 15.5 
14.5 15.2 14.2 14.5 15.5 15.0 15.5 15.2 
13.5 14.0 14.5 13.8 14.0 14.2 14.2 14.2 
14.8 14.0 14.2 14.2 14.2 14.8 14.5 13.8 
14.8 13.5 14.2 14.2 14.2 14.8 14.2 15.0 
14.2 13.5 14.5 14.2 14.2 14.8 15.0 14.8 
14.5 14.8 14.5 14.5 14.5 15.0 14.5 15.2 


# DIFF
#  1  1  1  0  1  2  1  1
#  1  1  1  1  2  1  1  2
#  1  2  1  1  2  2  2  2
#  0  0  1  0  0  1  1  1
#  1  0  1  1  1  1  1  0
#  1  0  1  1  1  1  1  2
#  1  0  1  1  1  1  2  1
#  1  1  1  1  1  2  1  2
