# TS_TEXT=2019-08-25-13:13:59
# TS_SECS=1566735239.66
# HOST=centre-node
# PERCENTILE_10=15.0
# PERCENTILE_90=17.4
# MIN_PIXEL=14.5
# MEDIAN_PIXEL=15.8
# MAX_PIXEL=19.5

# IMAGE
15.8 15.0 15.2 15.5 14.8 15.0 14.5 14.5 
15.8 15.8 15.5 16.2 15.2 15.8 15.5 15.0 
15.2 15.8 17.2 18.2 17.0 15.2 16.0 14.5 
16.0 16.5 17.8 19.5 17.2 16.0 15.2 15.2 
16.0 16.8 17.5 19.2 18.5 15.8 15.0 15.2 
16.0 16.5 17.0 17.5 17.2 15.8 15.5 15.5 
16.8 15.5 16.0 16.2 16.2 15.5 15.5 15.2 
16.0 16.0 16.5 16.2 15.8 16.0 15.0 15.2 


# DIFF
#  1  0  1  1  0  0  0  0
#  1  1  1  2  1  1  1  0
#  1  1  3  4  2  1  2  0
#  2  2  3  5  3  2  1  1
#  2  2  3  5  4  1  0  1
#  2  2  2  3  3  1  1  1
#  2  1  2  2  2  1  1  1
#  2  2  2  2  1  2  0  1
