# TS_TEXT=2019-08-18-21:45:46
# TS_SECS=1566161146.19
# HOST=centre-node
# PERCENTILE_10=13.5
# PERCENTILE_90=15.7
# MIN_PIXEL=12.8
# MEDIAN_PIXEL=14.2
# MAX_PIXEL=18.5

# IMAGE
13.5 13.2 13.5 13.5 13.5 13.8 13.5 13.5 
12.8 13.5 13.5 14.2 13.8 14.8 14.0 13.8 
13.8 13.5 13.8 14.0 17.0 15.8 14.2 12.8 
13.5 13.2 14.5 15.2 17.5 15.2 13.8 13.5 
13.2 14.2 15.5 17.5 18.5 15.2 13.5 13.8 
14.0 14.2 14.2 16.5 18.5 14.2 14.5 14.5 
14.2 14.2 14.8 14.8 15.5 14.8 14.0 14.2 
14.0 14.5 14.8 14.8 14.0 14.5 15.0 14.5 


# DIFF
#  1  0  1  1  1  1  1  1
#  0  1  1  2  1  2  1  1
#  1  1  1  1  4  3  2  0
#  1  0  2  2  5  2  1  1
#  0  2  3  5  6  2  1  1
#  1  2  2  4  6  2  2  2
#  2  2  2  2  3  2  1  2
#  1  2  2  2  1  2  2  2
