# TS_TEXT=2019-08-18-21:45:39
# TS_SECS=1566161139.12
# HOST=centre-node
# PERCENTILE_10=13.5
# PERCENTILE_90=16.0
# MIN_PIXEL=12.8
# MEDIAN_PIXEL=14.1
# MAX_PIXEL=19.0

# IMAGE
13.5 13.5 13.8 13.8 13.8 14.0 14.0 13.8 
13.2 13.5 13.8 14.5 14.5 15.2 14.5 12.8 
13.5 13.5 14.8 14.2 17.0 16.2 14.2 13.8 
14.5 14.8 16.5 19.0 17.8 14.8 14.0 13.5 
13.5 15.0 18.2 17.8 15.5 14.8 13.5 14.0 
13.8 14.0 14.5 14.5 14.8 14.0 14.5 14.0 
14.5 13.8 14.8 14.2 14.5 14.0 14.0 13.5 
13.8 14.0 14.8 14.2 14.0 14.2 14.5 13.8 


# DIFF
#  1  1  1  1  1  1  1  1
#  0  1  1  2  2  2  2  0
#  1  1  2  2  4  4  2  1
#  2  2  4  6  5  2  1  1
#  1  2  6  5  3  2  1  1
#  1  1  2  2  2  1  2  1
#  2  1  2  2  2  1  1  1
#  1  1  2  2  1  2  2  1
