# TS_TEXT=2019-08-18-23:04:04
# TS_SECS=1566165844.60
# HOST=port-node
# PERCENTILE_10=13.0
# PERCENTILE_90=15.3
# MIN_PIXEL=13.0
# MEDIAN_PIXEL=13.9
# MAX_PIXEL=19.2

# IMAGE
13.8 13.5 13.0 13.0 14.0 13.2 13.0 13.0 
13.0 13.8 14.0 13.5 13.2 13.8 13.8 13.5 
13.5 13.5 14.0 15.8 14.5 14.5 14.0 13.8 
14.2 14.0 15.5 17.2 16.5 14.2 14.0 13.8 
14.5 13.8 14.8 19.2 17.8 14.0 14.2 13.0 
14.2 13.8 14.0 16.2 14.8 14.5 13.2 14.2 
13.2 14.0 13.5 13.8 14.2 14.0 13.8 14.0 
13.2 14.2 14.5 13.0 13.0 13.0 13.2 13.2 


# DIFF
#  1  0  0  0  1  0  0  0
#  0  1  1  0  0  1  1  0
#  0  0  1  3  2  2  1  1
#  1  1  2  4  4  1  1  1
#  2  1  2  6  5  1  1  0
#  1  1  1  3  2  2  0  1
#  0  1  0  1  1  1  1  1
#  0  1  2  0  0  0  0  0
