# TS_TEXT=2019-08-25-11:34:31
# TS_SECS=1566729271.14
# HOST=aft-node
# PERCENTILE_10=15.0
# PERCENTILE_90=16.2
# MIN_PIXEL=0.0
# MEDIAN_PIXEL=15.5
# MAX_PIXEL=19.8

# IMAGE
16.0 15.5 15.2 17.0 19.8 17.8 15.5 15.0 
15.8 16.0 15.8 16.2 16.2 15.2 15.2 15.2 
15.2 15.8 15.8 15.8 15.2 15.5 15.2 15.2 
15.5 15.8 15.5 14.8 15.8 15.5 15.8 15.0 
16.2 14.8 15.8 15.2 15.8 15.2 15.8 15.0 
15.5 15.2 15.2 15.2 15.8 15.8 15.0 15.0 
16.0 15.2 15.5 15.8 15.2 16.0 15.8 14.8 
0.0 15.5 15.5 15.5 15.5 17.8 17.2 15.8 


# DIFF
# 16 16 15 17 20 18 16 15
# 16 16 16 16 16 15 15 15
# 15 16 16 16 15 16 15 15
# 16 16 16 15 16 16 16 15
# 16 15 16 15 16 15 16 15
# 16 15 15 15 16 16 15 15
# 16 15 16 16 15 16 16 15
#  0 16 16 16 16 18 17 16
