# TS_TEXT=2019-08-25-11:35:28
# TS_SECS=1566729328.88
# HOST=aft-node
# PERCENTILE_10=15.0
# PERCENTILE_90=16.4
# MIN_PIXEL=0.0
# MEDIAN_PIXEL=15.8
# MAX_PIXEL=19.5

# IMAGE
16.0 15.8 15.8 17.0 19.5 17.2 14.8 14.8 
15.8 15.2 15.8 16.8 16.5 16.0 15.5 15.0 
15.2 15.8 16.0 16.2 15.5 15.5 14.8 15.2 
15.5 15.8 16.0 15.5 16.0 15.5 15.5 15.8 
15.8 15.5 16.0 15.8 15.8 15.2 16.0 15.2 
15.2 15.5 15.8 15.8 16.2 16.0 15.0 15.0 
15.0 15.8 15.8 15.8 15.5 16.2 15.5 15.2 
0.0 15.5 15.8 16.0 16.0 18.2 17.5 15.5 


# DIFF
# 16 16 16 17 20 17 15 15
# 16 15 16 17 16 16 16 15
# 15 16 16 16 16 16 15 15
# 16 16 16 16 16 16 16 16
# 16 16 16 16 16 15 16 15
# 15 16 16 16 16 16 15 15
# 15 16 16 16 16 16 16 15
#  0 16 16 16 16 18 18 16
