# TS_TEXT=2019-08-25-13:14:19
# TS_SECS=1566735259.84
# HOST=starboard-node
# PERCENTILE_10=16.0
# PERCENTILE_90=18.4
# MIN_PIXEL=15.8
# MEDIAN_PIXEL=16.8
# MAX_PIXEL=21.0

# IMAGE
16.0 16.2 16.0 16.8 16.8 16.8 16.0 15.8 
16.5 16.2 17.5 17.8 16.8 17.0 16.5 16.0 
16.5 17.2 18.2 20.2 19.0 18.5 16.8 16.2 
16.8 16.8 17.5 18.8 21.0 20.5 16.0 16.5 
16.5 16.0 16.8 17.2 18.5 17.2 16.5 16.0 
16.8 16.5 16.5 16.8 17.0 16.8 16.2 15.8 
16.2 16.2 16.8 16.8 16.5 16.0 16.2 16.2 
16.8 16.2 16.8 16.5 16.5 16.8 16.2 17.2 


# DIFF
#  0  0  0  1  1  1  0  0
#  1  0  2  2  1  1  1  0
#  1  2  2  4  3  3  1  0
#  1  1  2  3  5  5  0  1
#  1  0  1  2  3  2  1  0
#  1  1  1  1  1  1  0  0
#  0  0  1  1  1  0  0  0
#  1  0  1  1  1  1  0  2
