# TS_TEXT=2019-08-18-22:19:20
# TS_SECS=1566163160.82
# HOST=aft-node
# PERCENTILE_10=13.2
# PERCENTILE_90=14.2
# MIN_PIXEL=0.0
# MEDIAN_PIXEL=13.8
# MAX_PIXEL=17.0

# IMAGE
13.8 13.2 13.5 13.8 13.5 13.8 16.8 17.0 
13.8 13.8 13.8 13.5 13.8 14.0 16.2 17.0 
13.5 13.8 13.5 13.8 13.5 13.5 14.2 14.0 
13.8 13.8 13.8 13.5 13.5 13.8 13.2 13.5 
13.8 13.2 13.8 13.2 13.8 13.2 13.8 12.8 
14.5 14.0 13.8 13.0 14.0 13.8 13.5 13.2 
14.2 14.5 14.0 14.0 14.2 14.0 13.5 14.0 
0.0 12.8 13.2 13.5 13.5 13.8 13.8 13.8 


# DIFF
# 14 13 14 14 14 14 17 17
# 14 14 14 14 14 14 16 17
# 14 14 14 14 14 14 14 14
# 14 14 14 14 14 14 13 14
# 14 13 14 13 14 13 14 13
# 14 14 14 13 14 14 14 13
# 14 14 14 14 14 14 14 14
#  0 13 13 14 14 14 14 14
