# TS_TEXT=2019-08-18-22:19:19
# TS_SECS=1566163159.81
# HOST=aft-node
# PERCENTILE_10=13.5
# PERCENTILE_90=16.0
# MIN_PIXEL=13.0
# MEDIAN_PIXEL=13.8
# MAX_PIXEL=17.0

# IMAGE
14.0 13.8 13.8 14.2 14.0 13.5 16.8 16.5 
13.8 13.5 13.5 13.8 13.8 14.0 16.0 17.0 
14.0 13.8 13.0 13.8 13.0 13.8 14.2 14.0 
13.8 13.8 13.5 13.8 13.8 13.5 13.8 13.8 
13.8 13.5 14.0 13.5 13.8 13.0 13.8 13.0 
14.0 14.0 13.8 14.2 13.8 13.5 13.8 13.8 
13.5 13.0 14.0 13.5 16.8 16.5 13.5 13.8 
13.5 14.0 14.0 14.0 16.0 17.0 14.2 13.8 


# DIFF
#  1  1  1  1  1  0  4  4
#  1  0  0  1  1  1  3  4
#  1  1  0  1  0  1  1  1
#  1  1  0  1  1  0  1  1
#  1  0  1  0  1  0  1  0
#  1  1  1  1  1  0  1  1
#  0  0  1  0  4  4  0  1
#  0  1  1  1  3  4  1  1
