# TS_TEXT=2019-08-18-22:19:15
# TS_SECS=1566163155.78
# HOST=aft-node
# PERCENTILE_10=12.8
# PERCENTILE_90=14.0
# MIN_PIXEL=0.0
# MEDIAN_PIXEL=13.2
# MAX_PIXEL=16.5

# IMAGE
13.2 13.2 13.5 13.8 13.5 13.0 16.2 16.5 
13.8 12.8 13.0 13.5 13.2 14.0 15.5 16.0 
13.2 13.2 13.5 13.5 12.8 13.2 13.5 14.0 
13.0 13.2 13.5 12.8 13.2 13.2 13.0 13.5 
13.2 12.8 13.0 12.8 13.5 12.8 13.0 13.0 
13.8 13.2 13.5 13.0 13.0 13.0 13.8 12.8 
14.0 14.2 13.5 13.5 13.5 12.8 13.0 12.5 
0.0 12.0 13.0 13.2 13.2 13.0 13.5 13.5 


# DIFF
# 13 13 14 14 14 13 16 16
# 14 13 13 14 13 14 16 16
# 13 13 14 14 13 13 14 14
# 13 13 14 13 13 13 13 14
# 13 13 13 13 14 13 13 13
# 14 13 14 13 13 13 14 13
# 14 14 14 14 14 13 13 12
#  0 12 13 13 13 13 14 14
