# TS_TEXT=2019-08-25-12:47:19
# TS_SECS=1566733639.09
# HOST=aft-node
# PERCENTILE_10=13.8
# PERCENTILE_90=15.6
# MIN_PIXEL=13.2
# MEDIAN_PIXEL=14.5
# MAX_PIXEL=18.5

# IMAGE
14.0 14.8 14.5 14.0 15.0 14.2 14.5 13.5 
14.8 14.5 14.5 15.0 14.8 14.5 14.2 14.5 
15.2 15.8 16.8 17.0 14.5 14.5 14.5 14.8 
15.2 16.5 18.5 18.5 14.8 14.8 14.5 14.5 
15.2 15.2 16.8 14.8 14.8 14.2 14.5 13.8 
15.0 14.5 14.8 14.5 14.8 14.2 14.0 13.8 
14.0 14.0 14.2 13.8 14.0 14.8 14.0 14.0 
15.0 14.0 14.8 14.0 13.5 14.0 13.5 13.2 


# DIFF
#  1  2  1  1  2  1  1  0
#  2  1  1  2  2  1  1  1
#  2  2  4  4  1  1  1  2
#  2  3  5  5  2  2  1  1
#  2  2  4  2  2  1  1  0
#  2  1  2  1  2  1  1  0
#  1  1  1  0  1  2  1  1
#  2  1  2  1  0  1  0  0
