# TS_TEXT=2019-08-25-12:47:38
# TS_SECS=1566733658.24
# HOST=aft-node
# PERCENTILE_10=14.8
# PERCENTILE_90=16.7
# MIN_PIXEL=14.5
# MEDIAN_PIXEL=15.5
# MAX_PIXEL=19.8

# IMAGE
14.8 15.5 15.8 15.2 15.5 15.5 15.2 15.0 
15.2 16.0 16.5 16.2 15.8 15.8 15.0 14.8 
16.2 16.8 17.8 18.5 15.5 15.5 15.0 15.5 
15.5 17.5 19.8 19.2 16.0 15.8 15.0 14.8 
15.8 16.5 17.5 16.0 15.8 15.2 15.8 15.2 
15.5 15.5 15.5 15.0 15.5 15.5 15.2 14.5 
15.2 15.5 15.5 15.5 15.2 15.8 15.0 15.2 
15.8 15.2 15.8 15.0 14.8 15.0 14.8 14.5 


# DIFF
#  0  1  1  1  1  1  1  0
#  1  2  2  2  1  1  0  0
#  2  2  3  4  1  1  0  1
#  1  3  5  5  2  1  0  0
#  1  2  3  2  1  1  1  1
#  1  1  1  0  1  1  1  0
#  1  1  1  1  1  1  0  1
#  1  1  1  0  0  0  0  0
