# TS_TEXT=2019-08-18-22:59:31
# TS_SECS=1566165571.50
# HOST=port-node
# PERCENTILE_10=13.2
# PERCENTILE_90=15.2
# MIN_PIXEL=12.8
# MEDIAN_PIXEL=14.0
# MAX_PIXEL=19.2

# IMAGE
14.5 15.0 14.0 14.0 14.2 14.0 14.0 14.0 
13.0 14.2 14.0 14.0 14.0 14.0 14.8 13.8 
13.2 14.2 13.2 13.5 14.0 14.5 14.0 13.8 
13.8 14.0 14.0 13.5 13.5 14.0 14.2 13.2 
13.8 13.2 13.5 15.0 14.0 14.2 14.2 14.0 
12.8 13.5 13.5 14.2 14.0 14.0 14.2 13.8 
13.8 19.2 18.2 17.0 14.5 13.8 14.0 13.0 
12.8 18.0 16.5 17.2 15.2 14.0 13.2 13.2 


# DIFF
#  2  2  1  1  2  1  1  1
#  0  2  1  1  1  1  2  1
#  0  2  0  1  1  2  1  1
#  1  1  1  1  1  1  2  0
#  1  0  1  2  1  2  2  1
#  0  1  1  2  1  1  2  1
#  1  6  6  4  2  1  1  0
#  0  5  4  4  2  1  0  0
