# TS_TEXT=2019-08-25-11:18:30
# TS_SECS=1566728310.46
# HOST=fore-node
# PERCENTILE_10=15.2
# PERCENTILE_90=16.5
# MIN_PIXEL=14.2
# MEDIAN_PIXEL=15.8
# MAX_PIXEL=20.2

# IMAGE
15.8 15.8 15.5 15.0 16.0 15.5 16.0 15.5 
16.2 15.2 15.2 16.0 15.8 16.5 16.8 16.0 
15.5 15.0 15.5 15.8 16.2 17.8 20.2 19.2 
15.0 16.0 15.8 15.8 15.8 16.2 17.5 16.5 
16.0 15.8 15.5 15.5 15.2 15.5 15.5 15.5 
15.8 16.0 16.2 15.5 16.0 15.5 15.5 15.8 
16.8 15.8 15.8 15.8 15.8 15.5 15.8 15.2 
16.0 16.0 15.5 15.2 16.0 15.8 14.2 15.0 


# DIFF
#  2  2  1  1  2  1  2  1
#  2  1  1  2  2  2  2  2
#  1  1  1  2  2  4  6  5
#  1  2  2  2  2  2  3  2
#  2  2  1  1  1  1  1  1
#  2  2  2  1  2  1  1  2
#  2  2  2  2  2  1  2  1
#  2  2  1  1  2  2  0  1
