# TS_TEXT=2019-08-18-21:45:07
# TS_SECS=1566161107.79
# HOST=starboard-node
# PERCENTILE_10=14.5
# PERCENTILE_90=16.7
# MIN_PIXEL=14.2
# MEDIAN_PIXEL=15.2
# MAX_PIXEL=19.0

# IMAGE
14.8 15.0 14.2 15.2 15.2 15.2 14.2 14.5 
14.8 14.8 15.2 14.5 15.0 15.2 14.5 15.0 
14.8 15.2 15.2 15.8 15.5 14.5 14.8 14.8 
16.0 16.0 16.5 18.5 17.0 15.5 14.5 15.0 
16.8 19.0 19.0 17.2 15.5 15.2 15.0 14.5 
15.8 16.5 16.8 15.8 15.2 15.0 15.2 15.0 
15.5 15.2 15.5 15.5 15.8 15.0 14.8 14.5 
15.5 15.5 15.2 14.8 15.2 15.0 15.0 15.8 


# DIFF
#  0  1  0  1  1  1  0  0
#  0  0  1  0  1  1  0  1
#  0  1  1  2  1  0  0  0
#  2  2  2  4  3  1  0  1
#  2  5  5  3  1  1  1  0
#  2  2  2  2  1  1  1  1
#  1  1  1  1  2  1  0  0
#  1  1  1  0  1  1  1  2
