# TS_TEXT=2019-08-19-08:24:21
# TS_SECS=1566199461.23
# HOST=port-node
# PERCENTILE_10=13.1
# PERCENTILE_90=15.5
# MIN_PIXEL=12.8
# MEDIAN_PIXEL=13.8
# MAX_PIXEL=20.0

# IMAGE
13.5 14.0 13.5 13.5 14.8 18.8 19.0 12.8 
13.0 14.0 13.8 15.2 14.2 19.2 20.0 13.5 
14.2 15.0 14.2 13.2 13.8 13.8 13.8 12.8 
15.5 14.0 14.2 13.2 13.8 13.0 13.0 13.5 
14.8 14.5 14.0 13.8 13.5 13.5 14.0 13.8 
13.8 13.8 13.8 13.5 13.8 14.0 14.2 14.0 
13.8 13.8 14.2 13.0 13.8 14.2 14.8 14.5 
13.8 13.0 13.2 13.8 13.8 15.5 17.2 16.5 


# DIFF
#  1  1  1  1  2  6  6  0
#  0  1  1  2  2  6  7  1
#  2  2  2  0  1  1  1  0
#  3  1  2  0  1  0  0  1
#  2  2  1  1  1  1  1  1
#  1  1  1  1  1  1  2  1
#  1  1  2  0  1  2  2  2
#  1  0  0  1  1  3  4  4
