# TS_TEXT=2019-08-19-08:23:58
# TS_SECS=1566199438.03
# HOST=port-node
# PERCENTILE_10=13.8
# PERCENTILE_90=15.0
# MIN_PIXEL=13.5
# MEDIAN_PIXEL=14.2
# MAX_PIXEL=16.8

# IMAGE
16.0 15.5 14.2 14.2 14.5 14.2 14.8 14.5 
14.2 14.8 14.2 14.5 14.0 14.5 14.5 14.5 
14.2 14.5 14.2 14.0 14.2 14.2 14.2 14.2 
13.5 14.2 13.8 14.5 14.2 14.0 14.5 16.8 
14.2 14.2 14.2 14.5 14.0 14.8 14.5 16.0 
13.5 14.2 14.2 14.2 14.2 14.5 14.2 15.0 
14.2 14.8 15.0 14.5 14.5 13.5 14.2 13.8 
13.5 16.0 15.8 14.5 14.0 14.5 14.2 13.8 


# DIFF
#  2  2  1  1  1  1  1  1
#  1  1  1  1  0  1  1  1
#  1  1  1  0  1  1  1  1
#  0  1  0  1  1  0  1  3
#  1  1  1  1  0  1  1  2
#  0  1  1  1  1  1  1  2
#  1  1  2  1  1  0  1  0
#  0  2  2  1  0  1  1  0
