# TS_TEXT=2019-08-19-08:24:13
# TS_SECS=1566199453.16
# HOST=port-node
# PERCENTILE_10=13.2
# PERCENTILE_90=17.5
# MIN_PIXEL=13.2
# MEDIAN_PIXEL=13.8
# MAX_PIXEL=23.2

# IMAGE
13.2 13.5 14.0 13.2 13.8 14.0 13.8 15.2 
13.8 13.8 13.8 13.5 13.2 13.8 13.8 17.5 
14.2 14.5 13.2 14.0 13.5 14.8 14.5 15.2 
15.0 14.0 14.2 13.5 13.8 16.5 18.8 17.5 
14.2 14.0 14.2 13.5 14.0 18.2 19.8 23.2 
14.0 13.5 13.5 13.8 13.5 16.5 19.8 21.5 
13.8 13.2 13.5 13.2 13.5 13.8 15.5 15.8 
14.0 13.2 13.5 13.2 13.2 13.2 14.0 13.8 


# DIFF
#  0  0  1  0  0  1  0  2
#  0  0  0  0  0  0  0  4
#  1  1  0  1  0  2  1  2
#  2  1  1  0  0  3  6  4
#  1  1  1  0  1  5  6 10
#  1  0  0  0  0  3  6  8
#  0  0  0  0  0  0  2  2
#  1  0  0  0  0  0  1  0
