# TS_TEXT=2019-08-18-22:59:47
# TS_SECS=1566165587.71
# HOST=fore-node
# PERCENTILE_10=13.5
# PERCENTILE_90=14.5
# MIN_PIXEL=13.0
# MEDIAN_PIXEL=13.9
# MAX_PIXEL=15.0

# IMAGE
13.5 14.0 13.5 13.5 13.5 13.5 13.5 13.5 
13.8 14.0 13.8 14.0 13.8 13.5 13.8 13.5 
14.2 14.0 13.8 13.8 14.0 14.2 13.0 13.8 
14.0 14.5 14.5 13.8 13.8 14.2 14.5 13.0 
14.8 14.5 14.0 14.5 14.0 14.0 13.8 14.5 
13.8 14.5 14.8 14.8 14.5 13.8 14.0 13.8 
15.0 14.2 14.8 14.5 14.0 13.8 13.5 14.0 
13.0 13.2 14.2 13.5 14.0 13.2 13.2 13.5 


# DIFF
#  0  1  0  0  0  0  0  0
#  1  1  1  1  1  0  1  0
#  1  1  1  1  1  1  0  1
#  1  2  2  1  1  1  2  0
#  2  2  1  2  1  1  1  2
#  1  2  2  2  2  1  1  1
#  2  1  2  2  1  1  0  1
#  0  0  1  0  1  0  0  0
