# TS_TEXT=2019-08-18-21:51:03
# TS_SECS=1566161463.52
# HOST=aft-node
# PERCENTILE_10=14.0
# PERCENTILE_90=17.5
# MIN_PIXEL=13.8
# MEDIAN_PIXEL=14.5
# MAX_PIXEL=19.5

# IMAGE
14.2 13.8 14.2 14.2 17.5 15.2 15.0 14.2 
14.0 13.8 14.5 14.0 19.5 17.8 15.2 14.0 
14.0 14.5 14.5 14.2 17.8 17.2 14.8 14.8 
14.5 14.8 14.5 14.8 14.2 14.2 14.0 14.5 
14.8 17.5 15.2 15.0 14.2 13.8 14.2 14.2 
16.2 19.5 17.8 15.2 14.0 13.8 14.5 14.0 
14.5 17.8 17.2 14.8 14.8 14.5 14.5 14.2 
14.2 14.2 14.2 14.0 14.5 14.8 14.5 14.8 


# DIFF
#  0  0  0  0  4  2  1  0
#  0  0  1  0  6  4  2  0
#  0  1  1  0  4  4  1  1
#  1  1  1  1  0  0  0  1
#  1  4  2  1  0  0  0  0
#  2  6  4  2  0  0  1  0
#  1  4  4  1  1  1  1  0
#  0  0  0  0  1  1  1  1
