# TS_TEXT=2019-08-27-13:51:41
# TS_SECS=1566910301.96
# HOST=fore-node
# PERCENTILE_10=15.0
# PERCENTILE_90=16.0
# MIN_PIXEL=14.0
# MEDIAN_PIXEL=15.5
# MAX_PIXEL=16.2

# IMAGE
16.0 16.0 15.8 15.0 15.8 15.0 15.2 14.2 
15.2 15.5 15.5 16.2 15.5 15.8 14.8 15.0 
15.5 15.8 16.0 15.5 16.0 15.2 15.8 15.8 
15.5 16.0 15.8 15.5 15.8 15.5 16.0 15.0 
15.2 16.0 15.5 15.8 15.8 15.5 16.2 15.8 
15.2 16.0 15.5 15.8 15.8 15.5 15.5 15.0 
15.0 15.2 15.2 16.0 16.0 15.5 15.5 15.0 
15.5 15.0 15.5 15.8 15.8 15.0 14.5 14.0 


# DIFF
#  2  2  2  1  2  1  1  0
#  1  2  2  2  2  2  1  1
#  2  2  2  2  2  1  2  2
#  2  2  2  2  2  2  2  1
#  1  2  2  2  2  2  2  2
#  1  2  2  2  2  2  2  1
#  1  1  1  2  2  2  2  1
#  2  1  2  2  2  1  0  0
