# TS_TEXT=2019-08-27-13:52:43
# TS_SECS=1566910363.29
# HOST=fore-node
# PERCENTILE_10=14.8
# PERCENTILE_90=15.8
# MIN_PIXEL=14.5
# MEDIAN_PIXEL=15.2
# MAX_PIXEL=15.8

# IMAGE
15.0 15.0 15.2 15.0 15.8 15.2 14.8 14.8 
15.5 15.2 14.8 15.5 15.2 15.2 14.8 15.0 
15.5 15.0 15.8 15.8 15.5 15.2 15.0 15.5 
15.2 15.5 15.0 15.8 15.5 15.5 15.2 14.8 
15.2 15.5 15.5 15.8 15.8 15.5 15.8 15.5 
15.0 15.2 15.5 15.5 15.2 15.5 15.0 15.2 
15.0 15.0 15.5 15.5 15.5 15.0 15.2 14.8 
15.8 15.2 15.2 15.0 15.5 14.8 14.8 14.5 


# DIFF
#  0  0  1  0  1  1  0  0
#  1  1  0  1  1  1  0  0
#  1  0  1  1  1  1  0  1
#  1  1  0  1  1  1  1  0
#  1  1  1  1  1  1  1  1
#  0  1  1  1  1  1  0  1
#  0  0  1  1  1  0  1  0
#  1  1  1  0  1  0  0  0
