# TS_TEXT=2019-08-25-16:27:14
# TS_SECS=1566746834.72
# HOST=starboard-node
# PERCENTILE_10=16.3
# PERCENTILE_90=17.5
# MIN_PIXEL=15.5
# MEDIAN_PIXEL=17.0
# MAX_PIXEL=20.5

# IMAGE
15.5 16.8 16.8 17.0 17.0 16.8 16.2 16.2 
16.2 16.2 16.8 17.2 17.2 17.5 17.0 16.8 
16.0 16.5 17.2 20.5 18.8 16.8 17.0 17.2 
16.5 17.0 17.0 20.5 19.8 17.5 16.8 17.0 
17.0 16.5 17.2 16.8 16.8 17.0 17.2 16.8 
16.5 16.8 16.2 17.8 17.2 17.0 17.0 17.2 
16.8 16.8 17.0 17.5 17.0 16.8 16.5 16.5 
16.5 17.2 17.2 17.0 17.0 16.8 16.8 17.2 


# DIFF
#  0  1  1  2  2  1  1  1
#  1  1  1  2  2  2  2  1
#  0  1  2  5  3  1  2  2
#  1  2  2  5  4  2  1  2
#  2  1  2  1  1  2  2  1
#  1  1  1  2  2  2  2  2
#  1  1  2  2  2  1  1  1
#  1  2  2  2  2  1  1  2
