# TS_TEXT=2019-08-25-16:26:45
# TS_SECS=1566746805.59
# HOST=starboard-node
# PERCENTILE_10=16.8
# PERCENTILE_90=17.8
# MIN_PIXEL=16.5
# MEDIAN_PIXEL=17.2
# MAX_PIXEL=20.8

# IMAGE
17.0 17.5 16.8 17.5 17.8 17.2 17.0 16.8 
16.8 16.5 17.2 17.8 17.2 17.5 17.0 16.8 
16.8 17.0 17.5 20.2 19.0 16.8 17.2 17.2 
17.0 16.8 17.5 20.8 19.8 17.8 17.0 17.5 
17.0 17.0 17.0 17.5 17.2 17.2 17.5 16.5 
17.0 16.8 16.8 18.0 17.5 17.2 17.0 17.0 
17.0 16.8 17.5 17.8 18.0 17.0 17.0 16.5 
17.2 17.5 17.2 17.5 17.0 17.2 17.0 17.8 


# DIFF
#  0  1  0  1  1  1  0  0
#  0  0  1  1  1  1  0  0
#  0  0  1  4  2  0  1  1
#  0  0  1  4  3  1  0  1
#  0  0  0  1  1  1  1  0
#  0  0  0  2  1  1  0  0
#  0  0  1  1  2  0  0  0
#  1  1  1  1  0  1  0  1
