# TS_TEXT=2019-08-25-16:22:39
# TS_SECS=1566746559.21
# HOST=fore-node
# PERCENTILE_10=16.2
# PERCENTILE_90=18.2
# MIN_PIXEL=15.2
# MEDIAN_PIXEL=16.8
# MAX_PIXEL=41.5

# IMAGE
16.5 16.8 17.8 16.8 17.5 16.8 17.2 17.0 
17.5 17.2 17.2 18.5 18.5 18.2 17.2 16.8 
16.5 16.8 17.2 18.2 29.0 19.5 18.2 17.2 
15.8 17.0 16.5 17.8 41.5 22.0 17.5 16.5 
16.5 16.5 17.2 17.0 17.5 17.5 16.8 16.8 
15.2 17.0 17.0 16.2 17.2 17.0 16.5 16.8 
15.8 16.0 16.5 16.5 17.2 16.2 16.2 16.2 
16.2 16.8 16.8 16.2 16.8 16.2 16.5 16.0 


# DIFF
#  1  2  2  2  2  2  2  2
#  2  2  2  3  3  3  2  2
#  1  2  2  3 14  4  3  2
#  0  2  1  2 26  7  2  1
#  1  1  2  2  2  2  2  2
#  0  2  2  1  2  2  1  2
#  0  1  1  1  2  1  1  1
#  1  2  2  1  2  1  1  1
