# TS_TEXT=2019-08-25-16:22:46
# TS_SECS=1566746566.26
# HOST=fore-node
# PERCENTILE_10=15.8
# PERCENTILE_90=18.0
# MIN_PIXEL=15.5
# MEDIAN_PIXEL=16.6
# MAX_PIXEL=41.2

# IMAGE
15.5 16.5 16.8 16.5 17.2 16.8 16.8 17.0 
16.2 16.5 16.8 18.5 18.0 18.5 17.8 16.0 
16.0 16.0 16.8 17.8 29.0 19.2 18.0 17.5 
15.8 16.5 16.2 17.5 41.2 21.8 17.8 16.2 
16.2 16.2 16.8 17.0 17.5 17.5 17.2 17.0 
15.8 16.8 16.8 16.2 16.5 17.0 16.2 16.2 
16.0 16.0 16.0 16.8 16.8 16.2 16.2 16.8 
15.8 16.0 16.0 15.8 16.0 16.5 15.8 15.5 


# DIFF
#  0  1  1  1  2  1  1  2
#  1  1  1  3  2  3  2  0
#  0  0  1  2 14  4  2  2
#  0  1  1  2 26  6  2  1
#  1  1  1  2  2  2  2  2
#  0  1  1  1  1  2  1  1
#  0  0  0  1  1  1  1  1
#  0  0  0  0  0  1  0  0
