# TS_TEXT=2019-08-25-16:22:55
# TS_SECS=1566746575.30
# HOST=fore-node
# PERCENTILE_10=15.2
# PERCENTILE_90=17.7
# MIN_PIXEL=15.0
# MEDIAN_PIXEL=16.0
# MAX_PIXEL=40.8

# IMAGE
15.0 15.8 16.8 16.0 16.8 16.0 16.0 16.0 
15.8 16.0 16.2 17.8 17.8 17.5 16.8 15.8 
15.0 15.5 16.5 17.2 28.2 18.8 17.8 16.0 
15.8 16.5 15.8 16.8 40.8 21.2 16.8 16.0 
16.0 16.2 16.2 16.5 17.2 16.8 16.2 16.0 
15.0 16.0 16.0 16.0 16.2 16.2 16.0 15.8 
15.0 15.2 16.5 16.0 16.2 15.8 15.8 15.8 
15.5 15.8 15.2 15.5 16.2 15.8 15.0 15.2 


# DIFF
#  0  1  2  1  2  1  1  1
#  1  1  1  3  3  2  2  1
#  0  0  2  2 13  4  3  1
#  1  2  1  2 26  6  2  1
#  1  1  1  2  2  2  1  1
#  0  1  1  1  1  1  1  1
#  0  0  2  1  1  1  1  1
#  0  1  0  0  1  1  0  0
