# TS_TEXT=2019-08-25-11:18:51
# TS_SECS=1566728331.79
# HOST=starboard-node
# PERCENTILE_10=15.8
# PERCENTILE_90=17.2
# MIN_PIXEL=15.2
# MEDIAN_PIXEL=16.2
# MAX_PIXEL=20.0

# IMAGE
15.8 16.2 16.0 16.2 16.5 17.2 20.0 19.2 
15.5 15.2 15.8 16.0 16.0 16.8 20.0 19.5 
15.8 16.2 16.2 16.0 16.2 17.5 19.0 17.2 
16.0 16.0 16.0 16.8 16.0 16.5 16.5 16.0 
16.0 16.2 16.5 15.8 16.2 16.2 16.2 15.8 
15.8 16.0 16.0 15.5 15.2 16.5 16.2 16.0 
16.2 16.0 16.2 15.8 16.2 16.0 16.5 16.2 
16.0 16.8 16.0 16.0 16.0 16.2 16.5 16.8 


# DIFF
#  0  1  1  1  1  2  5  4
#  0  0  0  1  1  2  5  4
#  0  1  1  1  1  2  4  2
#  1  1  1  2  1  1  1  1
#  1  1  1  0  1  1  1  0
#  0  1  1  0  0  1  1  1
#  1  1  1  0  1  1  1  1
#  1  2  1  1  1  1  1  2
