# TS_TEXT=2019-08-18-23:19:47
# TS_SECS=1566166787.78
# HOST=port-node
# PERCENTILE_10=13.2
# PERCENTILE_90=14.2
# MIN_PIXEL=12.8
# MEDIAN_PIXEL=13.8
# MAX_PIXEL=16.8

# IMAGE
13.2 13.2 13.5 14.0 13.5 13.8 13.2 13.5 
13.5 13.5 13.5 13.5 14.0 13.5 14.2 13.5 
12.8 14.0 14.0 14.0 13.5 14.5 14.0 13.8 
13.8 14.2 14.2 13.5 13.8 14.0 14.0 14.0 
14.2 14.0 14.0 14.2 14.2 14.0 13.8 13.5 
14.2 14.0 13.8 14.2 13.8 14.2 13.8 14.2 
16.8 14.0 14.0 13.8 14.5 14.0 13.8 14.5 
15.5 13.2 13.8 13.0 12.8 13.0 13.8 13.0 


# DIFF
#  0  0  1  1  1  1  0  1
#  1  1  1  1  1  1  2  1
#  0  1  1  1  1  2  1  1
#  1  2  2  1  1  1  1  1
#  2  1  1  2  2  1  1  1
#  2  1  1  2  1  2  1  2
#  4  1  1  1  2  1  1  2
#  3  0  1  0  0  0  1  0
