# TS_TEXT=2019-08-18-22:25:16
# TS_SECS=1566163516.52
# HOST=starboard-node
# PERCENTILE_10=13.5
# PERCENTILE_90=15.7
# MIN_PIXEL=12.8
# MEDIAN_PIXEL=14.0
# MAX_PIXEL=19.0

# IMAGE
13.8 14.2 13.8 14.0 13.2 13.8 13.0 12.8 
14.0 13.5 14.2 14.0 13.5 13.5 13.5 13.2 
14.2 14.0 14.0 14.0 14.0 13.5 13.8 13.8 
15.5 15.5 16.8 14.8 14.0 13.8 13.5 14.0 
18.2 18.8 19.0 15.0 14.2 14.0 14.0 13.8 
16.0 17.0 15.8 14.2 14.0 13.8 13.5 14.2 
15.2 14.5 14.5 14.0 14.0 14.2 14.0 13.5 
14.2 14.8 14.2 13.5 13.5 14.0 14.2 13.8 


# DIFF
#  1  2  1  1  0  1  0  0
#  1  1  2  1  1  1  1  0
#  2  1  1  1  1  1  1  1
#  3  3  4  2  1  1  1  1
#  6  6  6  2  2  1  1  1
#  3  4  3  2  1  1  1  2
#  2  2  2  1  1  2  1  1
#  2  2  2  1  1  1  2  1
