# TS_TEXT=2019-08-25-16:07:06
# TS_SECS=1566745626.66
# HOST=fore-node
# PERCENTILE_10=16.2
# PERCENTILE_90=17.0
# MIN_PIXEL=15.8
# MEDIAN_PIXEL=16.5
# MAX_PIXEL=28.0

# IMAGE
17.0 16.2 17.2 16.8 17.0 16.2 16.5 16.8 
16.5 16.5 16.2 17.0 17.5 17.0 16.5 16.0 
16.2 16.2 17.0 17.0 28.0 17.2 16.5 16.0 
16.5 16.2 16.5 16.8 19.2 17.8 16.2 16.8 
17.0 16.5 16.8 16.8 16.5 16.5 16.8 17.0 
15.8 16.5 16.5 16.2 17.0 16.8 16.2 16.2 
16.5 15.8 16.5 16.8 17.0 16.2 16.0 16.8 
16.2 16.2 16.2 16.2 16.8 16.2 16.2 16.8 


# DIFF
#  1  0  2  1  1  0  1  1
#  1  1  0  1  2  1  1  0
#  0  0  1  1 12  2  1  0
#  1  0  1  1  4  2  0  1
#  1  1  1  1  1  1  1  1
#  0  1  1  0  1  1  0  0
#  1  0  1  1  1  0  0  1
#  0  0  0  0  1  0  0  1
