# TS_TEXT=2019-08-25-16:07:26
# TS_SECS=1566745646.57
# HOST=centre-node
# PERCENTILE_10=16.2
# PERCENTILE_90=17.5
# MIN_PIXEL=15.2
# MEDIAN_PIXEL=16.8
# MAX_PIXEL=26.0

# IMAGE
17.5 16.8 16.2 16.2 16.5 16.2 16.0 16.0 
16.2 17.0 16.2 16.8 16.5 16.8 15.8 15.2 
17.0 16.2 17.2 16.5 16.5 16.2 16.2 15.8 
17.5 17.8 19.2 17.0 16.8 16.2 16.5 16.8 
16.5 17.8 26.0 18.8 17.0 16.8 16.8 16.8 
17.0 17.5 17.5 16.8 17.0 16.5 16.8 16.8 
17.0 16.8 16.8 17.0 16.5 16.8 16.2 16.8 
16.5 17.5 17.2 16.5 16.2 16.2 17.0 16.8 


# DIFF
#  2  2  1  1  1  1  1  1
#  1  2  1  2  1  2  0  0
#  2  1  2  1  1  1  1  0
#  2  2  4  2  2  1  1  2
#  1  2 11  4  2  2  2  2
#  2  2  2  2  2  1  2  2
#  2  2  2  2  1  2  1  2
#  1  2  2  1  1  1  2  2
