# TS_TEXT=2019-08-18-22:08:01
# TS_SECS=1566162481.03
# HOST=aft-node
# PERCENTILE_10=13.8
# PERCENTILE_90=15.7
# MIN_PIXEL=13.5
# MEDIAN_PIXEL=14.0
# MAX_PIXEL=19.0

# IMAGE
13.8 13.5 14.0 14.2 15.5 18.5 19.0 15.8 
14.0 13.8 13.8 14.5 14.0 17.2 16.5 14.8 
14.0 13.8 14.0 14.2 13.8 14.5 14.2 14.0 
13.8 14.2 14.0 13.8 14.0 13.8 14.2 13.8 
13.8 14.0 14.0 13.8 14.0 13.8 14.0 13.8 
13.8 13.8 13.8 13.8 13.8 14.5 13.8 14.0 
14.5 14.5 14.5 14.0 14.0 14.0 14.8 14.5 
13.5 13.5 13.5 13.8 14.0 15.2 16.8 16.8 


# DIFF
#  0  0  0  1  2  5  6  2
#  0  0  0  1  0  4  3  1
#  0  0  0  1  0  1  1  0
#  0  1  0  0  0  0  1  0
#  0  0  0  0  0  0  0  0
#  0  0  0  0  0  1  0  0
#  1  1  1  0  0  0  1  1
#  0  0  0  0  0  2  3  3
