# TS_TEXT=2019-08-18-22:08:08
# TS_SECS=1566162488.10
# HOST=aft-node
# PERCENTILE_10=13.5
# PERCENTILE_90=15.7
# MIN_PIXEL=12.8
# MEDIAN_PIXEL=14.1
# MAX_PIXEL=18.5

# IMAGE
14.2 14.0 14.0 14.5 16.5 17.0 15.0 14.5 
13.5 14.0 14.2 14.0 14.5 14.0 14.2 15.2 
13.5 14.5 14.0 14.2 13.5 14.2 13.5 15.0 
13.5 14.5 14.0 13.8 13.8 14.0 14.0 14.2 
14.0 14.0 13.8 14.8 14.5 14.0 14.0 13.5 
14.8 14.8 14.2 14.2 14.2 14.5 14.0 14.0 
12.8 13.5 13.8 14.0 15.5 16.5 16.0 14.5 
13.8 13.5 14.0 14.0 15.8 18.5 17.0 15.2 


# DIFF
#  2  1  1  2  4  4  2  2
#  1  1  2  1  2  1  2  2
#  1  2  1  2  1  2  1  2
#  1  2  1  1  1  1  1  2
#  1  1  1  2  2  1  1  1
#  2  2  2  2  2  2  1  1
#  0  1  1  1  3  4  3  2
#  1  1  1  1  3  6  4  2
