# TS_TEXT=2019-08-18-22:07:55
# TS_SECS=1566162475.98
# HOST=aft-node
# PERCENTILE_10=13.5
# PERCENTILE_90=14.5
# MIN_PIXEL=13.0
# MEDIAN_PIXEL=14.0
# MAX_PIXEL=15.2

# IMAGE
13.0 13.8 14.5 14.0 13.8 14.0 14.5 14.5 
13.8 14.0 14.5 14.5 14.0 14.0 14.5 14.0 
14.0 14.0 14.5 14.0 13.8 14.2 14.2 14.5 
13.8 14.2 14.2 14.5 14.0 14.0 14.5 13.5 
14.0 14.0 14.5 13.5 13.5 13.5 14.0 14.0 
13.5 13.5 14.0 14.0 13.8 14.0 13.8 14.0 
13.8 14.0 13.8 14.0 14.5 14.2 15.2 14.5 
14.5 14.2 15.2 14.5 14.0 13.0 13.8 14.5 


# DIFF
#  0  1  2  1  1  1  2  2
#  1  1  2  2  1  1  2  1
#  1  1  2  1  1  1  1  2
#  1  1  1  2  1  1  2  0
#  1  1  2  0  0  0  1  1
#  0  0  1  1  1  1  1  1
#  1  1  1  1  2  1  2  2
#  2  1  2  2  1  0  1  2
