# TS_TEXT=2019-08-25-12:49:58
# TS_SECS=1566733798.46
# HOST=starboard-node
# PERCENTILE_10=14.3
# PERCENTILE_90=15.7
# MIN_PIXEL=14.0
# MEDIAN_PIXEL=15.0
# MAX_PIXEL=19.2

# IMAGE
14.2 14.8 14.5 15.0 15.0 14.5 14.0 14.0 
15.0 14.5 15.0 14.5 14.8 14.8 14.5 14.2 
14.5 15.2 15.5 15.5 15.2 14.0 14.8 14.5 
15.0 15.5 17.0 19.2 16.8 15.0 14.8 14.8 
15.0 15.2 18.5 18.8 15.5 14.8 15.2 14.0 
15.0 15.0 15.8 16.2 14.8 14.8 15.0 15.0 
15.0 14.5 15.2 15.5 15.0 14.5 14.8 15.0 
14.8 14.8 14.5 15.0 14.0 15.0 15.0 15.5 


# DIFF
#  0  1  0  1  1  0  0  0
#  1  0  1  0  1  1  0  0
#  0  1  2  2  1  0  1  0
#  1  2  3  5  3  1  1  1
#  1  1  4  5  2  1  1  0
#  1  1  2  2  1  1  1  1
#  1  0  1  2  1  0  1  1
#  1  1  0  1  0  1  1  2
