# TS_TEXT=2019-08-18-22:13:23
# TS_SECS=1566162803.54
# HOST=aft-node
# PERCENTILE_10=13.5
# PERCENTILE_90=14.7
# MIN_PIXEL=0.0
# MEDIAN_PIXEL=14.0
# MAX_PIXEL=17.5

# IMAGE
13.5 14.0 14.0 14.0 13.8 16.2 17.0 17.5 
14.0 14.2 13.8 14.0 13.8 15.0 15.8 14.5 
14.0 14.5 13.8 14.0 13.5 14.0 13.8 14.5 
13.8 14.0 14.0 13.5 13.8 13.5 14.0 13.8 
13.8 14.2 14.0 13.8 13.8 14.0 13.5 13.8 
14.2 14.2 13.8 13.8 13.8 14.5 14.2 13.8 
14.5 14.8 14.5 14.8 13.2 14.2 13.8 14.2 
0.0 13.2 13.8 13.8 14.2 14.5 14.5 13.8 


# DIFF
# 14 14 14 14 14 16 17 18
# 14 14 14 14 14 15 16 14
# 14 14 14 14 14 14 14 14
# 14 14 14 14 14 14 14 14
# 14 14 14 14 14 14 14 14
# 14 14 14 14 14 14 14 14
# 14 15 14 15 13 14 14 14
#  0 13 14 14 14 14 14 14
