# TS_TEXT=2019-08-18-22:13:04
# TS_SECS=1566162784.36
# HOST=aft-node
# PERCENTILE_10=14.2
# PERCENTILE_90=15.8
# MIN_PIXEL=0.0
# MEDIAN_PIXEL=14.8
# MAX_PIXEL=18.5

# IMAGE
15.0 14.2 14.5 14.8 15.0 17.2 18.5 17.5 
14.8 15.0 14.8 14.5 15.2 15.8 16.5 15.0 
14.2 15.0 14.5 15.2 14.8 14.5 14.5 14.8 
14.5 14.8 14.5 14.8 14.5 14.5 14.2 14.8 
14.8 14.2 15.0 14.8 14.8 13.8 14.5 14.5 
15.8 15.2 15.0 14.2 14.8 14.8 14.8 14.0 
16.2 15.8 15.2 15.2 14.8 14.8 14.5 14.5 
0.0 14.2 14.5 14.8 14.2 14.5 15.0 14.5 


# DIFF
# 15 14 14 15 15 17 18 18
# 15 15 15 14 15 16 16 15
# 14 15 14 15 15 14 14 15
# 14 15 14 15 14 14 14 15
# 15 14 15 15 15 14 14 14
# 16 15 15 14 15 15 15 14
# 16 16 15 15 15 15 14 14
#  0 14 14 15 14 14 15 14
