# TS_TEXT=2019-08-18-22:12:55
# TS_SECS=1566162775.28
# HOST=aft-node
# PERCENTILE_10=14.5
# PERCENTILE_90=15.9
# MIN_PIXEL=0.0
# MEDIAN_PIXEL=15.0
# MAX_PIXEL=18.5

# IMAGE
15.0 15.0 15.0 14.8 14.8 17.8 18.5 18.0 
15.0 14.8 15.0 14.5 14.8 16.0 16.8 15.5 
14.8 15.2 15.0 15.2 14.5 15.0 15.0 14.8 
14.8 14.5 15.0 14.5 14.8 15.0 15.0 14.8 
14.5 14.5 15.0 14.5 15.0 15.0 14.5 13.8 
15.8 15.2 15.2 14.5 14.5 15.5 15.0 14.5 
15.2 16.0 16.0 15.2 15.5 15.5 14.2 15.0 
0.0 14.8 14.8 14.8 15.0 15.5 15.2 15.5 


# DIFF
# 15 15 15 15 15 18 18 18
# 15 15 15 14 15 16 17 16
# 15 15 15 15 14 15 15 15
# 15 14 15 14 15 15 15 15
# 14 14 15 14 15 15 14 14
# 16 15 15 14 14 16 15 14
# 15 16 16 15 16 16 14 15
#  0 15 15 15 15 16 15 16
