# TS_TEXT=2019-08-18-22:13:40
# TS_SECS=1566162820.69
# HOST=aft-node
# PERCENTILE_10=14.0
# PERCENTILE_90=15.0
# MIN_PIXEL=0.0
# MEDIAN_PIXEL=14.5
# MAX_PIXEL=18.0

# IMAGE
14.0 14.0 14.5 14.8 14.8 17.0 18.0 16.5 
14.5 14.2 13.8 14.5 14.5 15.5 16.2 14.5 
14.0 15.0 14.5 14.8 14.8 14.8 14.0 14.5 
14.2 14.5 14.5 14.2 14.0 14.0 14.0 14.5 
14.2 14.5 14.8 14.5 14.5 14.2 14.2 14.0 
14.5 14.5 14.2 13.8 14.8 14.0 14.5 14.0 
15.2 15.0 15.0 14.8 14.8 14.8 14.0 13.8 
0.0 13.8 14.0 14.2 14.2 14.5 14.2 14.2 


# DIFF
# 14 14 14 15 15 17 18 16
# 14 14 14 14 14 16 16 14
# 14 15 14 15 15 15 14 14
# 14 14 14 14 14 14 14 14
# 14 14 15 14 14 14 14 14
# 14 14 14 14 15 14 14 14
# 15 15 15 15 15 15 14 14
#  0 14 14 14 14 14 14 14
