# TS_TEXT=2019-08-18-22:54:11
# TS_SECS=1566165251.09
# HOST=starboard-node
# PERCENTILE_10=14.8
# PERCENTILE_90=16.0
# MIN_PIXEL=14.2
# MEDIAN_PIXEL=15.2
# MAX_PIXEL=20.8

# IMAGE
14.8 14.8 14.5 15.5 15.0 14.8 15.5 14.5 
14.8 14.8 15.5 15.5 16.0 15.8 15.5 15.2 
14.8 15.5 15.2 16.0 19.0 19.8 16.0 15.2 
15.0 15.0 15.5 15.8 19.0 20.8 16.0 15.5 
15.0 15.2 15.2 15.5 16.2 16.8 15.8 15.2 
14.8 15.0 15.0 15.2 15.2 15.2 15.0 15.2 
15.2 14.8 15.0 14.8 15.0 15.0 15.0 14.5 
14.8 15.0 14.8 15.0 14.2 14.2 14.8 14.8 


# DIFF
#  0  0  0  1  1  0  1  0
#  0  0  1  1  2  2  1  1
#  0  1  1  2  5  6  2  1
#  1  1  1  2  5  6  2  1
#  1  1  1  1  2  2  2  1
#  0  1  1  1  1  1  1  1
#  1  0  1  0  1  1  1  0
#  0  1  0  1  0  0  0  0
