# TS_TEXT=2019-08-18-23:01:31
# TS_SECS=1566165691.75
# HOST=aft-node
# PERCENTILE_10=13.5
# PERCENTILE_90=16.0
# MIN_PIXEL=13.2
# MEDIAN_PIXEL=14.1
# MAX_PIXEL=18.8

# IMAGE
14.2 13.8 14.0 13.5 14.2 13.8 13.5 13.2 
14.0 14.8 13.8 14.0 14.0 14.8 13.5 14.2 
13.2 14.0 14.0 14.5 14.5 14.2 14.0 13.2 
14.0 13.8 13.8 14.5 15.0 15.2 14.8 14.2 
14.0 14.0 14.2 15.0 17.2 18.8 16.8 14.5 
13.5 13.8 13.8 16.2 17.5 18.2 17.0 14.2 
14.2 14.2 14.5 13.8 14.8 14.5 14.2 14.2 
14.0 13.8 14.0 14.0 14.0 14.2 13.8 13.2 


# DIFF
#  1  0  1  0  1  0  0  0
#  1  2  0  1  1  2  0  1
#  0  1  1  1  1  1  1  0
#  1  0  0  1  2  2  2  1
#  1  1  1  2  4  6  4  1
#  0  0  0  3  4  5  4  1
#  1  1  1  0  2  1  1  1
#  1  0  1  1  1  1  0  0
