# TS_TEXT=2019-08-18-22:09:32
# TS_SECS=1566162572.56
# HOST=centre-node
# PERCENTILE_10=13.6
# PERCENTILE_90=15.5
# MIN_PIXEL=13.0
# MEDIAN_PIXEL=14.4
# MAX_PIXEL=19.2

# IMAGE
14.0 13.8 14.0 13.5 13.2 13.5 13.8 14.0 
13.5 13.8 14.2 14.0 13.5 13.8 13.8 13.0 
13.8 14.0 14.2 14.0 14.5 14.2 13.8 13.5 
14.0 14.5 14.2 15.0 18.5 16.8 13.8 14.2 
13.8 14.2 15.0 15.0 19.0 19.2 15.5 14.0 
14.5 14.2 14.5 14.8 17.5 18.5 15.2 14.5 
14.8 14.2 15.0 14.8 15.2 14.8 14.5 15.0 
14.5 14.5 15.5 14.5 14.8 14.5 14.5 14.5 


# DIFF
#  1  1  1  0  0  0  1  1
#  0  1  1  1  0  1  1  0
#  1  1  1  1  2  1  1  0
#  1  2  1  2  6  4  1  1
#  1  1  2  2  6  6  2  1
#  2  1  2  2  4  6  2  2
#  2  1  2  2  2  2  2  2
#  2  2  2  2  2  2  2  2
