# TS_TEXT=2019-08-18-22:09:23
# TS_SECS=1566162563.52
# HOST=centre-node
# PERCENTILE_10=13.8
# PERCENTILE_90=18.9
# MIN_PIXEL=13.0
# MEDIAN_PIXEL=14.5
# MAX_PIXEL=21.5

# IMAGE
14.0 13.8 13.2 14.0 14.0 14.2 13.8 14.2 
13.0 13.5 13.8 14.2 13.8 13.8 13.5 13.2 
13.8 13.8 14.2 14.0 14.8 14.0 14.0 13.2 
14.2 14.8 15.2 15.5 18.0 17.0 14.5 14.5 
14.2 17.0 20.5 18.5 19.2 19.0 15.5 14.5 
14.5 19.0 21.5 19.2 18.8 19.2 16.0 14.5 
15.2 16.0 18.0 16.8 15.5 15.2 14.5 14.2 
14.8 15.2 15.0 15.0 14.5 15.0 15.0 14.8 


# DIFF
#  1  1  0  1  1  1  1  1
#  0  0  1  1  1  1  0  0
#  1  1  1  1  2  1  1  0
#  1  2  2  2  5  4  2  2
#  1  4  8  6  6  6  2  2
#  2  6  8  6  6  6  3  2
#  2  3  5  4  2  2  2  1
#  2  2  2  2  2  2  2  2
