# TS_TEXT=2019-08-18-22:09:24
# TS_SECS=1566162564.54
# HOST=centre-node
# PERCENTILE_10=13.6
# PERCENTILE_90=18.9
# MIN_PIXEL=13.2
# MEDIAN_PIXEL=14.5
# MAX_PIXEL=21.2

# IMAGE
14.0 13.8 13.2 13.2 13.8 14.2 13.8 13.5 
13.8 13.8 13.8 14.5 14.0 14.2 13.8 13.5 
13.5 13.5 14.0 14.0 15.0 14.2 14.2 13.5 
13.8 15.0 14.5 15.0 18.5 17.0 14.5 14.0 
13.8 15.5 19.5 18.5 19.5 19.5 15.8 14.8 
14.5 17.8 21.0 21.2 18.5 19.5 15.5 14.0 
15.5 15.8 19.0 17.2 15.5 15.2 15.0 14.5 
14.8 15.2 16.2 15.2 14.5 14.8 14.8 14.5 


# DIFF
#  1  0  0  0  0  1  0  0
#  0  0  0  1  1  1  0  0
#  0  0  1  1  2  1  1  0
#  0  2  1  2  5  4  1  1
#  0  2  6  5  6  6  2  2
#  1  4  8  8  5  6  2  1
#  2  2  6  4  2  2  2  1
#  2  2  3  2  1  2  2  1
