# TS_TEXT=2019-08-25-13:12:26
# TS_SECS=1566735146.78
# HOST=starboard-node
# PERCENTILE_10=15.8
# PERCENTILE_90=18.2
# MIN_PIXEL=15.2
# MEDIAN_PIXEL=16.5
# MAX_PIXEL=20.8

# IMAGE
16.2 17.0 16.5 17.2 16.5 16.2 15.5 15.8 
16.0 16.8 18.5 19.8 17.0 16.2 16.0 15.2 
16.0 16.8 19.0 20.8 18.2 16.0 16.5 15.5 
16.0 17.0 17.5 19.5 19.5 16.5 15.5 15.8 
16.2 16.0 16.8 18.0 17.0 16.5 16.5 15.5 
16.5 16.0 16.5 17.2 16.2 16.5 16.5 16.0 
16.8 16.0 16.8 17.0 16.5 16.2 16.2 15.8 
16.5 16.2 16.0 16.0 16.8 16.2 16.5 17.0 


# DIFF
#  1  2  1  2  1  1  0  0
#  1  2  3  4  2  1  1  0
#  1  2  4  6  3  1  1  0
#  1  2  2  4  4  1  0  0
#  1  1  2  3  2  1  1  0
#  1  1  1  2  1  1  1  1
#  2  1  2  2  1  1  1  0
#  1  1  1  1  2  1  1  2
