# TS_TEXT=2019-08-18-21:43:47
# TS_SECS=1566161027.61
# HOST=centre-node
# PERCENTILE_10=13.8
# PERCENTILE_90=16.6
# MIN_PIXEL=13.0
# MEDIAN_PIXEL=14.5
# MAX_PIXEL=18.5

# IMAGE
14.5 13.5 13.5 13.8 13.8 14.5 14.0 14.0 
13.8 13.8 13.0 14.5 14.2 14.2 14.2 13.8 
13.5 14.0 14.8 14.2 15.5 17.2 14.8 14.2 
14.2 14.8 16.2 17.0 18.0 16.8 14.5 14.5 
13.8 15.0 17.2 18.5 16.2 15.0 14.2 14.2 
14.5 14.8 15.5 17.2 15.5 14.2 14.0 14.8 
15.2 14.5 15.0 15.2 14.8 14.8 14.2 14.2 
14.5 15.0 15.0 15.2 14.8 14.8 15.0 14.8 


# DIFF
#  2  0  0  1  1  2  1  1
#  1  1  0  2  1  1  1  1
#  0  1  2  1  2  4  2  1
#  1  2  3  4  5  4  2  2
#  1  2  4  6  3  2  1  1
#  2  2  2  4  2  1  1  2
#  2  2  2  2  2  2  1  1
#  2  2  2  2  2  2  2  2
