# TS_TEXT=2019-08-25-12:38:30
# TS_SECS=1566733110.45
# HOST=starboard-node
# PERCENTILE_10=14.5
# PERCENTILE_90=15.9
# MIN_PIXEL=13.8
# MEDIAN_PIXEL=14.8
# MAX_PIXEL=19.5

# IMAGE
14.5 14.8 14.8 15.5 14.5 14.5 14.5 13.8 
15.0 14.8 15.5 15.2 15.5 15.5 15.0 14.2 
14.5 15.5 15.5 18.5 17.5 14.8 15.0 14.5 
15.0 15.0 16.0 19.5 18.5 15.5 14.5 15.0 
14.8 14.5 15.5 18.0 16.0 15.2 15.2 14.2 
14.8 15.0 14.8 15.0 14.5 14.8 15.0 14.8 
14.8 14.2 14.8 14.8 15.0 14.5 14.8 15.0 
14.2 14.8 14.8 14.5 15.0 14.8 14.8 15.5 


# DIFF
#  1  1  1  2  1  1  1  0
#  1  1  2  2  2  2  1  0
#  1  2  2  5  4  1  1  1
#  1  1  2  6  5  2  1  1
#  1  1  2  4  2  2  2  0
#  1  1  1  1  1  1  1  1
#  1  0  1  1  1  1  1  1
#  0  1  1  1  1  1  1  2
