# TS_TEXT=2019-08-25-16:11:26
# TS_SECS=1566745886.28
# HOST=port-node
# PERCENTILE_10=16.5
# PERCENTILE_90=17.8
# MIN_PIXEL=16.2
# MEDIAN_PIXEL=17.0
# MAX_PIXEL=21.0

# IMAGE
16.2 17.0 16.8 17.0 17.0 17.8 18.2 17.0 
17.0 17.2 17.0 17.0 17.2 18.8 21.0 17.8 
16.5 17.5 17.5 18.0 17.5 16.8 17.8 18.0 
16.5 16.8 17.8 17.2 17.2 17.5 17.2 18.0 
16.8 17.0 17.0 17.2 17.2 17.0 16.8 17.0 
16.5 17.2 17.0 16.8 16.8 16.8 17.0 16.2 
16.5 16.5 16.8 16.8 17.0 17.5 16.5 17.2 
17.0 16.8 16.8 16.8 16.8 17.0 16.5 17.2 


# DIFF
#  0  1  0  1  1  2  2  1
#  1  1  1  1  1  2  5  2
#  0  1  1  2  1  0  2  2
#  0  0  2  1  1  1  1  2
#  0  1  1  1  1  1  0  1
#  0  1  1  0  0  0  1  0
#  0  0  0  0  1  1  0  1
#  1  0  0  0  0  1  0  1
