# TS_TEXT=2019-08-18-22:15:49
# TS_SECS=1566162949.13
# HOST=fore-node
# PERCENTILE_10=13.2
# PERCENTILE_90=15.2
# MIN_PIXEL=13.0
# MEDIAN_PIXEL=14.0
# MAX_PIXEL=19.0

# IMAGE
13.8 14.0 13.5 13.8 14.0 13.5 13.8 13.2 
14.2 14.2 14.2 14.0 13.0 13.8 13.0 13.0 
14.0 14.2 14.0 14.0 14.5 13.5 13.8 14.0 
14.8 15.0 15.5 14.2 14.2 14.2 14.0 13.0 
14.8 18.5 17.5 14.8 14.5 14.2 14.0 14.5 
15.2 19.0 18.0 14.8 14.0 15.8 14.2 14.2 
13.8 13.2 13.5 13.5 13.8 13.2 14.8 14.5 
13.2 14.0 13.8 13.8 13.0 13.0 14.8 14.0 


# DIFF
#  1  1  0  1  1  0  1  0
#  1  1  1  1  0  1  0  0
#  1  1  1  1  2  0  1  1
#  2  2  2  1  1  1  1  0
#  2  6  4  2  2  1  1  2
#  2  6  5  2  1  3  1  1
#  1  0  0  0  1  0  2  2
#  0  1  1  1  0  0  2  1
