# TS_TEXT=2019-08-25-12:42:00
# TS_SECS=1566733320.03
# HOST=starboard-node
# PERCENTILE_10=15.3
# PERCENTILE_90=17.0
# MIN_PIXEL=14.8
# MEDIAN_PIXEL=16.0
# MAX_PIXEL=20.8

# IMAGE
15.2 15.5 15.2 16.0 15.8 15.2 15.5 15.0 
15.5 15.8 16.2 15.5 15.8 16.0 15.8 14.8 
15.0 16.2 16.2 16.5 17.5 16.8 15.8 15.5 
16.0 16.0 16.0 19.5 20.8 18.5 15.8 15.8 
15.8 15.5 16.0 18.2 19.2 17.0 16.0 15.5 
16.2 15.8 16.0 16.2 17.0 16.0 16.2 16.0 
16.0 15.5 16.2 16.2 16.2 16.0 15.5 15.8 
15.2 16.2 16.0 16.2 15.5 16.2 15.8 15.8 


# DIFF
#  0  1  0  1  1  0  1  0
#  1  1  2  1  1  1  1  0
#  0  2  2  2  3  2  1  1
#  1  1  1  5  6  4  1  1
#  1  1  1  4  4  2  1  1
#  2  1  1  2  2  1  2  1
#  1  1  2  2  2  1  1  1
#  0  2  1  2  1  2  1  1
