# TS_TEXT=2019-08-25-15:56:28
# TS_SECS=1566744988.53
# HOST=fore-node
# PERCENTILE_10=15.5
# PERCENTILE_90=16.5
# MIN_PIXEL=14.8
# MEDIAN_PIXEL=16.0
# MAX_PIXEL=16.8

# IMAGE
14.8 16.2 16.5 15.5 16.2 16.0 16.2 15.5 
16.2 16.8 15.8 16.0 16.5 16.2 16.2 16.0 
15.8 16.0 16.5 15.8 16.5 16.0 16.0 16.0 
16.2 16.2 16.2 16.5 15.5 16.2 16.2 16.5 
16.2 16.0 16.0 16.0 16.2 16.2 16.2 16.2 
16.0 16.8 16.2 16.0 15.8 16.0 16.2 15.5 
15.5 15.2 16.0 16.0 16.5 15.8 16.0 15.8 
15.5 15.5 16.5 16.0 16.2 15.2 15.5 15.8 


# DIFF
#  0  2  2  1  2  1  2  1
#  2  2  1  1  2  2  2  1
#  1  1  2  1  2  1  1  1
#  2  2  2  2  1  2  2  2
#  2  1  1  1  2  2  2  2
#  1  2  2  1  1  1  2  1
#  1  0  1  1  2  1  1  1
#  1  1  2  1  2  0  1  1
