# TS_TEXT=2019-08-25-11:30:19
# TS_SECS=1566729019.20
# HOST=aft-node
# PERCENTILE_10=15.5
# PERCENTILE_90=16.5
# MIN_PIXEL=15.2
# MEDIAN_PIXEL=16.0
# MAX_PIXEL=20.2

# IMAGE
15.2 15.8 15.8 15.8 16.5 15.8 16.0 16.0 
16.5 16.0 15.8 16.2 15.8 15.5 16.5 16.2 
16.0 15.8 15.5 16.5 15.8 16.0 16.0 16.0 
15.5 16.5 16.5 15.2 15.8 15.5 16.2 17.2 
16.0 16.2 16.0 16.5 16.0 16.0 16.0 17.5 
15.8 15.8 16.5 16.0 15.8 15.8 16.8 20.2 
15.8 16.2 15.8 15.5 16.5 16.5 16.5 16.2 
15.5 16.5 15.8 16.0 16.2 16.0 15.8 16.5 


# DIFF
#  0  0  0  0  1  0  1  1
#  1  1  0  1  0  0  1  1
#  1  0  0  1  0  1  1  1
#  0  1  1  0  0  0  1  2
#  1  1  1  1  1  1  1  2
#  0  0  1  1  0  0  2  5
#  0  1  0  0  1  1  1  1
#  0  1  0  1  1  1  0  1
