# TS_TEXT=2019-08-18-21:27:08
# TS_SECS=1566160028.13
# HOST=starboard-node
# PERCENTILE_10=14.8
# PERCENTILE_90=16.8
# MIN_PIXEL=14.5
# MEDIAN_PIXEL=15.2
# MAX_PIXEL=18.8

# IMAGE
15.2 15.8 15.0 15.8 15.2 15.2 15.0 14.8 
15.5 15.0 15.5 16.0 15.2 15.5 14.8 14.8 
15.0 15.5 16.2 17.2 15.2 14.5 15.2 14.8 
15.2 16.0 18.5 16.2 15.5 15.2 14.5 15.2 
17.0 18.0 17.5 15.5 14.8 15.0 15.5 14.5 
16.8 18.8 16.8 15.5 15.0 15.5 14.8 14.8 
16.0 16.0 16.0 15.2 15.2 14.8 14.8 14.8 
16.0 16.0 15.5 15.0 14.5 15.0 14.5 15.0 


# DIFF
#  1  1  0  1  1  1  0  0
#  1  0  1  2  1  1  0  0
#  0  1  2  3  1  0  1  0
#  1  2  4  2  1  1  0  1
#  2  4  3  1  0  0  1  0
#  2  4  2  1  0  1  0  0
#  2  2  2  1  1  0  0  0
#  2  2  1  0  0  0  0  0
