# TS_TEXT=2019-08-18-23:05:03
# TS_SECS=1566165903.63
# HOST=aft-node
# PERCENTILE_10=14.2
# PERCENTILE_90=15.0
# MIN_PIXEL=0.0
# MEDIAN_PIXEL=14.5
# MAX_PIXEL=15.2

# IMAGE
15.0 15.2 15.0 15.0 14.8 15.0 14.2 14.2 
15.0 15.0 15.0 14.8 14.2 14.8 14.5 14.2 
14.5 14.8 14.5 15.0 14.5 14.2 14.2 14.5 
14.8 14.8 14.5 14.8 15.0 14.2 14.5 14.8 
14.5 14.2 14.5 14.2 14.8 14.5 14.5 14.0 
15.0 14.8 14.5 14.5 14.8 14.2 14.5 14.5 
14.5 15.0 15.0 14.8 14.5 14.5 14.8 15.0 
0.0 14.8 14.2 15.0 14.2 14.5 14.2 13.8 


# DIFF
# 15 15 15 15 15 15 14 14
# 15 15 15 15 14 15 14 14
# 14 15 14 15 14 14 14 14
# 15 15 14 15 15 14 14 15
# 14 14 14 14 15 14 14 14
# 15 15 14 14 15 14 14 14
# 14 15 15 15 14 14 15 15
#  0 15 14 15 14 14 14 14
