# TS_TEXT=2019-08-25-16:23:19
# TS_SECS=1566746599.33
# HOST=centre-node
# PERCENTILE_10=15.0
# PERCENTILE_90=17.9
# MIN_PIXEL=14.0
# MEDIAN_PIXEL=15.6
# MAX_PIXEL=32.8

# IMAGE
16.0 15.0 14.5 15.5 15.0 15.2 14.8 14.5 
15.8 15.2 15.2 15.8 15.2 15.5 15.0 14.0 
15.5 15.0 16.0 15.8 15.8 15.2 15.5 14.2 
16.0 15.8 16.0 15.2 15.8 16.8 15.8 15.2 
17.2 18.0 18.5 16.2 15.8 15.5 15.2 15.2 
17.5 29.0 32.8 17.2 16.0 15.8 15.5 15.2 
18.0 18.0 18.2 16.2 16.0 15.2 15.2 14.8 
15.8 16.2 16.8 15.8 15.0 15.5 15.0 15.2 


# DIFF
#  2  1  0  2  1  1  1  0
#  2  1  1  2  1  2  1  0
#  2  1  2  2  2  1  2  0
#  2  2  2  1  2  3  2  1
#  3  4  4  2  2  2  1  1
#  4 15 19  3  2  2  2  1
#  4  4  4  2  2  1  1  1
#  2  2  3  2  1  2  1  1
