# TS_TEXT=2019-08-18-23:21:38
# TS_SECS=1566166898.39
# HOST=aft-node
# PERCENTILE_10=13.2
# PERCENTILE_90=14.0
# MIN_PIXEL=0.0
# MEDIAN_PIXEL=13.5
# MAX_PIXEL=14.2

# IMAGE
13.8 13.8 14.0 14.0 13.8 13.8 13.5 13.2 
13.8 13.5 13.5 13.8 13.5 13.5 13.2 13.5 
13.8 14.2 13.8 14.2 13.0 14.0 13.5 13.5 
13.8 13.5 13.8 13.2 13.8 13.2 13.8 13.8 
14.0 14.2 14.2 13.8 13.5 13.2 13.2 13.2 
14.0 13.8 13.8 13.5 13.5 13.5 13.5 13.0 
13.5 14.2 13.8 14.0 13.5 13.5 13.5 13.8 
0.0 13.0 13.5 13.5 13.5 13.8 13.5 14.0 


# DIFF
# 14 14 14 14 14 14 14 13
# 14 14 14 14 14 14 13 14
# 14 14 14 14 13 14 14 14
# 14 14 14 13 14 13 14 14
# 14 14 14 14 14 13 13 13
# 14 14 14 14 14 14 14 13
# 14 14 14 14 14 14 14 14
#  0 13 14 14 14 14 14 14
