# TS_TEXT=2019-08-18-23:13:44
# TS_SECS=1566166424.95
# HOST=port-node
# PERCENTILE_10=14.2
# PERCENTILE_90=15.8
# MIN_PIXEL=13.8
# MEDIAN_PIXEL=15.0
# MAX_PIXEL=17.2

# IMAGE
15.5 15.5 15.5 15.5 15.2 15.2 14.5 15.8 
17.2 15.2 15.2 14.8 15.5 15.8 15.8 17.2 
14.8 14.2 13.8 14.0 14.8 14.5 15.8 17.0 
14.8 15.0 14.2 14.5 14.8 15.8 17.2 14.8 
15.0 14.8 14.2 15.2 14.5 16.8 17.0 15.0 
15.0 14.8 14.8 14.8 15.2 15.0 14.8 14.2 
15.5 14.2 14.5 15.8 15.2 15.2 15.0 15.2 
14.8 15.0 15.0 15.2 14.8 14.8 14.2 15.8 


# DIFF
#  2  2  2  2  2  2  1  2
#  4  2  2  1  2  2  2  4
#  1  0  0  0  1  1  2  3
#  1  1  0  1  1  2  4  1
#  1  1  0  2  1  3  3  1
#  1  1  1  1  2  1  1  0
#  2  0  1  2  2  2  1  2
#  1  1  1  2  1  1  0  2
