# TS_TEXT=2019-08-18-23:13:56
# TS_SECS=1566166436.05
# HOST=port-node
# PERCENTILE_10=14.0
# PERCENTILE_90=15.8
# MIN_PIXEL=13.2
# MEDIAN_PIXEL=14.5
# MAX_PIXEL=18.2

# IMAGE
13.8 14.0 14.0 13.5 13.8 14.0 13.8 14.0 
14.0 14.5 14.0 14.0 14.2 14.0 13.2 14.5 
13.8 14.2 14.0 14.2 14.8 14.5 14.8 14.0 
14.0 15.0 14.8 14.5 14.5 15.0 14.8 14.8 
14.5 14.2 14.8 14.2 14.2 15.0 15.0 15.8 
14.0 14.8 14.2 14.2 14.5 14.8 16.5 18.2 
14.8 15.0 14.8 15.2 15.0 15.2 15.8 18.2 
15.8 15.0 15.8 16.5 15.5 15.0 15.5 16.2 


# DIFF
#  0  1  1  0  0  1  0  1
#  1  1  1  1  1  1  0  1
#  0  1  1  1  2  1  2  1
#  1  2  2  1  1  2  2  2
#  1  1  2  1  1  2  2  2
#  1  2  1  1  1  2  3  5
#  2  2  2  2  2  2  2  5
#  2  2  2  3  2  2  2  3
