# TS_TEXT=2019-08-18-23:13:49
# TS_SECS=1566166429.99
# HOST=port-node
# PERCENTILE_10=14.5
# PERCENTILE_90=15.5
# MIN_PIXEL=0.0
# MEDIAN_PIXEL=15.0
# MAX_PIXEL=17.8

# IMAGE
14.2 14.8 14.0 14.0 14.8 15.0 16.0 17.8 
14.8 14.8 14.2 15.0 15.2 14.5 14.8 14.8 
14.8 15.2 15.0 15.2 15.5 14.8 15.2 14.8 
14.5 15.2 14.8 15.0 15.2 15.2 15.2 14.5 
14.8 14.8 15.2 15.0 15.0 15.5 15.8 14.2 
15.2 15.5 15.2 15.2 15.2 15.0 15.0 14.8 
15.5 15.5 15.5 15.5 15.0 15.5 15.5 15.5 
0.0 17.5 17.2 15.5 15.0 15.0 15.5 15.2 


# DIFF
# 14 15 14 14 15 15 16 18
# 15 15 14 15 15 14 15 15
# 15 15 15 15 16 15 15 15
# 14 15 15 15 15 15 15 14
# 15 15 15 15 15 16 16 14
# 15 16 15 15 15 15 15 15
# 16 16 16 16 15 16 16 16
#  0 18 17 16 15 15 16 15
