# TS_TEXT=2019-08-18-22:18:46
# TS_SECS=1566163126.36
# HOST=aft-node
# PERCENTILE_10=14.0
# PERCENTILE_90=15.2
# MIN_PIXEL=0.0
# MEDIAN_PIXEL=14.2
# MAX_PIXEL=17.8

# IMAGE
14.2 14.0 14.2 14.2 14.0 14.0 17.2 16.0 
14.5 14.0 14.0 14.5 14.2 14.5 17.8 16.5 
14.0 14.5 14.2 14.0 14.2 14.8 15.2 14.5 
14.8 14.2 14.0 14.5 13.8 14.5 14.0 14.5 
13.8 14.5 14.2 14.0 14.0 13.8 14.5 14.0 
15.0 14.2 14.5 14.0 14.2 14.0 14.5 14.0 
14.5 15.2 14.8 14.8 14.2 14.2 14.0 14.0 
0.0 14.0 13.2 14.2 14.0 14.8 14.8 15.2 


# DIFF
# 14 14 14 14 14 14 17 16
# 14 14 14 14 14 14 18 16
# 14 14 14 14 14 15 15 14
# 15 14 14 14 14 14 14 14
# 14 14 14 14 14 14 14 14
# 15 14 14 14 14 14 14 14
# 14 15 15 15 14 14 14 14
#  0 14 13 14 14 15 15 15
