# TS_TEXT=2019-08-18-22:18:37
# TS_SECS=1566163117.28
# HOST=aft-node
# PERCENTILE_10=14.0
# PERCENTILE_90=17.0
# MIN_PIXEL=13.5
# MEDIAN_PIXEL=14.5
# MAX_PIXEL=18.2

# IMAGE
13.8 14.2 14.0 14.0 13.5 14.5 17.5 18.2 
14.2 14.2 13.8 14.8 13.5 14.8 18.0 17.0 
14.0 14.2 14.8 14.0 14.2 14.5 14.8 14.5 
14.8 14.8 15.0 14.8 14.8 14.2 14.5 14.2 
14.2 14.8 14.5 14.5 17.5 17.5 14.0 13.5 
14.5 14.8 14.5 14.8 18.0 17.0 14.8 13.5 
14.8 14.8 14.8 14.5 14.8 14.5 14.0 14.2 
14.0 14.2 14.0 14.2 14.5 14.2 14.8 14.8 


# DIFF
#  0  1  0  0  0  1  4  5
#  1  1  0  1  0  1  4  4
#  0  1  1  0  1  1  1  1
#  1  1  2  1  1  1  1  1
#  1  1  1  1  4  4  0  0
#  1  1  1  1  4  4  1  0
#  1  1  1  1  1  1  0  1
#  0  1  0  1  1  1  1  1
