# TS_TEXT=2019-08-27-16:45:47
# TS_SECS=1566920747.71
# HOST=starboard-node
# PERCENTILE_10=15.5
# PERCENTILE_90=18.6
# MIN_PIXEL=15.0
# MEDIAN_PIXEL=16.0
# MAX_PIXEL=22.2

# IMAGE
15.2 16.8 16.0 16.8 15.8 16.0 15.5 15.0 
15.5 16.5 17.8 16.8 16.8 16.8 15.5 15.5 
15.8 16.5 19.5 20.5 18.8 16.2 16.0 15.5 
15.5 16.0 18.2 22.2 21.5 17.2 16.0 16.0 
15.8 15.8 16.8 19.2 20.5 16.8 16.5 15.5 
15.8 15.5 16.2 16.8 16.5 16.2 16.0 15.8 
15.5 15.5 15.8 15.8 16.0 15.8 15.8 15.5 
15.2 15.8 16.2 15.8 15.5 16.0 16.0 16.2 


# DIFF
#  0  2  1  2  1  1  0  0
#  0  2  3  2  2  2  0  0
#  1  2  4  6  4  1  1  0
#  0  1  3  7  6  2  1  1
#  1  1  2  4  6  2  2  0
#  1  0  1  2  2  1  1  1
#  0  0  1  1  1  1  1  0
#  0  1  1  1  0  1  1  1
