# TS_TEXT=2019-08-27-16:43:54
# TS_SECS=1566920634.90
# HOST=starboard-node
# PERCENTILE_10=16.5
# PERCENTILE_90=18.9
# MIN_PIXEL=16.0
# MEDIAN_PIXEL=17.0
# MAX_PIXEL=23.2

# IMAGE
16.8 17.2 17.0 17.5 17.2 16.8 16.2 16.0 
16.0 16.8 17.5 19.2 18.5 17.0 16.8 16.5 
16.5 17.2 18.8 23.2 21.8 17.5 17.0 16.5 
16.8 17.5 20.5 21.8 18.2 17.5 17.2 17.0 
16.5 17.0 18.2 21.8 18.0 17.0 17.2 16.5 
16.5 17.2 17.2 19.0 17.5 17.5 17.2 17.2 
17.0 16.2 17.2 17.0 17.8 17.0 16.5 16.5 
16.5 17.2 16.8 17.0 17.0 17.0 17.0 16.8 


# DIFF
#  1  1  1  2  1  1  0  0
#  0  1  2  3  2  1  1  0
#  0  1  3  7  6  2  1  0
#  1  2  4  6  2  2  1  1
#  0  1  2  6  2  1  1  0
#  0  1  1  3  2  2  1  1
#  1  0  1  1  2  1  0  0
#  0  1  1  1  1  1  1  1
