# TS_TEXT=2019-08-27-16:44:17
# TS_SECS=1566920657.04
# HOST=starboard-node
# PERCENTILE_10=16.0
# PERCENTILE_90=19.9
# MIN_PIXEL=15.8
# MEDIAN_PIXEL=16.8
# MAX_PIXEL=23.2

# IMAGE
16.0 16.5 16.2 17.0 17.5 17.0 16.0 15.8 
16.0 16.2 17.2 19.0 18.8 17.0 16.8 16.0 
16.2 17.0 17.0 20.8 23.0 17.2 15.8 16.2 
17.0 17.0 20.0 23.2 20.5 17.8 17.0 16.2 
16.8 17.2 20.2 21.0 17.8 16.5 16.8 16.5 
16.5 17.0 17.5 19.5 17.0 16.8 16.5 16.8 
16.8 16.2 17.0 17.0 16.8 16.5 16.2 16.0 
16.5 16.2 16.8 16.5 16.2 16.2 16.5 16.0 


# DIFF
#  0  1  0  1  2  1  0  0
#  0  0  2  3  3  1  1  0
#  0  1  1  5  7  2  0  0
#  1  1  4  8  5  2  1  0
#  1  2  4  5  2  1  1  1
#  1  1  2  4  1  1  1  1
#  1  0  1  1  1  1  0  0
#  1  0  1  1  0  0  1  0
