# TS_TEXT=2019-08-27-16:48:56
# TS_SECS=1566920936.45
# HOST=starboard-node
# PERCENTILE_10=15.2
# PERCENTILE_90=18.4
# MIN_PIXEL=14.5
# MEDIAN_PIXEL=15.8
# MAX_PIXEL=22.5

# IMAGE
15.2 16.0 15.8 16.0 15.8 16.0 14.8 14.5 
16.0 16.0 17.5 16.8 16.0 16.0 15.5 14.5 
15.5 17.0 20.8 19.0 18.8 16.0 16.0 15.2 
15.8 16.0 19.5 22.2 22.5 17.5 15.2 15.5 
15.5 16.0 17.0 19.5 17.5 16.2 15.8 15.0 
15.5 15.8 16.2 15.8 15.8 15.5 15.5 15.5 
15.0 15.2 16.0 15.8 15.5 15.8 15.8 15.2 
16.2 15.0 15.5 15.8 16.0 15.5 15.8 15.5 


# DIFF
#  1  2  1  2  1  2  0  0
#  2  2  3  2  2  2  1  0
#  1  2  6  4  4  2  2  1
#  1  2  5  8  8  3  1  1
#  1  2  2  5  3  2  1  0
#  1  1  2  1  1  1  1  1
#  0  1  2  1  1  1  1  1
#  2  0  1  1  2  1  1  1
