# TS_TEXT=2019-08-27-16:52:41
# TS_SECS=1566921161.08
# HOST=starboard-node
# PERCENTILE_10=14.5
# PERCENTILE_90=17.3
# MIN_PIXEL=13.5
# MEDIAN_PIXEL=15.0
# MAX_PIXEL=20.8

# IMAGE
14.8 15.0 14.0 15.2 14.5 14.8 14.5 13.5 
14.8 14.8 15.5 15.5 15.2 14.8 14.5 14.0 
15.2 15.2 16.8 17.5 16.2 15.5 15.0 14.2 
14.8 16.2 20.5 20.8 19.5 18.2 15.5 15.0 
15.0 15.5 20.2 19.0 16.5 16.0 16.0 15.2 
14.8 15.5 15.0 16.2 15.5 15.0 15.5 15.0 
15.5 14.8 15.2 15.2 15.2 14.8 15.0 15.0 
15.0 15.0 14.5 14.8 14.2 14.5 14.5 15.0 


# DIFF
#  1  2  0  2  1  1  1  0
#  1  1  2  2  2  1  1  0
#  2  2  3  4  3  2  2  1
#  1  3  7  7  6  5  2  2
#  2  2  7  6  3  2  2  2
#  1  2  2  3  2  2  2  2
#  2  1  2  2  2  1  2  2
#  2  2  1  1  1  1  1  2
