# TS_TEXT=2019-08-27-16:43:53
# TS_SECS=1566920633.88
# HOST=starboard-node
# PERCENTILE_10=16.5
# PERCENTILE_90=19.2
# MIN_PIXEL=16.2
# MEDIAN_PIXEL=17.2
# MAX_PIXEL=23.5

# IMAGE
16.5 17.2 16.8 17.5 17.5 17.0 16.8 16.2 
17.0 16.2 18.0 19.2 18.5 17.2 17.0 16.8 
16.5 17.8 19.2 23.5 21.8 17.8 17.0 16.5 
17.0 17.0 20.5 22.0 19.0 17.8 17.2 17.0 
16.5 17.0 18.0 21.8 18.0 17.0 17.5 16.5 
17.2 16.8 17.2 19.2 17.8 17.0 17.2 17.5 
16.8 17.0 17.2 17.5 17.2 16.8 16.5 16.5 
17.0 17.2 17.0 17.0 16.5 17.2 17.0 17.2 


# DIFF
#  0  1  0  1  1  1  0  0
#  1  0  2  3  2  1  1  0
#  0  2  3  7  6  2  1  0
#  1  1  4  6  3  2  1  1
#  0  1  2  6  2  1  1  0
#  1  0  1  3  2  1  1  1
#  0  1  1  1  1  0  0  0
#  1  1  1  1  0  1  1  1
