# TS_TEXT=2019-08-27-16:47:06
# TS_SECS=1566920826.21
# HOST=starboard-node
# PERCENTILE_10=15.0
# PERCENTILE_90=19.2
# MIN_PIXEL=13.8
# MEDIAN_PIXEL=15.5
# MAX_PIXEL=21.5

# IMAGE
15.2 15.2 15.2 15.2 16.0 15.2 15.2 13.8 
15.5 15.8 16.8 16.8 15.8 15.8 15.2 15.0 
15.2 16.0 19.5 21.0 19.5 16.2 15.8 15.0 
15.2 16.0 19.2 20.8 21.5 19.2 16.2 15.5 
15.5 15.2 16.5 16.8 20.0 17.8 17.2 14.8 
15.0 15.0 15.0 16.0 16.0 16.0 15.8 15.5 
15.0 14.8 16.2 15.5 15.5 15.2 15.2 15.0 
15.2 15.5 15.8 15.0 15.0 15.8 15.5 15.0 


# DIFF
#  2  2  2  2  2  2  2  0
#  2  2  3  3  2  2  2  1
#  2  2  6  7  6  2  2  1
#  2  2  6  7  8  6  2  2
#  2  2  3  3  6  4  4  1
#  1  1  1  2  2  2  2  2
#  1  1  2  2  2  2  2  1
#  2  2  2  1  1  2  2  1
