# TS_TEXT=2019-08-27-16:50:05
# TS_SECS=1566921005.01
# HOST=starboard-node
# PERCENTILE_10=14.2
# PERCENTILE_90=17.2
# MIN_PIXEL=13.2
# MEDIAN_PIXEL=14.8
# MAX_PIXEL=21.8

# IMAGE
14.0 14.8 14.5 15.2 14.8 14.5 14.8 13.2 
14.8 14.2 15.5 17.2 15.2 15.2 14.2 14.0 
14.0 15.0 16.5 21.8 18.8 15.0 15.0 14.2 
14.2 15.0 16.0 20.2 19.0 16.2 14.2 15.0 
14.2 14.5 15.2 20.5 17.0 14.5 15.0 14.5 
14.5 14.2 15.5 18.5 16.5 15.2 14.8 15.0 
14.5 14.5 15.2 15.8 15.5 14.8 14.5 15.0 
14.2 14.5 15.0 14.8 14.8 14.5 14.8 14.2 


# DIFF
#  1  2  1  2  2  1  2  0
#  2  1  2  4  2  2  1  1
#  1  2  3  8  6  2  2  1
#  1  2  3  7  6  3  1  2
#  1  1  2  7  4  1  2  1
#  1  1  2  5  3  2  2  2
#  1  1  2  2  2  2  1  2
#  1  1  2  2  2  1  2  1
