# TS_TEXT=2019-08-27-16:44:37
# TS_SECS=1566920677.19
# HOST=starboard-node
# PERCENTILE_10=15.8
# PERCENTILE_90=19.4
# MIN_PIXEL=15.0
# MEDIAN_PIXEL=16.8
# MAX_PIXEL=23.5

# IMAGE
15.0 16.0 15.8 17.0 16.5 16.5 16.0 16.0 
16.0 16.2 17.0 17.8 17.5 16.8 17.0 15.8 
15.8 17.0 18.8 19.0 21.2 17.2 17.0 16.2 
16.8 18.2 20.8 22.8 23.5 19.8 16.8 16.2 
16.8 18.8 19.8 18.5 19.5 17.5 16.8 16.5 
16.2 16.2 17.0 17.0 17.0 16.8 17.0 16.8 
15.8 15.8 16.8 16.8 16.5 16.5 16.8 16.0 
15.5 16.5 16.5 16.2 16.2 16.5 17.0 16.5 


# DIFF
#  0  1  1  2  2  2  1  1
#  1  1  2  3  2  2  2  1
#  1  2  4  4  6  2  2  1
#  2  3  6  8  8  5  2  1
#  2  4  5  4  4  2  2  2
#  1  1  2  2  2  2  2  2
#  1  1  2  2  2  2  2  1
#  0  2  2  1  1  2  2  2
