# TS_TEXT=2019-08-27-16:48:20
# TS_SECS=1566920900.27
# HOST=starboard-node
# PERCENTILE_10=14.6
# PERCENTILE_90=17.9
# MIN_PIXEL=14.0
# MEDIAN_PIXEL=15.1
# MAX_PIXEL=22.8

# IMAGE
14.2 15.0 14.0 16.0 15.8 15.2 14.8 14.0 
14.5 15.0 15.8 16.2 17.5 16.5 15.5 14.5 
14.5 15.5 16.2 20.2 20.8 16.5 15.2 14.8 
14.8 15.0 18.0 22.8 18.2 16.2 14.8 15.5 
14.8 15.2 16.2 19.5 18.0 15.8 15.5 14.8 
15.0 14.8 15.2 15.5 15.5 14.8 15.0 15.0 
14.8 15.0 15.0 15.2 15.0 15.0 15.5 15.0 
14.5 15.2 15.0 15.0 15.0 15.0 15.2 15.0 


# DIFF
#  0  1  0  2  2  1  1  0
#  0  1  2  2  4  2  2  0
#  0  2  2  6  7  2  1  1
#  1  1  4  9  4  2  1  2
#  1  1  2  6  4  2  2  1
#  1  1  1  2  2  1  1  1
#  1  1  1  1  1  1  2  1
#  0  1  1  1  1  1  1  1
