# TS_TEXT=2019-08-27-16:48:40
# TS_SECS=1566920920.39
# HOST=starboard-node
# PERCENTILE_10=14.8
# PERCENTILE_90=17.6
# MIN_PIXEL=14.2
# MEDIAN_PIXEL=15.5
# MAX_PIXEL=22.2

# IMAGE
14.5 15.0 15.2 15.8 15.8 15.5 15.0 14.2 
15.5 14.8 17.0 18.5 16.5 16.0 15.5 14.8 
15.0 15.5 17.2 20.8 17.8 15.5 15.5 15.2 
15.0 15.2 16.8 22.2 22.0 16.8 15.5 15.8 
14.8 14.8 16.2 17.8 18.2 16.0 15.5 14.8 
14.8 14.8 15.5 15.5 15.5 15.5 15.5 15.5 
15.2 14.8 15.5 15.5 15.8 15.2 15.2 14.8 
14.8 14.8 15.0 15.2 15.0 15.5 15.8 15.5 


# DIFF
#  0  1  1  2  2  1  1  0
#  1  0  3  4  2  2  1  0
#  1  1  3  6  4  1  1  1
#  1  1  2  8  8  2  1  2
#  0  0  2  4  4  2  1  0
#  0  0  1  1  1  1  1  1
#  1  0  1  1  2  1  1  0
#  0  0  1  1  1  1  2  1
