# TS_TEXT=2019-08-27-16:43:30
# TS_SECS=1566920610.71
# HOST=starboard-node
# PERCENTILE_10=16.8
# PERCENTILE_90=19.6
# MIN_PIXEL=16.0
# MEDIAN_PIXEL=17.5
# MAX_PIXEL=23.5

# IMAGE
16.8 17.8 17.5 18.0 18.0 17.5 16.8 16.0 
16.5 17.5 19.2 22.5 20.2 17.8 17.0 16.5 
16.8 17.8 18.8 23.2 20.0 17.2 17.2 17.0 
17.0 17.5 18.5 23.5 19.8 17.8 17.2 17.5 
17.5 17.5 18.5 21.5 19.0 17.2 17.2 16.8 
16.8 17.2 18.2 18.5 18.2 17.2 17.0 17.5 
17.0 17.0 17.8 17.8 17.2 17.2 17.0 16.8 
16.8 17.5 17.2 17.0 16.5 16.8 16.8 17.5 


# DIFF
#  1  2  2  2  2  2  1  0
#  0  2  3  6  4  2  1  0
#  1  2  3  7  4  1  1  1
#  1  2  2  8  4  2  1  2
#  2  2  2  6  3  1  1  1
#  1  1  2  2  2  1  1  2
#  1  1  2  2  1  1  1  1
#  1  2  1  1  0  1  1  2
