# TS_TEXT=2019-08-27-16:44:12
# TS_SECS=1566920652.99
# HOST=starboard-node
# PERCENTILE_10=16.1
# PERCENTILE_90=19.7
# MIN_PIXEL=15.8
# MEDIAN_PIXEL=16.8
# MAX_PIXEL=23.8

# IMAGE
16.5 16.2 16.2 17.0 17.0 16.5 16.8 16.0 
16.0 16.0 17.2 19.0 18.5 16.8 16.5 15.8 
16.2 17.2 17.8 21.2 23.2 17.5 16.8 16.5 
17.2 17.0 19.8 23.8 20.5 18.0 16.2 17.0 
16.8 17.2 20.8 21.8 17.2 17.0 17.2 16.8 
16.5 16.8 17.2 19.5 17.0 17.0 16.8 17.0 
16.0 16.0 16.8 17.8 16.5 16.2 16.5 16.8 
16.2 16.8 16.0 16.8 16.2 16.8 16.2 16.5 


# DIFF
#  1  0  0  1  1  1  1  0
#  0  0  2  3  3  1  1  0
#  0  2  2  6  8  2  1  1
#  2  1  4  8  5  2  0  1
#  1  2  5  6  2  1  2  1
#  1  1  2  4  1  1  1  1
#  0  0  1  2  1  0  1  1
#  0  1  0  1  0  1  0  1
