# TS_TEXT=2019-08-27-16:49:58
# TS_SECS=1566920998.98
# HOST=starboard-node
# PERCENTILE_10=14.6
# PERCENTILE_90=17.9
# MIN_PIXEL=14.2
# MEDIAN_PIXEL=15.2
# MAX_PIXEL=22.2

# IMAGE
14.8 15.0 15.2 15.2 15.2 15.5 14.5 14.2 
14.8 14.8 16.0 17.8 16.0 15.5 14.8 14.5 
14.8 15.8 17.8 22.2 20.2 15.2 15.2 14.5 
15.0 15.0 17.2 20.8 19.8 16.2 14.8 15.2 
15.0 14.8 16.0 20.8 18.0 15.2 15.2 14.2 
15.2 15.0 15.8 19.0 16.8 15.2 15.0 14.8 
14.8 15.0 15.2 16.8 16.0 15.5 15.2 15.2 
14.2 14.8 15.2 14.8 15.0 15.5 14.5 15.0 


# DIFF
#  0  1  1  1  1  1  0  0
#  0  0  2  4  2  1  0  0
#  0  2  4  8  6  1  1  0
#  1  1  3  6  6  2  0  1
#  1  0  2  6  4  1  1  0
#  1  1  2  5  2  1  1  0
#  0  1  1  2  2  1  1  1
#  0  0  1  0  1  1  0  1
