# TS_TEXT=2019-08-27-16:49:29
# TS_SECS=1566920969.69
# HOST=starboard-node
# PERCENTILE_10=14.5
# PERCENTILE_90=17.6
# MIN_PIXEL=14.0
# MEDIAN_PIXEL=15.2
# MAX_PIXEL=21.2

# IMAGE
14.5 15.0 14.5 15.5 15.5 15.2 14.5 14.5 
14.5 14.5 15.5 16.5 16.2 15.5 15.2 14.0 
14.2 15.5 16.5 20.2 20.5 15.2 15.2 15.2 
15.2 15.8 19.0 20.2 21.2 16.5 15.0 15.2 
14.8 15.5 19.0 18.0 16.2 15.8 15.8 14.8 
15.2 15.0 15.5 15.2 15.2 15.0 15.2 15.2 
14.5 15.2 15.2 15.2 15.2 15.2 15.5 14.8 
14.8 15.2 15.2 15.2 15.5 15.0 15.2 15.0 


# DIFF
#  0  1  0  2  2  1  0  0
#  0  0  2  2  2  2  1  0
#  0  2  2  6  6  1  1  1
#  1  2  5  6  7  2  1  1
#  1  2  5  4  2  2  2  1
#  1  1  2  1  1  1  1  1
#  0  1  1  1  1  1  2  1
#  1  1  1  1  2  1  1  1
