# TS_TEXT=2019-08-27-16:43:09
# TS_SECS=1566920589.63
# HOST=starboard-node
# PERCENTILE_10=16.6
# PERCENTILE_90=20.5
# MIN_PIXEL=16.0
# MEDIAN_PIXEL=17.2
# MAX_PIXEL=23.5

# IMAGE
16.2 17.2 17.2 18.2 17.8 17.0 17.0 16.0 
16.8 16.8 17.8 21.8 20.0 17.2 17.2 17.0 
16.2 17.5 18.0 23.5 20.8 17.5 17.2 17.0 
17.0 17.0 18.5 23.0 20.8 17.5 17.0 17.2 
16.2 17.0 17.5 21.2 20.8 17.5 17.5 16.5 
16.8 16.5 17.0 19.2 19.2 17.5 17.2 17.2 
17.0 17.0 17.2 17.8 17.5 16.8 17.5 16.8 
16.5 17.0 17.2 17.0 17.0 17.0 17.0 17.0 


# DIFF
#  0  1  1  2  2  1  1  0
#  1  1  2  6  4  1  1  1
#  0  2  2  8  5  2  1  1
#  1  1  2  7  5  2  1  1
#  0  1  2  5  5  2  2  0
#  1  0  1  3  3  2  1  1
#  1  1  1  2  2  1  2  1
#  0  1  1  1  1  1  1  1
