# TS_TEXT=2019-08-27-16:43:10
# TS_SECS=1566920590.63
# HOST=starboard-node
# PERCENTILE_10=16.8
# PERCENTILE_90=20.4
# MIN_PIXEL=16.0
# MEDIAN_PIXEL=17.0
# MAX_PIXEL=23.2

# IMAGE
16.0 16.8 17.2 18.0 18.2 17.5 16.8 16.5 
16.8 16.5 18.8 21.8 20.2 17.2 17.0 16.5 
16.2 17.2 19.0 23.2 20.5 17.5 17.0 17.0 
17.0 17.0 18.0 22.5 21.0 17.2 17.0 16.8 
16.8 16.8 17.2 21.0 21.2 17.8 17.2 16.8 
17.0 16.8 17.0 18.8 19.8 17.5 16.8 17.0 
16.5 17.0 16.8 17.0 17.5 17.0 16.8 17.0 
17.0 16.8 16.8 17.0 17.0 17.2 17.2 17.2 


# DIFF
#  0  1  1  2  2  2  1  0
#  1  0  3  6  4  1  1  0
#  0  1  3  7  4  2  1  1
#  1  1  2  6  5  1  1  1
#  1  1  1  5  5  2  1  1
#  1  1  1  3  4  2  1  1
#  0  1  1  1  2  1  1  1
#  1  1  1  1  1  1  1  1
