# TS_TEXT=2019-08-27-16:43:23
# TS_SECS=1566920603.68
# HOST=starboard-node
# PERCENTILE_10=16.8
# PERCENTILE_90=20.0
# MIN_PIXEL=16.0
# MEDIAN_PIXEL=17.2
# MAX_PIXEL=23.5

# IMAGE
17.0 17.8 17.2 18.8 17.8 17.0 17.0 16.5 
16.8 17.0 19.5 22.2 20.2 17.5 16.8 16.5 
16.0 17.5 19.0 22.5 22.0 17.0 17.2 17.5 
16.8 16.8 18.2 23.5 20.8 18.0 17.5 17.0 
17.0 17.5 18.0 21.5 19.2 17.0 17.8 17.0 
16.5 17.2 17.2 18.5 18.0 17.2 17.2 17.2 
16.8 17.2 17.5 17.2 17.8 17.5 16.8 16.8 
16.2 17.5 17.2 17.0 17.0 17.5 17.5 17.8 


# DIFF
#  1  2  1  3  2  1  1  0
#  1  1  4  6  4  2  1  0
#  0  2  3  6  6  1  1  2
#  1  1  2  8  5  2  2  1
#  1  2  2  6  3  1  2  1
#  0  1  1  2  2  1  1  1
#  1  1  2  1  2  2  1  1
#  0  2  1  1  1  2  2  2
