# TS_TEXT=2019-08-27-16:44:49
# TS_SECS=1566920689.28
# HOST=starboard-node
# PERCENTILE_10=16.1
# PERCENTILE_90=19.4
# MIN_PIXEL=15.5
# MEDIAN_PIXEL=16.8
# MAX_PIXEL=23.8

# IMAGE
16.0 16.5 17.2 17.0 17.2 16.8 16.8 15.8 
16.5 16.5 18.8 18.2 17.5 17.2 17.0 15.5 
16.8 19.0 20.0 22.5 20.2 17.8 16.2 16.0 
16.8 16.8 18.8 21.5 23.8 19.5 17.0 16.8 
16.5 16.5 17.5 18.2 20.5 18.0 17.0 16.5 
16.2 16.8 16.2 17.2 17.2 17.0 16.2 16.8 
16.2 15.8 17.0 16.5 17.0 16.5 16.5 16.0 
16.5 16.8 16.0 16.2 16.2 16.8 16.5 16.5 


# DIFF
#  0  1  2  2  2  1  1  0
#  1  1  3  3  2  2  2  0
#  1  4  4  7  5  2  1  0
#  1  1  3  6  8  4  2  1
#  1  1  2  3  5  2  2  1
#  1  1  1  2  2  2  1  1
#  1  0  2  1  2  1  1  0
#  1  1  0  1  1  1  1  1
