# TS_TEXT=2019-08-27-16:52:39
# TS_SECS=1566921159.04
# HOST=starboard-node
# PERCENTILE_10=14.5
# PERCENTILE_90=16.9
# MIN_PIXEL=13.5
# MEDIAN_PIXEL=15.0
# MAX_PIXEL=20.5

# IMAGE
15.0 14.5 14.8 14.8 15.0 15.0 14.0 13.5 
14.5 14.8 15.2 15.2 14.5 14.5 14.8 14.2 
15.0 15.2 17.0 16.8 16.0 15.0 15.0 14.5 
15.0 16.0 20.2 20.5 19.5 18.0 15.2 15.0 
15.0 15.5 20.0 18.8 16.5 16.2 15.2 15.0 
15.0 15.5 15.2 16.2 15.0 15.0 15.0 15.0 
14.5 14.5 15.0 15.5 14.8 14.8 15.0 15.0 
15.0 15.2 15.2 14.8 14.8 15.2 14.5 14.5 


# DIFF
#  2  1  1  1  2  2  0  0
#  1  1  2  2  1  1  1  1
#  2  2  4  3  2  2  2  1
#  2  2  7  7  6  4  2  2
#  2  2  6  5  3  3  2  2
#  2  2  2  3  2  2  2  2
#  1  1  2  2  1  1  2  2
#  2  2  2  1  1  2  1  1
