# TS_TEXT=2019-08-27-16:48:44
# TS_SECS=1566920924.40
# HOST=starboard-node
# PERCENTILE_10=15.0
# PERCENTILE_90=17.9
# MIN_PIXEL=14.2
# MEDIAN_PIXEL=15.5
# MAX_PIXEL=21.8

# IMAGE
15.5 15.8 15.2 16.0 15.5 14.5 15.0 14.2 
15.8 16.0 18.0 16.5 16.0 15.8 15.5 14.2 
15.5 16.2 19.0 19.5 17.2 15.5 15.5 15.2 
15.8 16.2 20.2 21.8 20.8 16.8 15.2 15.2 
15.5 15.8 17.0 19.5 17.5 15.8 15.8 15.5 
15.5 14.8 15.2 16.0 15.5 15.2 15.2 15.5 
15.5 15.2 15.8 15.5 15.8 15.2 15.0 14.8 
15.2 15.5 15.5 15.5 15.0 15.2 15.5 15.2 


# DIFF
#  1  2  1  2  1  0  1  0
#  2  2  4  2  2  2  1  0
#  1  2  5  5  3  1  1  1
#  2  2  6  8  6  2  1  1
#  1  2  3  5  3  2  2  1
#  1  0  1  2  1  1  1  1
#  1  1  2  1  2  1  1  0
#  1  1  1  1  1  1  1  1
