# TS_TEXT=2019-08-27-16:49:17
# TS_SECS=1566920957.59
# HOST=starboard-node
# PERCENTILE_10=14.8
# PERCENTILE_90=17.6
# MIN_PIXEL=14.2
# MEDIAN_PIXEL=15.2
# MAX_PIXEL=21.5

# IMAGE
14.2 15.2 14.8 15.5 15.2 15.2 14.8 14.8 
15.2 15.0 15.8 15.8 15.8 15.8 15.2 15.0 
15.2 15.8 16.8 18.0 20.8 15.5 15.2 14.8 
15.5 15.5 19.0 20.8 21.5 16.5 15.0 15.2 
15.5 15.5 18.2 18.5 16.8 15.5 15.2 15.2 
15.5 15.2 15.8 15.5 15.0 15.5 15.5 15.2 
15.0 15.0 15.8 15.8 15.2 15.2 15.0 14.5 
14.8 15.2 15.5 15.0 15.0 15.2 15.0 15.0 


# DIFF
#  0  1  0  1  1  1  0  0
#  1  1  2  2  2  2  1  1
#  1  2  2  4  6  1  1  0
#  1  1  5  6  7  2  1  1
#  1  1  4  4  2  1  1  1
#  1  1  2  1  1  1  1  1
#  1  1  2  2  1  1  1  0
#  0  1  1  1  1  1  1  1
