# TS_TEXT=2019-08-27-16:44:57
# TS_SECS=1566920697.34
# HOST=starboard-node
# PERCENTILE_10=16.0
# PERCENTILE_90=19.5
# MIN_PIXEL=16.0
# MEDIAN_PIXEL=16.8
# MAX_PIXEL=23.8

# IMAGE
16.0 16.0 17.0 17.5 16.8 16.8 16.5 16.0 
16.0 16.0 18.0 19.0 17.2 16.8 16.8 16.0 
16.0 17.0 19.8 22.0 20.5 18.0 17.0 16.5 
16.5 16.5 18.0 21.2 23.8 18.8 16.5 17.0 
16.5 16.5 17.0 20.8 20.0 17.5 17.0 16.5 
16.5 16.0 16.8 17.2 17.0 17.0 16.8 17.0 
16.0 16.0 16.5 16.8 16.5 16.8 16.2 16.5 
16.5 16.8 16.2 16.0 16.5 17.0 16.5 16.2 


# DIFF
#  0  0  1  2  1  1  0  0
#  0  0  2  3  1  1  1  0
#  0  1  4  6  4  2  1  0
#  0  0  2  5  8  3  0  1
#  0  0  1  5  4  2  1  0
#  0  0  1  1  1  1  1  1
#  0  0  0  1  0  1  0  0
#  0  1  0  0  0  1  0  0
