# TS_TEXT=2019-08-25-11:18:26
# TS_SECS=1566728306.43
# HOST=port-node
# PERCENTILE_10=16.0
# PERCENTILE_90=17.4
# MIN_PIXEL=15.5
# MEDIAN_PIXEL=16.2
# MAX_PIXEL=22.0

# IMAGE
16.0 16.5 15.5 16.0 16.0 16.2 16.5 17.5 
16.0 16.2 16.5 16.2 16.2 16.0 16.8 19.0 
15.8 16.0 16.0 16.2 16.0 16.0 17.0 17.2 
15.5 16.2 16.0 16.0 15.8 16.8 16.5 16.2 
16.5 16.8 16.2 16.0 16.5 16.5 16.0 16.8 
19.5 19.5 16.2 16.2 16.2 16.2 16.5 16.0 
22.0 19.8 16.8 16.5 16.2 16.0 16.5 16.2 
19.2 16.8 16.8 16.2 16.2 16.2 17.2 16.5 


# DIFF
#  0  1  0  0  0  1  1  2
#  0  1  1  1  1  0  1  4
#  0  0  0  1  0  0  2  2
#  0  1  0  0  0  1  1  1
#  1  1  1  0  1  1  0  1
#  4  4  1  1  1  1  1  0
#  6  4  1  1  1  0  1  1
#  4  1  1  1  1  1  2  1
