# TS_TEXT=2019-08-18-22:19:10
# TS_SECS=1566163150.74
# HOST=port-node
# PERCENTILE_10=13.0
# PERCENTILE_90=14.2
# MIN_PIXEL=0.0
# MEDIAN_PIXEL=13.8
# MAX_PIXEL=16.8

# IMAGE
13.0 13.0 13.0 13.2 13.5 13.0 13.0 12.8 
13.0 13.2 13.5 13.5 13.5 13.5 14.0 13.8 
12.8 13.2 14.0 13.5 13.5 14.2 14.0 13.8 
12.8 14.2 13.8 13.8 13.8 14.2 13.8 14.0 
14.0 14.0 14.2 13.8 13.8 14.2 14.0 13.5 
16.8 15.2 14.2 14.0 13.8 14.0 14.0 15.0 
16.8 14.0 14.2 13.8 14.2 13.8 14.0 13.8 
0.0 13.5 13.5 12.5 12.8 13.0 13.8 13.5 


# DIFF
# 13 13 13 13 14 13 13 13
# 13 13 14 14 14 14 14 14
# 13 13 14 14 14 14 14 14
# 13 14 14 14 14 14 14 14
# 14 14 14 14 14 14 14 14
# 17 15 14 14 14 14 14 15
# 17 14 14 14 14 14 14 14
#  0 14 14 12 13 13 14 14
