# TS_TEXT=2019-08-27-13:45:11
# TS_SECS=1566909911.16
# HOST=starboard-node
# PERCENTILE_10=15.2
# PERCENTILE_90=16.2
# MIN_PIXEL=12.0
# MEDIAN_PIXEL=16.0
# MAX_PIXEL=16.8

# IMAGE
15.8 15.2 15.2 16.2 16.0 12.0 15.5 15.0 
15.8 15.5 16.0 16.0 16.0 15.8 15.8 15.0 
15.2 16.0 16.2 16.2 16.0 14.5 16.0 15.5 
15.5 15.5 15.8 16.8 16.2 16.0 15.8 15.8 
16.0 15.8 16.0 16.8 16.0 14.5 16.2 16.0 
15.8 15.5 16.0 16.2 16.2 16.0 16.0 16.0 
16.2 16.2 16.0 16.2 16.2 14.2 16.2 15.8 
15.2 16.5 15.8 15.8 15.2 16.0 16.2 16.8 


# DIFF
#  4  3  3  4  4  0  4  3
#  4  4  4  4  4  4  4  3
#  3  4  4  4  4  2  4  4
#  4  4  4  5  4  4  4  4
#  4  4  4  5  4  2  4  4
#  4  4  4  4  4  4  4  4
#  4  4  4  4  4  2  4  4
#  3  4  4  4  3  4  4  5
