# TS_TEXT=2019-08-27-13:45:13
# TS_SECS=1566909913.18
# HOST=starboard-node
# PERCENTILE_10=15.3
# PERCENTILE_90=16.2
# MIN_PIXEL=14.8
# MEDIAN_PIXEL=16.0
# MAX_PIXEL=16.5

# IMAGE
15.0 15.5 15.2 15.8 16.2 15.5 15.5 14.8 
15.0 15.5 16.0 16.2 16.0 15.5 16.0 15.2 
15.2 16.0 16.0 16.5 16.5 15.5 15.8 15.8 
15.5 15.5 16.0 16.5 16.2 16.0 15.5 16.0 
15.8 15.5 15.8 16.2 16.0 16.0 16.2 15.5 
16.0 15.5 16.0 16.0 15.8 16.2 16.0 16.2 
15.5 16.0 15.8 16.2 16.2 15.8 15.8 15.5 
16.0 16.2 16.0 15.2 16.2 15.8 16.2 16.0 


# DIFF
#  0  1  0  1  2  1  1  0
#  0  1  1  2  1  1  1  0
#  0  1  1  2  2  1  1  1
#  1  1  1  2  2  1  1  1
#  1  1  1  2  1  1  2  1
#  1  1  1  1  1  2  1  2
#  1  1  1  2  2  1  1  1
#  1  2  1  0  2  1  2  1
