# TS_TEXT=2019-08-25-12:20:27
# TS_SECS=1566732027.53
# HOST=port-node
# PERCENTILE_10=16.2
# PERCENTILE_90=17.2
# MIN_PIXEL=15.8
# MEDIAN_PIXEL=16.8
# MAX_PIXEL=20.2

# IMAGE
16.5 16.8 16.0 16.2 16.2 16.5 16.2 16.2 
16.5 16.5 16.8 16.2 16.8 16.8 16.0 16.8 
16.2 16.8 16.5 16.8 17.0 16.8 16.5 17.8 
15.8 16.8 16.5 16.8 16.5 17.2 17.2 18.8 
16.2 16.8 17.0 16.8 16.8 17.0 16.5 16.8 
19.2 18.0 17.0 16.2 16.5 16.5 16.8 16.5 
20.2 17.0 16.2 17.2 16.8 16.8 16.2 16.5 
17.2 16.8 16.8 16.5 16.5 16.8 16.5 16.0 


# DIFF
#  1  1  0  0  0  1  0  0
#  1  1  1  0  1  1  0  1
#  0  1  1  1  1  1  1  2
#  0  1  1  1  1  2  2  3
#  0  1  1  1  1  1  1  1
#  4  2  1  0  1  1  1  1
#  4  1  0  2  1  1  0  1
#  2  1  1  1  1  1  1  0
