# TS_TEXT=2019-08-25-12:20:15
# TS_SECS=1566732015.45
# HOST=port-node
# PERCENTILE_10=16.2
# PERCENTILE_90=17.5
# MIN_PIXEL=15.2
# MEDIAN_PIXEL=16.8
# MAX_PIXEL=20.8

# IMAGE
17.5 16.5 16.2 16.5 16.5 16.8 16.5 17.5 
16.8 16.2 16.8 16.2 16.5 16.8 17.2 19.2 
16.5 16.2 16.5 16.2 16.8 16.5 18.5 20.8 
15.2 16.5 16.5 16.8 16.0 16.8 17.2 17.0 
16.5 16.8 16.8 16.5 17.2 16.5 17.0 17.0 
18.5 17.2 16.8 16.2 16.2 16.8 16.8 16.8 
18.8 17.0 16.2 16.8 16.8 16.8 16.5 17.0 
18.2 16.8 16.8 17.2 17.0 16.5 16.2 17.0 


# DIFF
#  2  1  1  1  1  2  1  2
#  2  1  2  1  1  2  2  4
#  1  1  1  1  2  1  3  6
#  0  1  1  2  1  2  2  2
#  1  2  2  1  2  1  2  2
#  3  2  2  1  1  2  2  2
#  4  2  1  2  2  2  1  2
#  3  2  2  2  2  1  1  2
