# TS_TEXT=2019-08-18-22:04:58
# TS_SECS=1566162298.68
# HOST=port-node
# PERCENTILE_10=14.0
# PERCENTILE_90=15.5
# MIN_PIXEL=0.0
# MEDIAN_PIXEL=14.5
# MAX_PIXEL=18.8

# IMAGE
14.2 14.5 14.5 13.8 14.8 14.5 14.2 14.8 
13.8 14.5 14.5 14.2 14.2 14.2 13.8 14.5 
14.2 14.2 14.5 14.2 14.2 14.2 15.2 15.2 
13.8 14.2 14.8 14.0 14.2 15.2 16.5 17.8 
14.8 14.5 14.5 14.5 14.2 15.5 16.5 18.8 
14.0 14.2 14.5 15.0 14.5 14.8 15.5 17.5 
14.2 14.8 15.0 15.0 15.0 15.0 14.5 16.0 
0.0 14.2 14.5 14.0 14.2 13.8 15.2 15.5 


# DIFF
# 14 14 14 14 15 14 14 15
# 14 14 14 14 14 14 14 14
# 14 14 14 14 14 14 15 15
# 14 14 15 14 14 15 16 18
# 15 14 14 14 14 16 16 19
# 14 14 14 15 14 15 16 18
# 14 15 15 15 15 15 14 16
#  0 14 14 14 14 14 15 16
