# TS_TEXT=2019-08-18-22:06:40
# TS_SECS=1566162400.79
# HOST=starboard-node
# PERCENTILE_10=13.2
# PERCENTILE_90=15.4
# MIN_PIXEL=12.8
# MEDIAN_PIXEL=13.8
# MAX_PIXEL=18.5

# IMAGE
13.2 14.0 13.2 14.0 13.8 14.0 13.2 13.5 
13.5 13.2 13.5 13.8 13.5 13.5 13.8 13.2 
13.8 14.0 13.5 13.8 13.5 13.2 14.0 12.8 
14.0 14.0 14.5 14.2 13.8 14.0 13.2 13.5 
14.5 16.5 17.5 14.2 13.8 13.5 14.5 13.2 
15.5 18.5 18.0 14.8 13.5 13.8 14.0 13.8 
15.0 17.0 16.8 14.2 14.2 13.5 14.0 13.5 
15.2 15.2 15.0 14.2 13.5 13.8 13.5 13.8 


# DIFF
#  0  1  0  1  1  1  0  1
#  1  0  1  1  1  1  1  0
#  1  1  1  1  1  0  1  0
#  1  1  2  2  1  1  0  1
#  2  4  5  2  1  1  2  0
#  3  6  5  2  1  1  1  1
#  2  4  4  2  2  1  1  1
#  2  2  2  2  1  1  1  1
