# TS_TEXT=2019-08-18-22:06:37
# TS_SECS=1566162397.78
# HOST=starboard-node
# PERCENTILE_10=13.6
# PERCENTILE_90=16.0
# MIN_PIXEL=12.8
# MEDIAN_PIXEL=14.2
# MAX_PIXEL=19.0

# IMAGE
14.5 14.0 13.8 14.0 14.0 14.0 13.5 12.8 
13.5 13.8 14.2 13.8 13.8 14.0 14.0 13.5 
14.5 14.2 14.2 14.2 14.0 13.5 13.5 14.2 
15.0 14.2 14.8 14.5 14.2 14.2 13.8 14.5 
16.0 17.2 18.2 15.0 14.0 14.0 14.0 13.5 
15.8 19.0 18.5 15.2 14.5 14.2 14.2 14.0 
15.5 17.5 17.2 14.8 14.2 14.0 14.0 14.0 
15.0 16.0 15.2 14.8 14.2 14.2 14.0 14.0 


# DIFF
#  2  1  1  1  1  1  1  0
#  1  1  2  1  1  1  1  1
#  2  2  2  2  1  1  1  2
#  2  2  2  2  2  2  1  2
#  3  4  6  2  1  1  1  1
#  3  6  6  2  2  2  2  1
#  3  5  4  2  2  1  1  1
#  2  3  2  2  2  2  1  1
