# TS_TEXT=2019-08-18-22:53:43
# TS_SECS=1566165223.75
# HOST=port-node
# PERCENTILE_10=14.5
# PERCENTILE_90=17.5
# MIN_PIXEL=14.2
# MEDIAN_PIXEL=15.2
# MAX_PIXEL=20.2

# IMAGE
14.5 15.2 15.0 15.0 15.5 15.5 15.2 15.5 
14.5 15.8 16.0 15.2 15.0 15.2 15.8 15.5 
16.5 19.8 17.8 15.2 15.2 15.0 15.0 15.0 
20.2 19.8 16.2 15.5 14.8 15.8 15.8 15.8 
18.0 16.8 16.5 15.8 15.2 14.8 14.8 15.5 
16.5 15.0 15.8 14.2 14.5 14.8 15.0 14.8 
20.2 14.8 14.8 14.5 14.5 15.0 14.5 14.2 
18.0 14.5 14.8 14.5 15.0 15.0 14.8 15.5 


# DIFF
#  0  1  1  1  1  1  1  1
#  0  2  2  1  1  1  2  1
#  2  6  4  1  1  1  1  1
#  6  6  2  1  0  2  2  2
#  4  2  2  2  1  0  0  1
#  2  1  2  0  0  0  1  0
#  6  0  0  0  0  1  0  0
#  4  0  0  0  1  1  0  1
