# TS_TEXT=2019-08-18-22:53:50
# TS_SECS=1566165230.81
# HOST=port-node
# PERCENTILE_10=14.0
# PERCENTILE_90=15.5
# MIN_PIXEL=13.8
# MEDIAN_PIXEL=14.8
# MAX_PIXEL=18.8

# IMAGE
14.0 15.2 14.5 14.0 18.8 15.5 14.8 15.0 
14.2 14.2 14.5 14.0 17.8 14.8 14.5 14.8 
13.8 14.8 14.5 14.2 14.5 14.0 15.0 14.2 
14.0 14.8 14.5 14.5 14.8 14.2 14.5 14.0 
14.0 15.0 14.5 14.8 14.5 13.8 15.0 15.0 
16.2 15.5 14.5 14.5 14.5 14.0 14.5 14.5 
18.8 15.5 15.2 15.0 14.8 14.0 15.0 14.8 
17.8 14.8 15.0 14.8 15.0 16.2 15.5 15.2 


# DIFF
#  0  2  1  0  5  2  1  1
#  0  0  1  0  4  1  1  1
#  0  1  1  0  1  0  1  0
#  0  1  1  1  1  0  1  0
#  0  1  1  1  1  0  1  1
#  2  2  1  1  1  0  1  1
#  5  2  2  1  1  0  1  1
#  4  1  1  1  1  2  2  2
