# TS_TEXT=2019-08-18-22:53:44
# TS_SECS=1566165224.76
# HOST=port-node
# PERCENTILE_10=14.5
# PERCENTILE_90=17.1
# MIN_PIXEL=0.0
# MEDIAN_PIXEL=15.0
# MAX_PIXEL=20.5

# IMAGE
14.2 14.8 15.0 14.2 14.8 14.0 13.8 14.5 
15.0 14.8 14.8 14.8 15.0 15.0 15.5 14.8 
14.8 14.8 14.8 15.0 15.0 15.5 14.8 15.8 
15.0 15.5 16.2 15.2 14.8 15.5 15.0 15.2 
16.2 18.2 18.8 15.5 14.8 14.8 14.8 14.5 
20.5 19.8 18.5 15.8 15.0 15.2 15.2 15.2 
19.0 17.5 15.8 15.5 15.8 15.2 14.8 15.8 
0.0 14.5 14.5 14.5 14.5 14.5 14.5 14.2 


# DIFF
# 14 15 15 14 15 14 14 14
# 15 15 15 15 15 15 16 15
# 15 15 15 15 15 16 15 16
# 15 16 16 15 15 16 15 15
# 16 18 19 16 15 15 15 14
# 20 20 18 16 15 15 15 15
# 19 18 16 16 16 15 15 16
#  0 14 14 14 14 14 14 14
