# TS_TEXT=2019-08-25-12:35:52
# TS_SECS=1566732952.95
# HOST=starboard-node
# PERCENTILE_10=16.0
# PERCENTILE_90=18.5
# MIN_PIXEL=15.2
# MEDIAN_PIXEL=16.5
# MAX_PIXEL=21.5

# IMAGE
15.8 16.8 16.0 16.5 16.5 16.0 15.2 15.5 
16.2 16.0 16.5 16.5 16.5 16.5 16.5 15.2 
16.5 16.5 17.0 17.8 17.2 16.2 16.5 15.8 
16.2 16.5 16.8 19.0 20.0 17.5 16.5 16.8 
16.5 16.2 16.8 20.0 21.5 19.0 16.8 16.2 
16.8 16.5 16.8 18.5 20.8 18.5 17.0 16.2 
15.8 16.2 16.8 17.2 17.5 16.5 16.5 16.2 
16.0 16.8 16.8 16.8 16.5 17.0 16.8 16.8 


# DIFF
#  0  2  1  1  1  1  0  0
#  1  1  1  1  1  1  1  0
#  1  1  2  2  2  1  1  0
#  1  1  2  4  5  2  1  2
#  1  1  2  5  6  4  2  1
#  2  1  2  3  6  3  2  1
#  0  1  2  2  2  1  1  1
#  1  2  2  2  1  2  2  2
