# TS_TEXT=2019-08-18-23:19:08
# TS_SECS=1566166748.47
# HOST=starboard-node
# PERCENTILE_10=13.8
# PERCENTILE_90=14.5
# MIN_PIXEL=13.0
# MEDIAN_PIXEL=14.2
# MAX_PIXEL=15.0

# IMAGE
13.8 14.5 13.8 14.5 14.0 14.2 14.0 13.0 
14.2 14.0 14.5 13.8 13.8 14.2 14.2 13.8 
13.8 14.2 14.2 14.5 14.0 13.8 14.2 14.2 
14.2 13.8 14.0 14.5 14.5 14.2 14.0 14.2 
14.0 14.2 14.5 14.8 13.8 13.5 14.0 13.8 
14.2 14.2 14.2 13.8 14.0 14.2 14.0 14.8 
14.2 14.0 14.2 14.0 14.2 14.0 14.0 14.0 
15.0 14.5 14.2 14.0 14.2 14.5 14.5 14.0 


# DIFF
#  1  2  1  2  1  1  1  0
#  1  1  2  1  1  1  1  1
#  1  1  1  2  1  1  1  1
#  1  1  1  2  2  1  1  1
#  1  1  2  2  1  0  1  1
#  1  1  1  1  1  1  1  2
#  1  1  1  1  1  1  1  1
#  2  2  1  1  1  2  2  1
