# TS_TEXT=2019-08-18-23:19:06
# TS_SECS=1566166746.46
# HOST=starboard-node
# PERCENTILE_10=13.6
# PERCENTILE_90=14.5
# MIN_PIXEL=12.8
# MEDIAN_PIXEL=14.0
# MAX_PIXEL=14.8

# IMAGE
14.5 14.5 13.5 14.2 14.0 14.5 13.2 12.8 
14.2 13.5 14.0 13.8 14.0 14.2 14.2 13.8 
13.8 14.2 13.8 14.5 14.2 13.2 13.8 13.8 
14.2 14.0 14.2 14.5 14.5 14.0 13.8 14.0 
14.0 14.5 14.0 14.0 14.0 13.8 14.0 13.5 
14.2 14.0 14.0 14.2 14.2 13.8 14.0 14.2 
14.2 14.5 14.2 14.2 14.0 14.0 13.2 14.0 
13.8 14.5 14.8 14.0 14.0 14.0 14.0 14.2 


# DIFF
#  2  2  1  2  1  2  0  0
#  2  1  1  1  1  2  2  1
#  1  2  1  2  2  0  1  1
#  2  1  2  2  2  1  1  1
#  1  2  1  1  1  1  1  1
#  2  1  1  2  2  1  1  2
#  2  2  2  2  1  1  0  1
#  1  2  2  1  1  1  1  2
