# TS_TEXT=2019-08-18-22:15:13
# TS_SECS=1566162913.17
# HOST=centre-node
# PERCENTILE_10=12.8
# PERCENTILE_90=14.9
# MIN_PIXEL=12.5
# MEDIAN_PIXEL=13.8
# MAX_PIXEL=18.8

# IMAGE
12.5 12.5 12.5 13.0 12.8 13.2 13.2 13.2 
12.8 12.8 12.8 14.0 13.2 14.2 12.8 12.8 
12.8 12.5 13.0 14.0 16.5 14.5 14.5 13.0 
13.0 13.2 13.8 14.8 18.8 18.5 18.2 14.0 
12.8 13.5 13.8 14.0 17.0 17.5 15.0 14.0 
13.2 13.2 13.5 13.8 13.8 14.0 14.2 13.2 
13.5 12.5 13.8 13.8 13.2 13.8 13.5 13.8 
12.8 13.8 14.2 14.0 13.8 14.0 14.5 13.8 


# DIFF
#  0  0  0  0  0  1  1  1
#  0  0  0  2  1  2  0  0
#  0  0  0  2  4  2  2  0
#  0  1  1  2  6  6  6  2
#  0  1  1  2  4  5  2  2
#  1  1  1  1  1  2  2  1
#  1  0  1  1  1  1  1  1
#  0  1  2  2  1  2  2  1
