# TS_TEXT=2019-08-18-22:15:20
# TS_SECS=1566162920.19
# HOST=centre-node
# PERCENTILE_10=12.5
# PERCENTILE_90=14.4
# MIN_PIXEL=12.0
# MEDIAN_PIXEL=13.2
# MAX_PIXEL=19.0

# IMAGE
12.5 12.8 12.5 12.8 13.0 13.2 12.8 12.5 
12.0 13.0 12.0 13.5 13.2 12.8 12.2 12.5 
12.5 13.0 13.5 13.8 16.2 13.8 13.5 12.2 
13.0 13.5 12.8 14.5 18.2 17.8 14.2 12.8 
12.5 13.0 13.0 13.8 17.8 19.0 13.8 13.5 
13.0 13.5 13.8 13.8 15.2 14.2 14.0 13.2 
13.8 12.5 13.2 13.8 13.5 13.5 13.5 13.0 
12.8 13.5 13.5 13.2 13.2 13.0 13.2 13.2 


# DIFF
#  0  1  0  1  1  1  1  0
#  0  1  0  2  1  1  0  0
#  0  1  2  2  4  2  2  0
#  1  2  1  2  6  6  2  1
#  0  1  1  2  6  7  2  2
#  1  2  2  2  3  2  2  1
#  2  0  1  2  2  2  2  1
#  1  2  2  1  1  1  1  1
