# TS_TEXT=2019-08-18-22:15:00
# TS_SECS=1566162900.13
# HOST=centre-node
# PERCENTILE_10=13.2
# PERCENTILE_90=15.7
# MIN_PIXEL=12.8
# MEDIAN_PIXEL=14.0
# MAX_PIXEL=19.8

# IMAGE
12.8 12.8 13.0 14.0 13.0 13.2 13.8 14.0 
13.0 13.5 13.8 14.0 13.8 14.2 13.2 12.8 
13.2 13.5 14.2 15.8 17.8 15.5 14.0 13.8 
13.5 13.8 14.2 16.2 19.8 18.8 14.5 13.5 
13.2 14.2 14.2 15.2 18.0 17.2 14.0 14.2 
13.2 13.5 14.0 14.5 14.2 14.0 14.2 13.8 
14.5 13.8 14.2 14.5 14.0 14.0 14.2 14.2 
13.8 15.0 14.2 13.8 13.8 13.5 14.2 13.8 


# DIFF
#  0  0  0  1  0  0  1  1
#  0  1  1  1  1  2  0  0
#  0  1  2  3  5  3  1  1
#  1  1  2  4  7  6  2  1
#  0  2  2  2  5  4  1  2
#  0  1  1  2  2  1  2  1
#  2  1  2  2  1  1  2  2
#  1  2  2  1  1  1  2  1
