# TS_TEXT=2019-08-18-22:15:17
# TS_SECS=1566162917.18
# HOST=centre-node
# PERCENTILE_10=12.5
# PERCENTILE_90=14.9
# MIN_PIXEL=12.2
# MEDIAN_PIXEL=13.2
# MAX_PIXEL=18.8

# IMAGE
12.5 12.2 12.2 12.8 13.0 13.0 12.8 12.5 
12.5 12.2 12.8 13.5 12.8 13.0 12.8 12.5 
13.0 12.2 12.8 13.8 16.2 14.2 13.8 13.2 
13.0 13.5 13.2 15.0 18.8 18.2 14.0 13.2 
13.5 13.2 14.0 15.0 18.0 18.5 14.0 13.8 
13.0 13.2 13.5 13.8 14.5 13.8 13.8 13.2 
13.8 12.8 13.2 13.5 13.2 13.2 12.8 13.8 
12.8 13.2 14.0 13.8 13.2 13.5 13.2 13.5 


# DIFF
#  0  0  0  0  1  1  0  0
#  0  0  0  1  0  1  0  0
#  1  0  0  2  4  2  2  1
#  1  1  1  3  6  6  2  1
#  1  1  2  3  6  6  2  2
#  1  1  1  2  2  2  2  1
#  2  0  1  1  1  1  0  2
#  0  1  2  2  1  1  1  1
