# TS_TEXT=2019-08-18-22:58:53
# TS_SECS=1566165533.48
# HOST=centre-node
# PERCENTILE_10=13.2
# PERCENTILE_90=15.9
# MIN_PIXEL=12.5
# MEDIAN_PIXEL=14.0
# MAX_PIXEL=19.5

# IMAGE
12.5 13.2 13.8 13.5 13.0 13.8 13.8 13.2 
13.0 13.2 13.0 14.0 13.5 14.2 13.8 13.2 
13.8 13.0 13.2 13.5 13.8 13.8 13.8 13.5 
14.2 13.5 14.0 13.5 14.2 13.5 13.2 13.5 
13.8 14.0 14.5 14.0 14.0 14.2 13.2 14.5 
14.2 15.2 16.8 14.8 14.2 13.2 14.0 15.2 
16.0 16.8 17.0 15.8 14.2 14.0 13.8 16.0 
15.2 19.5 17.5 15.0 14.2 14.2 14.2 15.0 


# DIFF
#  0  1  1  1  0  1  1  1
#  0  1  0  2  1  2  1  1
#  1  0  1  1  1  1  1  1
#  2  1  2  1  2  1  1  1
#  1  2  2  2  2  2  1  2
#  2  3  4  2  2  1  2  3
#  4  4  4  3  2  2  1  4
#  3  7  5  2  2  2  2  2
