# TS_TEXT=2019-08-27-13:56:33
# TS_SECS=1566910593.14
# HOST=starboard-node
# PERCENTILE_10=15.0
# PERCENTILE_90=16.0
# MIN_PIXEL=14.0
# MEDIAN_PIXEL=15.5
# MAX_PIXEL=16.2

# IMAGE
14.5 15.8 15.0 16.0 15.2 15.2 14.8 14.0 
15.2 14.8 15.5 15.8 15.2 15.8 15.2 15.0 
15.0 15.8 15.8 15.5 15.5 15.0 15.8 15.2 
15.5 15.5 15.5 15.5 15.5 16.0 15.5 15.8 
15.2 15.5 15.5 15.8 16.0 15.5 16.2 14.8 
15.5 15.5 15.5 15.5 15.0 15.5 16.0 15.5 
15.2 15.5 15.5 16.0 16.2 16.0 15.8 15.5 
15.5 15.8 15.5 15.5 15.2 15.8 15.2 15.5 


# DIFF
#  0  2  1  2  1  1  1  0
#  1  1  2  2  1  2  1  1
#  1  2  2  2  2  1  2  1
#  2  2  2  2  2  2  2  2
#  1  2  2  2  2  2  2  1
#  2  2  2  2  1  2  2  2
#  1  2  2  2  2  2  2  2
#  2  2  2  2  1  2  1  2
