# TS_TEXT=2019-08-25-16:07:14
# TS_SECS=1566745634.70
# HOST=port-node
# PERCENTILE_10=16.6
# PERCENTILE_90=17.9
# MIN_PIXEL=15.8
# MEDIAN_PIXEL=17.2
# MAX_PIXEL=23.5

# IMAGE
17.0 16.8 16.8 17.5 17.2 17.5 17.2 17.2 
17.2 16.5 17.0 17.2 17.5 17.2 18.0 18.2 
16.8 17.0 17.2 17.2 17.5 17.5 23.5 19.8 
16.0 17.2 17.2 17.2 17.5 17.2 17.8 17.2 
16.8 17.0 17.5 17.0 17.2 18.0 18.0 17.2 
15.8 16.8 17.0 17.2 17.2 17.2 17.5 17.0 
16.5 16.5 15.8 17.2 16.8 17.2 17.2 18.2 
16.8 16.8 16.5 17.0 17.5 16.8 17.5 17.5 


# DIFF
#  1  1  1  2  2  2  2  2
#  2  1  1  2  2  2  2  2
#  1  1  2  2  2  2  8  4
#  0  2  2  2  2  2  2  2
#  1  1  2  1  2  2  2  2
#  0  1  1  2  2  2  2  1
#  1  1  0  2  1  2  2  2
#  1  1  1  1  2  1  2  2
