# TS_TEXT=2019-08-25-11:34:46
# TS_SECS=1566729286.35
# HOST=starboard-node
# PERCENTILE_10=15.2
# PERCENTILE_90=17.0
# MIN_PIXEL=15.0
# MEDIAN_PIXEL=16.0
# MAX_PIXEL=20.0

# IMAGE
15.0 16.0 15.5 16.2 16.8 20.0 18.0 16.0 
15.2 15.5 15.8 16.0 17.0 19.0 19.2 17.2 
15.2 15.8 15.5 15.8 16.0 17.8 17.0 16.8 
16.0 15.8 15.0 15.8 16.2 16.2 16.8 15.8 
15.5 16.2 16.0 15.8 16.0 15.8 16.2 16.0 
15.8 15.5 15.0 16.2 15.5 15.5 16.2 15.8 
15.8 15.0 15.2 15.5 16.0 16.2 15.5 16.0 
16.2 16.0 15.2 16.0 16.2 16.0 16.8 16.0 


# DIFF
#  0  1  0  1  2  5  3  1
#  0  0  1  1  2  4  4  2
#  0  1  0  1  1  3  2  2
#  1  1  0  1  1  1  2  1
#  0  1  1  1  1  1  1  1
#  1  0  0  1  0  0  1  1
#  1  0  0  0  1  1  0  1
#  1  1  0  1  1  1  2  1
