# TS_TEXT=2019-08-25-11:34:39
# TS_SECS=1566729279.28
# HOST=starboard-node
# PERCENTILE_10=15.5
# PERCENTILE_90=16.8
# MIN_PIXEL=0.0
# MEDIAN_PIXEL=16.0
# MAX_PIXEL=20.0

# IMAGE
15.8 15.5 16.5 16.0 16.0 15.5 15.5 15.2 
15.5 16.0 16.2 16.5 17.2 16.2 16.5 15.2 
16.0 15.8 16.2 17.8 20.0 18.8 16.0 16.0 
15.8 16.0 16.2 16.5 19.5 17.8 16.0 16.2 
16.0 15.2 15.8 16.2 16.8 16.0 16.8 15.8 
16.0 15.8 16.0 16.2 16.0 15.8 16.2 16.0 
15.5 16.8 16.2 16.0 15.8 16.5 16.0 15.2 
0.0 15.8 16.2 15.5 16.2 16.0 15.8 16.0 


# DIFF
# 16 16 16 16 16 16 16 15
# 16 16 16 16 17 16 16 15
# 16 16 16 18 20 19 16 16
# 16 16 16 16 20 18 16 16
# 16 15 16 16 17 16 17 16
# 16 16 16 16 16 16 16 16
# 16 17 16 16 16 16 16 15
#  0 16 16 16 16 16 16 16
