# TS_TEXT=2019-08-18-22:43:09
# TS_SECS=1566164589.08
# HOST=fore-node
# PERCENTILE_10=12.6
# PERCENTILE_90=16.2
# MIN_PIXEL=0.0
# MEDIAN_PIXEL=13.2
# MAX_PIXEL=19.0

# IMAGE
13.5 13.0 13.0 13.2 13.2 13.5 13.0 12.5 
13.2 12.5 13.5 13.0 13.2 13.0 12.8 12.2 
12.8 13.0 13.5 12.8 13.2 13.2 13.0 12.8 
13.8 13.5 13.2 14.2 14.0 13.2 13.2 12.8 
13.8 14.0 16.2 16.8 16.8 14.0 13.2 13.8 
14.0 13.2 17.2 19.0 18.0 14.2 13.8 13.5 
14.0 14.2 16.0 16.5 15.0 13.5 13.5 13.2 
0.0 12.5 13.2 13.0 12.2 13.0 12.2 13.0 


# DIFF
# 14 13 13 13 13 14 13 12
# 13 12 14 13 13 13 13 12
# 13 13 14 13 13 13 13 13
# 14 14 13 14 14 13 13 13
# 14 14 16 17 17 14 13 14
# 14 13 17 19 18 14 14 14
# 14 14 16 16 15 14 14 13
#  0 12 13 13 12 13 12 13
