# TS_TEXT=2019-08-18-22:43:10
# TS_SECS=1566164590.09
# HOST=fore-node
# PERCENTILE_10=12.5
# PERCENTILE_90=14.6
# MIN_PIXEL=12.2
# MEDIAN_PIXEL=13.0
# MAX_PIXEL=18.2

# IMAGE
15.2 14.2 13.2 13.0 13.0 12.5 12.5 12.5 
17.0 16.5 14.2 13.2 13.5 13.2 12.5 12.5 
18.2 17.0 14.0 13.2 13.5 12.8 12.5 12.5 
15.5 14.8 13.8 13.5 13.0 13.0 12.8 12.5 
13.0 12.5 13.0 12.5 12.5 12.5 13.0 13.0 
12.2 13.0 12.8 13.2 12.5 12.5 13.2 13.5 
13.2 12.8 13.2 13.0 12.5 12.5 13.2 13.5 
13.2 13.2 13.0 13.2 12.8 12.5 13.2 13.0 


# DIFF
#  3  2  1  1  1  0  0  0
#  5  4  2  1  1  1  0  0
#  6  5  2  1  1  0  0  0
#  3  2  2  1  1  1  0  0
#  1  0  1  0  0  0  1  1
#  0  1  0  1  0  0  1  1
#  1  0  1  1  0  0  1  1
#  1  1  1  1  0  0  1  1
