# TS_TEXT=2019-08-18-22:42:55
# TS_SECS=1566164575.97
# HOST=fore-node
# PERCENTILE_10=13.5
# PERCENTILE_90=15.0
# MIN_PIXEL=12.8
# MEDIAN_PIXEL=14.0
# MAX_PIXEL=19.2

# IMAGE
14.2 13.8 14.0 13.8 13.5 13.8 13.5 13.5 
14.0 14.5 14.0 13.8 14.0 14.0 13.5 13.8 
15.0 14.5 14.2 14.5 14.2 13.8 14.5 14.0 
16.5 15.5 14.2 14.2 14.0 14.5 14.2 13.8 
17.5 14.5 14.2 13.5 15.0 14.2 14.2 14.8 
19.2 14.8 14.2 14.0 16.5 15.2 15.0 14.0 
12.8 13.5 12.8 13.5 14.0 14.5 14.0 14.8 
13.8 14.0 14.0 14.0 13.2 14.8 14.0 13.8 


# DIFF
#  2  1  1  1  1  1  1  1
#  1  2  1  1  1  1  1  1
#  2  2  2  2  2  1  2  1
#  4  3  2  2  1  2  2  1
#  5  2  2  1  2  2  2  2
#  6  2  2  1  4  2  2  1
#  0  1  0  1  1  2  1  2
#  1  1  1  1  0  2  1  1
