# TS_TEXT=2019-08-25-12:00:14
# TS_SECS=1566730814.13
# HOST=starboard-node
# PERCENTILE_10=16.0
# PERCENTILE_90=16.9
# MIN_PIXEL=15.5
# MEDIAN_PIXEL=16.2
# MAX_PIXEL=19.8

# IMAGE
16.0 16.5 16.0 16.2 16.2 16.2 16.0 16.2 
16.2 15.8 16.5 16.0 16.2 16.5 16.2 16.0 
16.0 16.2 16.5 16.8 16.8 16.2 15.8 16.0 
16.0 16.0 16.0 16.5 17.0 18.5 16.0 16.0 
16.2 16.2 16.8 16.5 17.5 19.8 19.8 15.8 
16.8 16.2 16.2 16.2 16.2 17.0 18.2 16.2 
16.5 15.8 16.5 16.8 16.8 16.5 16.2 15.5 
16.2 16.5 16.2 16.0 16.2 16.5 16.5 16.0 


# DIFF
#  0  1  0  1  1  1  0  1
#  1  0  1  0  1  1  1  0
#  0  1  1  1  1  1  0  0
#  0  0  0  1  2  3  0  0
#  1  1  1  1  2  4  4  0
#  1  1  1  1  1  2  3  1
#  1  0  1  1  1  1  1  0
#  1  1  1  0  1  1  1  0
