# TS_TEXT=2019-08-25-12:00:31
# TS_SECS=1566730831.31
# HOST=starboard-node
# PERCENTILE_10=15.6
# PERCENTILE_90=17.5
# MIN_PIXEL=0.0
# MEDIAN_PIXEL=16.2
# MAX_PIXEL=20.0

# IMAGE
15.2 15.2 16.8 16.2 15.8 16.8 16.5 15.8 
15.8 16.0 16.2 16.2 16.5 18.0 16.5 16.5 
15.2 16.0 16.2 16.5 17.2 20.0 19.5 17.5 
15.8 16.0 16.0 16.5 17.0 19.5 19.8 17.5 
15.8 15.8 16.0 16.5 16.2 16.8 18.8 17.2 
15.8 15.5 16.2 16.2 16.2 16.5 16.0 16.2 
15.8 15.8 15.8 15.8 16.0 16.2 16.5 16.5 
0.0 15.8 16.0 15.5 16.0 16.2 16.2 15.0 


# DIFF
# 15 15 17 16 16 17 16 16
# 16 16 16 16 16 18 16 16
# 15 16 16 16 17 20 20 18
# 16 16 16 16 17 20 20 18
# 16 16 16 16 16 17 19 17
# 16 16 16 16 16 16 16 16
# 16 16 16 16 16 16 16 16
#  0 16 16 16 16 16 16 15
