# TS_TEXT=2019-08-18-22:17:52
# TS_SECS=1566163072.24
# HOST=aft-node
# PERCENTILE_10=13.8
# PERCENTILE_90=14.8
# MIN_PIXEL=0.0
# MEDIAN_PIXEL=14.2
# MAX_PIXEL=17.5

# IMAGE
14.2 13.8 14.0 14.2 14.2 15.8 17.5 17.2 
14.0 14.2 14.2 14.2 14.2 15.2 17.0 16.8 
14.0 14.2 14.0 14.2 14.2 14.2 14.2 14.2 
14.0 14.2 14.5 13.5 14.2 14.0 13.8 14.2 
14.0 13.8 13.8 14.2 14.5 14.0 14.5 13.5 
14.0 14.5 14.2 14.0 14.0 14.5 14.0 13.8 
14.8 14.8 14.8 14.2 14.5 14.8 13.8 14.0 
0.0 13.8 13.5 14.0 14.0 14.0 14.8 14.0 


# DIFF
# 14 14 14 14 14 16 18 17
# 14 14 14 14 14 15 17 17
# 14 14 14 14 14 14 14 14
# 14 14 14 14 14 14 14 14
# 14 14 14 14 14 14 14 14
# 14 14 14 14 14 14 14 14
# 15 15 15 14 14 15 14 14
#  0 14 14 14 14 14 15 14
