# TS_TEXT=2019-08-18-22:17:48
# TS_SECS=1566163068.20
# HOST=aft-node
# PERCENTILE_10=14.0
# PERCENTILE_90=15.0
# MIN_PIXEL=0.0
# MEDIAN_PIXEL=14.2
# MAX_PIXEL=18.5

# IMAGE
14.0 14.2 14.0 14.2 14.5 16.0 18.0 18.5 
14.5 14.8 14.5 14.5 14.5 15.8 17.0 16.8 
14.2 14.5 14.8 14.2 14.0 14.2 14.8 14.5 
14.0 14.0 14.2 14.2 14.2 14.2 14.0 14.0 
14.2 14.2 14.5 14.0 14.2 13.8 14.5 14.0 
15.0 15.0 14.0 13.8 14.5 14.2 14.0 13.8 
15.0 15.0 14.5 14.2 14.2 14.2 14.0 14.2 
0.0 13.5 14.0 14.0 14.0 14.5 14.8 14.5 


# DIFF
# 14 14 14 14 14 16 18 18
# 14 15 14 14 14 16 17 17
# 14 14 15 14 14 14 15 14
# 14 14 14 14 14 14 14 14
# 14 14 14 14 14 14 14 14
# 15 15 14 14 14 14 14 14
# 15 15 14 14 14 14 14 14
#  0 14 14 14 14 14 15 14
