# TS_TEXT=2019-08-18-23:18:33
# TS_SECS=1566166713.82
# HOST=port-node
# PERCENTILE_10=13.2
# PERCENTILE_90=14.5
# MIN_PIXEL=0.0
# MEDIAN_PIXEL=13.8
# MAX_PIXEL=17.2

# IMAGE
13.2 13.5 13.8 13.0 13.8 13.2 13.2 13.5 
14.0 13.2 13.5 13.5 13.8 13.2 13.8 14.0 
13.2 13.5 14.0 13.8 13.5 13.2 13.8 13.5 
13.8 14.0 13.2 13.2 14.0 14.2 14.0 14.2 
14.8 14.2 13.5 13.8 14.0 13.2 14.2 13.2 
17.2 14.5 13.8 14.5 14.0 14.2 13.5 14.5 
16.0 14.2 14.0 14.0 14.8 13.5 14.5 14.5 
0.0 13.8 13.5 13.0 13.5 13.2 13.8 13.8 


# DIFF
# 13 14 14 13 14 13 13 14
# 14 13 14 14 14 13 14 14
# 13 14 14 14 14 13 14 14
# 14 14 13 13 14 14 14 14
# 15 14 14 14 14 13 14 13
# 17 14 14 14 14 14 14 14
# 16 14 14 14 15 14 14 14
#  0 14 14 13 14 13 14 14
