# TS_TEXT=2019-08-18-22:42:05
# TS_SECS=1566164525.44
# HOST=centre-node
# PERCENTILE_10=13.5
# PERCENTILE_90=16.0
# MIN_PIXEL=13.0
# MEDIAN_PIXEL=14.0
# MAX_PIXEL=20.0

# IMAGE
13.5 13.2 13.8 13.8 13.5 14.2 13.8 13.8 
13.0 13.0 13.8 14.8 14.5 14.2 14.0 13.8 
13.0 13.5 14.0 17.5 20.0 18.2 14.0 13.2 
13.8 14.0 14.2 18.2 19.0 18.0 14.2 13.5 
13.5 14.2 14.2 15.5 16.2 14.2 13.5 14.0 
13.8 14.2 14.0 14.0 14.2 13.5 14.0 14.0 
14.2 13.8 13.8 14.0 14.0 13.5 13.2 13.5 
13.8 14.2 14.5 14.0 13.8 14.0 13.8 13.5 


# DIFF
#  0  0  1  1  0  1  1  1
#  0  0  1  2  2  1  1  1
#  0  0  1  4  7  5  1  0
#  1  1  1  5  6  5  1  0
#  0  1  1  2  3  1  0  1
#  1  1  1  1  1  0  1  1
#  1  1  1  1  1  0  0  0
#  1  1  2  1  1  1  1  0
