# TS_TEXT=2019-08-18-22:42:27
# TS_SECS=1566164547.50
# HOST=centre-node
# PERCENTILE_10=13.2
# PERCENTILE_90=15.7
# MIN_PIXEL=12.8
# MEDIAN_PIXEL=13.8
# MAX_PIXEL=20.5

# IMAGE
13.2 13.0 13.5 14.2 14.0 14.0 13.8 13.8 
13.5 13.5 14.0 16.8 16.2 14.0 13.8 12.8 
13.5 13.2 14.0 17.8 20.5 17.5 14.2 13.0 
13.5 13.8 14.2 15.5 18.2 15.8 14.0 13.5 
14.0 13.2 14.0 14.2 14.5 14.0 13.5 13.8 
13.8 13.8 14.0 14.0 13.8 13.8 13.5 13.5 
14.2 13.8 13.8 13.8 14.2 13.5 13.2 13.8 
13.5 14.0 14.0 13.5 13.5 13.8 13.2 13.8 


# DIFF
#  0  0  1  2  1  1  1  1
#  1  1  1  4  4  1  1  0
#  1  0  1  5  8  5  2  0
#  1  1  2  3  6  3  1  1
#  1  0  1  2  2  1  1  1
#  1  1  1  1  1  1  1  1
#  2  1  1  1  2  1  0  1
#  1  1  1  1  1  1  0  1
