# TS_TEXT=2019-08-25-13:05:58
# TS_SECS=1566734758.88
# HOST=aft-node
# PERCENTILE_10=16.2
# PERCENTILE_90=17.9
# MIN_PIXEL=15.8
# MEDIAN_PIXEL=16.8
# MAX_PIXEL=20.2

# IMAGE
16.2 17.0 17.5 17.8 17.2 16.8 16.8 16.2 
16.5 16.8 18.0 20.2 18.5 17.0 16.5 17.0 
17.0 16.8 16.8 18.0 19.8 17.5 16.8 16.2 
16.5 16.5 16.8 17.5 18.8 19.2 16.8 16.2 
16.5 16.8 17.0 16.2 17.5 17.8 17.2 16.5 
16.2 15.8 16.8 16.8 16.5 16.2 16.2 16.0 
16.5 16.5 16.5 16.2 16.5 17.0 16.0 16.2 
16.8 16.5 16.2 16.2 15.8 16.0 16.5 16.5 


# DIFF
#  0  1  2  2  2  1  1  0
#  1  1  2  4  3  1  1  1
#  1  1  1  2  4  2  1  0
#  1  1  1  2  3  4  1  0
#  1  1  1  0  2  2  2  1
#  0  0  1  1  1  0  0  0
#  1  1  1  0  1  1  0  0
#  1  1  0  0  0  0  1  1
