# TS_TEXT=2019-08-25-12:26:49
# TS_SECS=1566732409.43
# HOST=port-node
# PERCENTILE_10=15.8
# PERCENTILE_90=17.2
# MIN_PIXEL=14.5
# MEDIAN_PIXEL=16.2
# MAX_PIXEL=20.2

# IMAGE
16.2 16.2 15.2 15.8 16.5 16.8 17.0 16.5 
16.0 16.2 16.2 16.0 16.2 17.5 18.0 17.2 
16.0 16.0 16.0 16.0 17.2 20.0 20.2 17.0 
14.5 16.0 16.0 16.5 16.8 17.8 17.2 16.8 
15.8 16.0 16.2 15.8 16.5 16.5 16.2 16.5 
18.8 15.8 16.2 16.2 15.8 15.8 16.2 15.5 
16.2 15.5 16.0 16.5 15.8 16.8 16.0 16.5 
16.0 16.2 15.8 16.2 16.2 15.2 16.0 16.2 


# DIFF
#  2  2  1  1  2  2  2  2
#  2  2  2  2  2  3  4  3
#  2  2  2  2  3  6  6  2
#  0  2  2  2  2  3  3  2
#  1  2  2  1  2  2  2  2
#  4  1  2  2  1  1  2  1
#  2  1  2  2  1  2  2  2
#  2  2  1  2  2  1  2  2
