# TS_TEXT=2019-08-25-12:26:37
# TS_SECS=1566732397.34
# HOST=port-node
# PERCENTILE_10=15.5
# PERCENTILE_90=17.0
# MIN_PIXEL=15.0
# MEDIAN_PIXEL=16.2
# MAX_PIXEL=19.8

# IMAGE
16.2 16.0 15.5 15.8 16.0 16.0 15.5 16.2 
16.0 15.8 15.8 16.0 16.2 15.5 15.5 15.5 
15.5 16.0 16.2 16.2 16.5 16.0 16.8 16.0 
15.0 16.5 16.2 16.2 16.2 16.2 17.0 16.5 
16.0 16.5 16.2 16.0 16.2 17.2 19.5 19.0 
18.0 16.2 16.2 16.5 16.2 16.5 18.2 19.8 
16.5 16.0 15.8 16.5 16.0 16.0 16.8 17.0 
16.0 16.0 16.2 15.5 16.0 15.8 16.0 16.5 


# DIFF
#  1  1  0  1  1  1  0  1
#  1  1  1  1  1  0  0  0
#  0  1  1  1  2  1  2  1
#  0  2  1  1  1  1  2  2
#  1  2  1  1  1  2  4  4
#  3  1  1  2  1  2  3  5
#  2  1  1  2  1  1  2  2
#  1  1  1  0  1  1  1  2
