# TS_TEXT=2019-08-25-12:25:58
# TS_SECS=1566732358.07
# HOST=port-node
# PERCENTILE_10=16.5
# PERCENTILE_90=18.0
# MIN_PIXEL=16.2
# MEDIAN_PIXEL=17.0
# MAX_PIXEL=21.5

# IMAGE
18.0 19.5 19.5 17.2 16.5 17.0 16.5 16.2 
17.8 19.2 21.5 18.0 17.0 16.5 16.2 16.2 
16.5 17.5 19.5 18.0 16.8 16.5 17.2 16.5 
16.2 16.8 17.5 17.0 17.0 17.2 17.0 16.8 
17.2 16.8 17.0 16.5 16.8 17.2 17.0 16.2 
19.2 17.2 16.8 16.5 16.8 16.5 16.8 16.5 
18.0 17.0 16.8 17.0 17.0 17.5 16.5 17.0 
17.0 17.5 16.8 16.5 17.2 16.8 17.2 17.2 


# DIFF
#  2  3  3  1  0  1  0  0
#  2  3  5  2  1  0  0  0
#  0  1  3  2  0  0  1  0
#  0  0  1  1  1  1  1  0
#  1  0  1  0  0  1  1  0
#  3  1  0  0  0  0  0  0
#  2  1  0  1  1  1  0  1
#  1  1  0  0  1  0  1  1
