# TS_TEXT=2019-08-25-16:16:25
# TS_SECS=1566746185.87
# HOST=starboard-node
# PERCENTILE_10=17.0
# PERCENTILE_90=18.8
# MIN_PIXEL=16.8
# MEDIAN_PIXEL=17.5
# MAX_PIXEL=38.2

# IMAGE
16.8 17.2 17.0 18.5 17.8 18.0 18.0 16.8 
17.0 17.0 17.2 18.8 19.5 18.8 18.2 17.2 
17.0 17.0 17.5 19.0 38.2 21.5 18.8 18.2 
17.0 16.8 17.8 18.8 21.5 20.2 18.8 17.5 
17.2 17.2 17.2 17.8 17.8 18.0 18.2 17.5 
17.0 17.2 17.5 18.5 18.0 18.2 17.5 17.5 
17.5 16.8 17.5 18.0 17.8 17.8 17.2 17.0 
17.5 17.0 16.8 17.8 17.8 17.2 17.2 17.8 


# DIFF
#  0  0  0  2  1  1  1  0
#  0  0  0  2  3  2  2  0
#  0  0  1  2 22  5  2  2
#  0  0  1  2  5  4  2  1
#  0  0  0  1  1  1  2  1
#  0  0  1  2  1  2  1  1
#  1  0  1  1  1  1  0  0
#  1  0  0  1  1  0  0  1
