# TS_TEXT=2019-08-25-16:16:39
# TS_SECS=1566746199.93
# HOST=starboard-node
# PERCENTILE_10=16.8
# PERCENTILE_90=18.5
# MIN_PIXEL=16.5
# MEDIAN_PIXEL=17.2
# MAX_PIXEL=38.0

# IMAGE
16.8 16.8 17.0 18.5 17.8 17.5 17.2 17.0 
16.8 16.5 17.2 18.2 19.2 19.0 18.0 17.5 
16.8 17.5 17.2 18.5 38.0 20.8 18.2 18.0 
17.2 17.0 17.2 18.5 21.0 19.8 18.0 17.5 
17.0 17.0 17.0 17.5 17.2 17.5 17.2 17.2 
17.2 17.0 16.8 18.2 18.0 17.2 17.2 17.2 
17.0 16.8 17.0 17.8 17.5 17.2 16.8 17.0 
17.2 17.2 17.5 17.2 17.2 17.5 16.8 17.2 


# DIFF
#  0  0  0  2  1  1  1  0
#  0  0  1  2  3  2  2  1
#  0  1  1  2 22  4  2  2
#  1  0  1  2  4  3  2  1
#  0  0  0  1  1  1  1  1
#  1  0  0  2  2  1  1  1
#  0  0  0  1  1  1  0  0
#  1  1  1  1  1  1  0  1
