# TS_TEXT=2019-08-18-22:41:16
# TS_SECS=1566164476.65
# HOST=fore-node
# PERCENTILE_10=13.8
# PERCENTILE_90=15.4
# MIN_PIXEL=13.0
# MEDIAN_PIXEL=14.4
# MAX_PIXEL=18.8

# IMAGE
15.5 15.5 15.0 14.2 14.5 13.5 13.8 13.5 
17.2 17.5 15.2 14.5 14.5 14.0 14.0 13.0 
18.8 18.8 16.2 14.5 13.8 14.2 14.5 14.0 
14.2 14.0 14.5 13.5 13.8 13.5 14.2 14.2 
13.8 14.5 14.0 14.0 14.0 13.0 14.8 15.2 
14.2 14.2 14.8 14.2 14.5 14.0 14.2 14.5 
14.0 14.8 14.8 14.2 14.2 14.2 14.5 14.5 
15.0 14.8 14.8 14.5 14.8 15.2 14.5 13.8 


# DIFF
#  2  2  2  1  2  0  1  0
#  4  4  2  2  2  1  1  0
#  6  6  3  2  1  1  2  1
#  1  1  2  0  1  0  1  1
#  1  2  1  1  1  0  2  2
#  1  1  2  1  2  1  1  2
#  1  2  2  1  1  1  2  2
#  2  2  2  2  2  2  2  1
