# TS_TEXT=2019-08-18-22:41:11
# TS_SECS=1566164471.61
# HOST=fore-node
# PERCENTILE_10=13.5
# PERCENTILE_90=14.9
# MIN_PIXEL=0.0
# MEDIAN_PIXEL=14.0
# MAX_PIXEL=18.0

# IMAGE
13.8 14.2 13.8 14.5 13.5 14.0 13.2 13.2 
13.8 13.5 13.8 14.0 14.5 13.5 13.5 13.8 
14.0 14.0 13.8 14.0 13.8 14.0 13.5 13.8 
14.2 14.2 14.2 14.5 14.5 14.0 13.5 13.8 
14.0 14.8 14.8 14.2 15.0 14.5 14.2 14.2 
14.2 13.8 14.5 14.8 16.5 15.5 14.5 14.0 
16.0 14.0 15.0 14.5 17.5 18.0 14.5 14.2 
0.0 13.5 14.0 13.5 13.0 14.0 13.2 13.8 


# DIFF
# 14 14 14 14 14 14 13 13
# 14 14 14 14 14 14 14 14
# 14 14 14 14 14 14 14 14
# 14 14 14 14 14 14 14 14
# 14 15 15 14 15 14 14 14
# 14 14 14 15 16 16 14 14
# 16 14 15 14 18 18 14 14
#  0 14 14 14 13 14 13 14
