# TS_TEXT=2019-08-27-14:05:51
# TS_SECS=1566911151.61
# HOST=centre-node
# PERCENTILE_10=15.0
# PERCENTILE_90=19.8
# MIN_PIXEL=14.5
# MEDIAN_PIXEL=15.8
# MAX_PIXEL=22.5

# IMAGE
15.5 14.5 15.0 15.2 15.0 14.5 14.8 15.0 
15.5 15.0 15.2 15.2 15.5 15.0 15.2 15.0 
15.2 15.2 15.8 15.5 15.8 15.5 15.5 14.8 
15.5 16.2 16.5 16.5 16.2 15.8 15.8 15.0 
15.8 16.2 20.2 21.5 20.0 15.8 15.2 15.8 
15.2 16.2 19.2 22.2 22.2 16.5 16.0 15.8 
16.0 16.0 17.0 22.5 20.2 16.5 15.8 15.8 
15.5 15.8 16.5 17.0 16.2 15.2 16.0 15.0 


# DIFF
#  1  0  0  1  0  0  0  0
#  1  0  1  1  1  0  1  0
#  1  1  1  1  1  1  1  0
#  1  2  2  2  2  1  1  0
#  1  2  6  7  6  1  1  1
#  1  2  5  8  8  2  2  1
#  2  2  2  8  6  2  1  1
#  1  1  2  2  2  1  2  0
