# TS_TEXT=2019-08-27-14:04:31
# TS_SECS=1566911071.27
# HOST=centre-node
# PERCENTILE_10=14.5
# PERCENTILE_90=19.3
# MIN_PIXEL=14.0
# MEDIAN_PIXEL=15.2
# MAX_PIXEL=22.0

# IMAGE
15.0 14.5 14.8 14.2 14.5 14.0 14.2 14.8 
15.8 15.0 15.0 15.0 15.0 14.8 14.5 14.0 
15.2 15.0 15.2 15.2 15.2 14.5 15.0 14.2 
15.5 15.5 15.5 15.0 15.5 14.5 14.8 14.5 
15.2 16.0 19.8 20.0 18.2 15.2 14.8 15.0 
15.2 16.0 19.8 22.0 21.2 16.0 15.5 15.0 
16.0 15.2 16.5 21.5 20.0 15.5 15.5 15.2 
15.5 16.0 16.0 17.0 16.2 15.8 15.2 15.0 


# DIFF
#  1  0  1  0  0  0  0  1
#  2  1  1  1  1  1  0  0
#  1  1  1  1  1  0  1  0
#  2  2  2  1  2  0  1  0
#  1  2  6  6  4  1  1  1
#  1  2  6  8  7  2  2  1
#  2  1  2  8  6  2  2  1
#  2  2  2  3  2  2  1  1
