# TS_TEXT=2019-08-27-14:04:43
# TS_SECS=1566911083.32
# HOST=centre-node
# PERCENTILE_10=14.0
# PERCENTILE_90=18.0
# MIN_PIXEL=13.5
# MEDIAN_PIXEL=14.8
# MAX_PIXEL=22.2

# IMAGE
14.8 14.0 14.2 14.5 13.8 14.5 13.8 14.0 
14.5 14.2 14.0 14.8 14.0 14.0 14.2 13.8 
14.5 15.0 15.2 14.8 14.8 13.8 14.8 13.5 
15.2 15.2 15.2 15.0 14.2 14.2 14.2 14.0 
14.5 15.5 19.5 19.5 17.5 14.8 14.2 15.0 
15.2 15.5 18.2 22.2 21.8 15.5 14.5 14.0 
15.2 14.8 16.5 21.2 20.0 15.5 14.2 14.5 
15.2 15.0 16.5 16.0 15.5 15.0 15.2 14.8 


# DIFF
#  1  0  1  1  0  1  0  0
#  1  1  0  1  0  0  1  0
#  1  2  2  1  1  0  1  0
#  2  2  2  2  1  1  1  0
#  1  2  6  6  4  1  1  2
#  2  2  5  9  8  2  1  0
#  2  1  3  8  6  2  1  1
#  2  2  3  2  2  2  2  1
