# TS_TEXT=2019-08-18-23:01:12
# TS_SECS=1566165672.63
# HOST=port-node
# PERCENTILE_10=12.8
# PERCENTILE_90=14.2
# MIN_PIXEL=12.5
# MEDIAN_PIXEL=13.5
# MAX_PIXEL=17.2

# IMAGE
13.0 12.8 13.8 13.5 14.8 14.0 15.8 17.2 
13.8 13.5 14.2 13.0 13.0 13.0 13.8 12.8 
13.0 13.8 12.8 13.2 13.2 13.5 13.2 13.0 
12.5 13.0 13.5 13.2 13.5 13.5 13.0 14.5 
12.8 12.5 13.5 13.5 13.0 13.5 13.5 13.8 
13.5 12.8 13.5 13.8 13.2 13.5 13.5 14.2 
13.2 13.5 13.5 13.5 13.0 13.8 13.5 14.0 
13.0 13.2 13.0 13.2 14.0 13.5 14.2 15.8 


# DIFF
#  0  0  1  1  2  2  3  5
#  1  1  2  0  0  0  1  0
#  0  1  0  1  1  1  1  0
#  0  0  1  1  1  1  0  2
#  0  0  1  1  0  1  1  1
#  1  0  1  1  1  1  1  2
#  1  1  1  1  0  1  1  2
#  0  1  0  1  2  1  2  3
