# TS_TEXT=2019-08-18-21:27:12
# TS_SECS=1566160032.77
# HOST=centre-node
# PERCENTILE_10=14.5
# PERCENTILE_90=17.1
# MIN_PIXEL=14.2
# MEDIAN_PIXEL=15.0
# MAX_PIXEL=19.8

# IMAGE
14.8 14.8 14.2 14.8 14.8 14.8 14.8 15.0 
14.2 14.2 15.0 15.8 16.5 15.2 14.2 14.8 
14.8 14.5 15.2 16.8 17.2 14.8 14.5 14.5 
15.2 15.0 15.5 17.5 16.8 15.0 14.8 14.8 
14.8 16.0 17.8 19.8 16.8 14.5 14.5 14.5 
15.0 15.8 17.2 18.8 17.8 14.8 14.8 14.8 
15.2 15.0 15.5 16.0 15.2 15.2 15.2 15.0 
14.8 15.5 15.8 15.8 15.0 15.2 14.5 14.8 


# DIFF
#  0  0  0  0  0  0  0  1
#  0  0  1  2  2  1  0  0
#  0  0  1  2  3  0  0  0
#  1  1  1  3  2  1  0  0
#  0  2  4  6  2  0  0  0
#  1  2  3  4  4  0  0  0
#  1  1  1  2  1  1  1  1
#  0  1  2  2  1  1  0  0
