# TS_TEXT=2019-08-18-22:09:16
# TS_SECS=1566162556.63
# HOST=aft-node
# PERCENTILE_10=13.5
# PERCENTILE_90=15.8
# MIN_PIXEL=13.0
# MEDIAN_PIXEL=14.0
# MAX_PIXEL=18.5

# IMAGE
13.8 14.0 13.8 13.5 13.8 14.0 15.8 17.2 
14.0 14.0 14.2 14.2 13.5 13.0 18.5 18.5 
14.5 13.8 14.0 14.5 14.2 14.0 14.5 14.8 
13.0 13.8 13.8 14.0 14.5 15.8 17.5 14.2 
13.8 13.5 14.0 14.2 15.8 18.5 17.8 13.5 
13.8 14.0 13.5 13.8 14.2 14.5 14.2 14.0 
13.8 13.8 14.0 13.8 14.2 14.0 14.5 13.0 
14.0 14.2 13.5 13.8 13.5 14.0 13.5 14.0 


# DIFF
#  1  1  1  0  1  1  3  4
#  1  1  1  1  0  0  6  6
#  2  1  1  2  1  1  2  2
#  0  1  1  1  2  3  4  1
#  1  0  1  1  3  6  5  0
#  1  1  0  1  1  2  1  1
#  1  1  1  1  1  1  2  0
#  1  1  0  1  0  1  0  1
