# TS_TEXT=2019-08-18-22:09:17
# TS_SECS=1566162557.64
# HOST=aft-node
# PERCENTILE_10=13.5
# PERCENTILE_90=14.7
# MIN_PIXEL=0.0
# MEDIAN_PIXEL=14.0
# MAX_PIXEL=18.0

# IMAGE
13.8 14.0 14.0 13.8 14.5 16.5 17.8 18.0 
13.5 13.8 14.0 14.0 14.0 14.0 15.2 14.2 
13.8 14.0 13.8 14.5 13.8 14.0 13.8 14.0 
14.5 13.5 14.0 13.5 13.5 13.5 14.0 13.8 
13.2 13.5 14.2 14.0 14.0 13.5 14.0 13.8 
14.5 13.8 14.0 13.5 14.2 14.2 13.5 13.8 
14.5 13.8 14.8 14.2 14.2 14.0 14.0 14.5 
0.0 13.2 13.0 14.0 14.0 14.0 14.8 16.2 


# DIFF
# 14 14 14 14 14 16 18 18
# 14 14 14 14 14 14 15 14
# 14 14 14 14 14 14 14 14
# 14 14 14 14 14 14 14 14
# 13 14 14 14 14 14 14 14
# 14 14 14 14 14 14 14 14
# 14 14 15 14 14 14 14 14
#  0 13 13 14 14 14 15 16
