# TS_TEXT=2019-08-18-21:30:46
# TS_SECS=1566160246.04
# HOST=fore-node
# PERCENTILE_10=14.0
# PERCENTILE_90=16.9
# MIN_PIXEL=0.0
# MEDIAN_PIXEL=14.8
# MAX_PIXEL=18.8

# IMAGE
14.5 14.2 14.0 14.5 14.2 13.8 13.8 14.2 
14.2 13.8 14.8 14.0 14.8 14.0 14.0 14.0 
14.8 14.8 14.2 14.5 14.5 14.8 14.5 14.5 
15.2 15.0 14.8 15.2 15.0 14.2 14.2 14.0 
14.2 15.5 15.8 18.2 17.2 17.5 15.2 15.2 
14.8 15.0 16.2 18.8 18.5 17.2 17.0 15.5 
16.0 16.0 15.8 16.2 16.5 15.8 15.5 15.8 
0.0 14.2 14.8 14.5 13.8 15.2 15.5 14.8 


# DIFF
# 14 14 14 14 14 14 14 14
# 14 14 15 14 15 14 14 14
# 15 15 14 14 14 15 14 14
# 15 15 15 15 15 14 14 14
# 14 16 16 18 17 18 15 15
# 15 15 16 19 18 17 17 16
# 16 16 16 16 16 16 16 16
#  0 14 15 14 14 15 16 15
