# TS_TEXT=2019-08-27-13:04:16
# TS_SECS=1566907456.61
# HOST=starboard-node
# PERCENTILE_10=16.8
# PERCENTILE_90=19.4
# MIN_PIXEL=16.0
# MEDIAN_PIXEL=17.2
# MAX_PIXEL=24.8

# IMAGE
16.5 17.5 17.5 19.5 18.2 17.8 17.2 16.0 
17.2 17.2 19.0 24.0 23.0 18.2 17.5 16.8 
17.0 17.2 19.2 24.8 22.0 17.5 16.8 17.0 
16.8 16.8 18.0 22.0 21.2 18.0 17.5 17.5 
17.2 16.8 17.2 17.8 17.8 17.5 17.5 17.0 
16.5 17.0 16.8 17.5 17.0 17.0 17.2 17.5 
17.0 16.8 17.0 17.2 17.8 17.0 17.0 16.5 
17.2 17.5 17.5 17.0 17.2 17.2 17.2 17.8 


# DIFF
#  0  2  2  4  2  2  1  0
#  1  1  3  8  7  2  2  1
#  1  1  3  9  6  2  1  1
#  1  1  2  6  5  2  2  2
#  1  1  1  2  2  2  2  1
#  0  1  1  2  1  1  1  2
#  1  1  1  1  2  1  1  0
#  1  2  2  1  1  1  1  2
