# TS_TEXT=2019-08-27-13:04:59
# TS_SECS=1566907499.80
# HOST=starboard-node
# PERCENTILE_10=16.5
# PERCENTILE_90=18.8
# MIN_PIXEL=16.0
# MEDIAN_PIXEL=17.0
# MAX_PIXEL=24.8

# IMAGE
17.0 18.0 19.2 18.2 17.5 17.2 16.2 16.0 
17.8 18.0 24.8 22.0 17.2 17.2 16.5 16.5 
16.8 18.8 24.5 21.8 17.5 17.0 16.8 16.5 
16.8 17.5 20.2 18.8 17.5 17.0 17.0 16.8 
16.8 16.8 17.2 17.5 17.2 17.0 16.8 16.0 
16.8 16.5 17.0 16.8 16.8 17.2 16.8 16.8 
16.5 16.5 16.8 17.0 17.0 16.8 16.8 16.8 
17.0 16.8 16.5 16.2 17.0 17.5 16.8 17.0 


# DIFF
#  1  2  3  2  2  1  0  0
#  2  2  9  6  1  1  0  0
#  1  3  8  6  2  1  1  0
#  1  2  4  3  2  1  1  1
#  1  1  1  2  1  1  1  0
#  1  0  1  1  1  1  1  1
#  0  0  1  1  1  1  1  1
#  1  1  0  0  1  2  1  1
