# TS_TEXT=2019-08-27-13:04:48
# TS_SECS=1566907488.76
# HOST=starboard-node
# PERCENTILE_10=16.5
# PERCENTILE_90=18.2
# MIN_PIXEL=16.0
# MEDIAN_PIXEL=16.8
# MAX_PIXEL=24.8

# IMAGE
16.5 18.2 23.0 21.5 17.5 16.5 16.2 16.0 
16.8 17.8 24.8 21.0 17.0 16.8 16.8 16.5 
16.5 18.0 22.2 20.0 17.0 16.8 17.5 16.8 
16.8 17.0 17.8 17.8 17.2 17.2 16.5 17.2 
16.2 16.8 16.8 17.2 16.5 16.8 17.5 16.5 
16.8 16.8 17.0 16.8 16.8 17.2 17.2 16.8 
16.0 16.8 16.5 17.0 17.5 17.0 17.0 16.5 
16.2 16.2 16.5 16.8 17.0 16.8 17.0 17.2 


# DIFF
#  0  2  7  6  2  0  0  0
#  1  2  9  5  1  1  1  0
#  0  2  6  4  1  1  2  1
#  1  1  2  2  1  1  0  1
#  0  1  1  1  0  1  2  0
#  1  1  1  1  1  1  1  1
#  0  1  0  1  2  1  1  0
#  0  0  0  1  1  1  1  1
