# TS_TEXT=2019-08-27-13:04:31
# TS_SECS=1566907471.68
# HOST=starboard-node
# PERCENTILE_10=16.0
# PERCENTILE_90=18.6
# MIN_PIXEL=15.5
# MEDIAN_PIXEL=16.2
# MAX_PIXEL=23.8

# IMAGE
16.0 17.0 17.5 23.8 19.5 16.8 17.0 15.5 
16.2 16.5 21.0 23.2 19.0 16.5 17.0 16.2 
16.0 16.8 20.5 22.0 17.2 16.0 16.2 16.2 
16.2 16.0 17.2 17.8 17.0 16.5 16.5 16.8 
15.8 16.2 16.5 16.8 16.0 16.0 16.2 16.2 
16.5 16.0 16.2 16.0 16.5 16.2 16.2 17.0 
16.2 16.0 16.5 16.2 16.5 16.0 16.2 16.2 
16.5 16.2 16.0 15.8 16.0 15.8 16.5 16.2 


# DIFF
#  0  2  2  8  4  1  2  0
#  1  1  6  8  4  1  2  1
#  0  1  5  6  2  0  1  1
#  1  0  2  2  2  1  1  1
#  0  1  1  1  0  0  1  1
#  1  0  1  0  1  1  1  2
#  1  0  1  1  1  0  1  1
#  1  1  0  0  0  0  1  1
