# TS_TEXT=2019-08-27-13:04:23
# TS_SECS=1566907463.64
# HOST=starboard-node
# PERCENTILE_10=16.5
# PERCENTILE_90=19.0
# MIN_PIXEL=16.2
# MEDIAN_PIXEL=16.8
# MAX_PIXEL=24.5

# IMAGE
16.8 17.5 17.5 18.5 17.5 17.5 16.5 16.5 
16.2 16.8 19.8 23.8 20.2 17.2 16.8 16.2 
16.5 17.2 19.2 24.5 19.5 17.0 16.5 16.5 
16.8 16.8 18.2 23.0 18.0 17.0 16.5 17.2 
17.2 17.0 17.0 17.8 17.0 17.0 17.2 17.0 
16.8 16.5 17.0 16.5 16.5 16.8 17.0 16.5 
16.5 16.2 16.5 16.8 16.8 16.5 16.8 16.2 
16.2 16.5 16.8 16.8 16.8 16.8 16.8 17.0 


# DIFF
#  0  1  1  2  1  1  0  0
#  0  0  4  8  4  1  0  0
#  0  1  3  8  3  1  0  0
#  0  0  2  7  2  1  0  1
#  1  1  1  2  1  1  1  1
#  0  0  1  0  0  0  1  0
#  0  0  0  0  0  0  0  0
#  0  0  0  0  0  0  0  1
