# TS_TEXT=2019-08-27-14:11:27
# TS_SECS=1566911487.68
# HOST=port-node
# PERCENTILE_10=14.0
# PERCENTILE_90=16.2
# MIN_PIXEL=13.5
# MEDIAN_PIXEL=14.8
# MAX_PIXEL=22.2

# IMAGE
15.0 15.2 14.2 14.5 15.0 15.5 15.5 15.0 
14.8 14.5 14.8 14.5 15.5 15.2 16.2 15.2 
14.0 14.2 15.0 14.8 15.8 19.5 21.5 16.8 
13.5 14.0 15.0 14.8 15.5 20.8 22.2 16.2 
14.2 14.5 14.8 14.0 15.0 16.0 17.2 15.8 
15.0 14.8 14.5 14.0 14.5 14.5 15.0 14.5 
14.0 13.5 14.2 15.2 14.2 15.0 15.2 15.2 
13.8 13.8 14.5 14.0 14.5 14.0 14.5 14.0 


# DIFF
#  2  2  1  1  2  2  2  2
#  1  1  1  1  2  2  3  2
#  0  1  2  1  2  6  8  3
#  0  0  2  1  2  7  9  3
#  1  1  1  0  2  2  4  2
#  2  1  1  0  1  1  2  1
#  0  0  1  2  1  2  2  2
#  0  0  1  0  1  0  1  0
