# TS_TEXT=2019-08-27-14:09:46
# TS_SECS=1566911386.21
# HOST=port-node
# PERCENTILE_10=15.2
# PERCENTILE_90=17.2
# MIN_PIXEL=15.0
# MEDIAN_PIXEL=15.8
# MAX_PIXEL=22.5

# IMAGE
16.5 15.8 15.5 15.5 15.5 16.2 16.2 15.8 
16.0 15.5 15.5 15.8 16.2 16.5 17.0 16.8 
15.8 15.8 16.0 15.8 16.5 21.2 22.0 17.2 
15.2 15.8 15.8 15.5 16.2 21.5 22.5 17.2 
15.2 16.2 15.8 15.0 16.0 16.8 17.8 16.5 
16.0 15.8 15.5 15.5 15.5 15.2 16.2 16.2 
15.8 15.0 15.5 15.5 15.2 15.8 15.8 15.8 
15.8 15.0 16.0 15.2 15.5 15.0 15.2 16.0 


# DIFF
#  2  1  0  0  0  1  1  1
#  1  0  0  1  1  2  2  2
#  1  1  1  1  2  6  7  2
#  0  1  1  0  1  6  8  2
#  0  1  1  0  1  2  3  2
#  1  1  0  0  0  0  1  1
#  1  0  0  0  0  1  1  1
#  1  0  1  0  0  0  0  1
