# TS_TEXT=2019-08-27-14:12:00
# TS_SECS=1566911520.82
# HOST=port-node
# PERCENTILE_10=13.8
# PERCENTILE_90=15.9
# MIN_PIXEL=13.0
# MEDIAN_PIXEL=14.5
# MAX_PIXEL=21.8

# IMAGE
14.2 14.2 14.0 14.0 14.5 14.5 14.5 14.8 
15.0 14.2 14.0 14.5 14.8 15.2 15.2 14.8 
14.0 14.5 14.5 14.5 15.2 20.0 20.2 16.8 
13.5 14.0 14.5 14.5 15.2 20.5 21.8 15.8 
14.0 14.2 14.5 14.0 14.8 16.0 16.5 15.8 
14.5 14.2 14.5 14.5 14.0 14.5 14.8 14.2 
13.5 13.0 13.8 14.8 14.2 15.0 14.2 14.8 
13.8 14.0 13.2 13.8 14.0 13.8 14.5 14.2 


# DIFF
#  1  1  1  1  2  2  2  2
#  2  1  1  2  2  2  2  2
#  1  2  2  2  2  7  7  4
#  0  1  2  2  2  8  9  3
#  1  1  2  1  2  3  4  3
#  2  1  2  2  1  2  2  1
#  0  0  1  2  1  2  1  2
#  1  1  0  1  1  1  2  1
