# TS_TEXT=2019-08-27-14:11:30
# TS_SECS=1566911490.70
# HOST=port-node
# PERCENTILE_10=14.2
# PERCENTILE_90=16.2
# MIN_PIXEL=13.2
# MEDIAN_PIXEL=14.8
# MAX_PIXEL=22.5

# IMAGE
14.8 15.2 14.8 14.5 15.0 15.0 15.5 15.0 
15.0 14.8 14.8 14.5 15.2 15.8 15.5 15.8 
14.2 15.0 14.8 15.0 15.5 19.8 21.2 16.2 
13.2 14.8 14.8 14.8 15.2 20.8 22.5 16.8 
14.2 14.5 14.8 14.5 15.0 16.2 17.5 15.8 
15.5 14.8 14.5 14.2 14.5 14.5 15.2 15.2 
14.0 14.0 14.5 14.8 14.0 14.8 15.0 14.8 
13.5 14.2 14.2 14.5 14.2 14.8 14.5 15.0 


# DIFF
#  2  2  2  1  2  2  2  2
#  2  2  2  1  2  2  2  2
#  1  2  2  2  2  6  8  3
#  0  2  2  2  2  8  9  4
#  1  1  2  1  2  3  4  2
#  2  2  1  1  1  1  2  2
#  1  1  1  2  1  2  2  2
#  0  1  1  1  1  2  1  2
