# TS_TEXT=2019-08-27-14:11:43
# TS_SECS=1566911503.75
# HOST=port-node
# PERCENTILE_10=14.0
# PERCENTILE_90=16.6
# MIN_PIXEL=13.8
# MEDIAN_PIXEL=14.9
# MAX_PIXEL=22.0

# IMAGE
14.5 14.5 14.5 14.8 15.5 15.2 15.0 15.2 
15.0 14.8 15.2 14.8 15.5 15.2 15.5 15.5 
14.0 14.8 14.8 15.0 16.0 20.2 21.2 16.8 
13.8 15.0 15.0 15.2 15.5 21.5 22.0 16.2 
14.5 14.8 15.0 14.5 15.2 16.8 17.2 15.5 
15.5 14.5 14.5 15.2 14.5 14.8 15.5 14.8 
14.0 14.5 14.0 15.2 14.8 15.2 14.5 14.8 
14.0 13.8 13.8 13.8 14.8 14.8 14.8 14.8 


# DIFF
#  1  1  1  1  2  2  1  2
#  1  1  2  1  2  2  2  2
#  0  1  1  1  2  6  8  3
#  0  1  1  2  2  8  8  2
#  1  1  1  1  2  3  4  2
#  2  1  1  2  1  1  2  1
#  0  1  0  2  1  2  1  1
#  0  0  0  0  1  1  1  1
