# TS_TEXT=2019-08-27-14:09:45
# TS_SECS=1566911385.20
# HOST=port-node
# PERCENTILE_10=15.0
# PERCENTILE_90=16.8
# MIN_PIXEL=14.0
# MEDIAN_PIXEL=15.5
# MAX_PIXEL=22.0

# IMAGE
15.0 15.5 15.5 15.5 15.5 16.8 15.5 15.5 
16.2 15.2 15.2 15.2 15.8 16.2 16.8 16.8 
15.0 15.5 15.8 15.8 16.5 21.0 21.5 16.8 
14.0 15.5 16.0 15.8 16.0 21.5 22.0 16.8 
15.5 15.5 15.8 15.5 15.2 17.0 17.5 16.0 
15.8 15.2 15.8 15.0 15.2 15.5 16.2 15.5 
15.8 15.0 15.2 15.5 15.5 15.8 15.5 15.2 
15.2 15.0 15.2 14.5 15.5 15.2 15.0 15.2 


# DIFF
#  1  2  2  2  2  3  2  2
#  2  1  1  1  2  2  3  3
#  1  2  2  2  2  7  8  3
#  0  2  2  2  2  8  8  3
#  2  2  2  2  1  3  4  2
#  2  1  2  1  1  2  2  2
#  2  1  1  2  2  2  2  1
#  1  1  1  0  2  1  1  1
