# TS_TEXT=2019-08-25-13:12:11
# TS_SECS=1566735131.82
# HOST=fore-node
# PERCENTILE_10=15.3
# PERCENTILE_90=17.4
# MIN_PIXEL=15.0
# MEDIAN_PIXEL=16.0
# MAX_PIXEL=20.2

# IMAGE
15.0 15.2 16.0 15.8 15.8 15.2 15.5 15.2 
15.8 15.8 15.8 16.2 16.2 16.5 16.0 15.8 
15.0 15.5 16.0 16.2 16.5 16.8 16.8 16.8 
15.5 15.5 16.0 16.5 17.0 19.5 18.5 16.2 
16.0 16.0 16.2 18.0 20.2 19.2 17.5 16.5 
16.2 15.8 16.5 16.2 17.5 17.0 16.5 16.0 
15.8 15.2 16.0 16.0 16.2 16.0 16.0 15.8 
16.5 16.0 16.5 15.8 16.2 15.8 15.5 15.2 


# DIFF
#  0  0  1  1  1  0  0  0
#  1  1  1  1  1  2  1  1
#  0  0  1  1  2  2  2  2
#  0  0  1  2  2  4  4  1
#  1  1  1  3  5  4  2  2
#  1  1  2  1  2  2  2  1
#  1  0  1  1  1  1  1  1
#  2  1  2  1  1  1  0  0
