# TS_TEXT=2019-08-18-22:10:34
# TS_SECS=1566162634.52
# HOST=fore-node
# PERCENTILE_10=13.2
# PERCENTILE_90=14.4
# MIN_PIXEL=12.8
# MEDIAN_PIXEL=13.8
# MAX_PIXEL=18.0

# IMAGE
13.5 13.5 14.0 13.2 13.5 13.5 13.2 12.8 
13.5 13.5 13.5 13.8 13.5 13.2 12.8 13.2 
14.0 13.8 14.0 13.8 14.2 14.0 13.5 13.5 
14.8 14.0 14.2 14.2 14.0 13.8 13.5 13.2 
14.0 14.5 16.2 16.8 14.0 13.8 14.2 14.0 
14.2 13.8 17.5 18.0 14.8 14.0 14.0 13.8 
13.8 13.8 13.2 14.0 13.0 13.2 12.8 13.8 
13.2 13.5 13.5 13.2 13.8 12.8 13.2 14.0 


# DIFF
#  1  1  1  0  1  1  0  0
#  1  1  1  1  1  0  0  0
#  1  1  1  1  2  1  1  1
#  2  1  2  2  1  1  1  0
#  1  2  4  4  1  1  2  1
#  2  1  5  5  2  1  1  1
#  1  1  0  1  0  0  0  1
#  0  1  1  0  1  0  0  1
