# TS_TEXT=2019-08-18-23:02:55
# TS_SECS=1566165775.24
# HOST=aft-node
# PERCENTILE_10=13.5
# PERCENTILE_90=14.7
# MIN_PIXEL=13.2
# MEDIAN_PIXEL=14.1
# MAX_PIXEL=15.2

# IMAGE
13.5 13.5 14.8 13.8 14.0 13.2 14.0 13.2 
14.2 14.5 14.5 14.2 14.5 13.8 13.8 13.2 
14.2 14.5 15.2 14.5 13.8 13.5 14.2 14.0 
14.0 14.5 15.0 14.5 14.5 14.0 14.0 13.8 
14.8 13.8 14.0 13.5 14.0 14.0 14.0 14.2 
14.5 14.2 14.2 14.2 14.0 13.8 14.2 14.2 
15.2 14.5 14.2 14.2 14.0 13.8 14.0 14.0 
15.0 14.5 14.5 14.0 14.8 14.0 14.2 13.5 


# DIFF
#  0  0  2  0  1  0  1  0
#  1  1  1  1  1  0  0  0
#  1  1  2  1  0  0  1  1
#  1  1  2  1  1  1  1  0
#  2  0  1  0  1  1  1  1
#  1  1  1  1  1  0  1  1
#  2  1  1  1  1  0  1  1
#  2  1  1  1  2  1  1  0
