# TS_TEXT=2019-08-18-23:02:50
# TS_SECS=1566165770.19
# HOST=aft-node
# PERCENTILE_10=13.5
# PERCENTILE_90=14.8
# MIN_PIXEL=13.0
# MEDIAN_PIXEL=14.0
# MAX_PIXEL=17.5

# IMAGE
16.0 14.5 13.5 14.0 13.8 13.5 13.5 13.5 
17.5 15.5 14.5 14.0 14.2 14.0 13.8 13.8 
16.0 15.2 14.2 14.0 14.0 13.8 13.8 13.8 
14.8 14.2 14.2 13.8 13.5 13.8 13.8 13.8 
14.2 14.2 13.8 13.8 13.0 14.0 13.5 13.5 
13.5 14.2 14.0 14.2 13.8 14.0 14.0 14.0 
14.2 14.0 13.8 13.8 14.0 14.0 13.5 13.5 
14.8 14.8 14.2 14.0 14.5 14.0 13.5 13.5 


# DIFF
#  3  2  0  1  1  0  0  0
#  4  2  2  1  1  1  1  1
#  3  2  1  1  1  1  1  1
#  2  1  1  1  0  1  1  1
#  1  1  1  1  0  1  0  0
#  0  1  1  1  1  1  1  1
#  1  1  1  1  1  1  0  0
#  2  2  1  1  2  1  0  0
