# TS_TEXT=2019-08-25-11:34:58
# TS_SECS=1566729298.18
# HOST=fore-node
# PERCENTILE_10=14.5
# PERCENTILE_90=15.7
# MIN_PIXEL=14.0
# MEDIAN_PIXEL=15.0
# MAX_PIXEL=18.5

# IMAGE
14.2 14.2 15.0 15.0 15.0 14.8 14.8 15.0 
14.8 14.5 14.8 15.2 16.0 17.5 16.5 14.8 
14.5 14.8 15.5 15.0 18.5 17.8 17.2 15.5 
14.0 14.5 14.5 15.0 15.0 15.5 14.8 14.8 
15.0 15.0 14.8 15.0 15.0 15.2 15.2 14.8 
15.0 15.2 15.0 15.0 14.8 15.8 14.8 15.0 
15.0 14.8 15.0 15.2 15.0 15.0 14.8 14.8 
15.5 15.2 14.5 15.0 15.2 15.0 14.8 14.5 


# DIFF
#  0  0  1  1  1  1  1  1
#  1  0  1  1  2  4  2  1
#  0  1  2  1  4  4  3  2
#  0  0  0  1  1  2  1  1
#  1  1  1  1  1  1  1  1
#  1  1  1  1  1  2  1  1
#  1  1  1  1  1  1  1  1
#  2  1  0  1  1  1  1  0
