# TS_TEXT=2019-08-25-16:28:28
# TS_SECS=1566746908.76
# HOST=centre-node
# PERCENTILE_10=14.8
# PERCENTILE_90=16.2
# MIN_PIXEL=14.0
# MEDIAN_PIXEL=15.5
# MAX_PIXEL=19.0

# IMAGE
16.2 15.5 14.8 15.2 15.2 15.0 14.8 15.0 
15.2 15.0 14.5 15.5 15.2 14.8 14.8 14.0 
15.0 14.8 15.8 15.5 15.2 15.5 15.0 14.2 
15.8 15.2 15.5 15.0 15.5 16.2 15.5 15.0 
16.0 19.0 18.0 15.5 15.5 15.8 14.8 15.5 
16.2 18.0 18.5 16.0 15.8 15.0 15.0 15.2 
16.5 15.5 16.0 15.8 15.8 15.0 14.8 15.2 
15.8 15.5 16.0 15.5 15.2 15.5 15.2 15.0 


# DIFF
#  2  2  1  1  1  1  1  1
#  1  1  0  2  1  1  1  0
#  1  1  2  2  1  2  1  0
#  2  1  2  1  2  2  2  1
#  2  5  4  2  2  2  1  2
#  2  4  4  2  2  1  1  1
#  2  2  2  2  2  1  1  1
#  2  2  2  2  1  2  1  1
