# TS_TEXT=2019-08-25-11:59:56
# TS_SECS=1566730796.28
# HOST=port-node
# PERCENTILE_10=16.2
# PERCENTILE_90=17.5
# MIN_PIXEL=15.8
# MEDIAN_PIXEL=16.8
# MAX_PIXEL=19.5

# IMAGE
17.0 16.8 16.2 16.2 16.5 17.5 19.2 19.2 
16.8 17.2 16.8 16.2 17.0 17.0 18.5 17.8 
16.5 17.0 16.8 16.5 16.8 16.8 17.5 17.0 
15.8 16.8 17.0 17.0 16.2 17.0 17.0 16.5 
16.2 16.8 17.0 16.5 17.0 17.0 16.8 17.2 
19.5 16.8 16.8 16.5 16.8 16.2 16.8 16.2 
17.5 16.8 16.5 17.0 16.5 17.2 17.0 17.5 
16.8 16.5 17.5 17.0 17.2 16.8 18.0 17.0 


# DIFF
#  1  1  0  0  1  2  4  4
#  1  2  1  0  1  1  3  2
#  1  1  1  1  1  1  2  1
#  0  1  1  1  0  1  1  1
#  0  1  1  1  1  1  1  2
#  4  1  1  1  1  0  1  0
#  2  1  1  1  1  2  1  2
#  1  1  2  1  2  1  2  1
