# TS_TEXT=2019-08-25-11:59:43
# TS_SECS=1566730783.21
# HOST=port-node
# PERCENTILE_10=16.6
# PERCENTILE_90=17.9
# MIN_PIXEL=16.2
# MEDIAN_PIXEL=17.0
# MAX_PIXEL=19.5

# IMAGE
17.2 17.0 16.8 17.0 16.8 17.0 18.2 19.5 
17.5 17.0 17.0 16.8 17.0 17.2 18.8 18.5 
16.8 17.0 17.0 17.0 16.5 16.8 17.2 17.0 
16.2 17.2 17.2 16.8 16.5 17.0 17.5 16.5 
17.0 17.2 17.0 16.8 16.5 16.8 17.2 17.2 
19.2 17.5 17.8 16.8 17.0 16.8 17.0 16.5 
18.5 17.2 17.0 17.5 17.0 16.5 17.5 16.8 
18.0 17.0 17.8 17.0 17.5 17.2 17.8 17.2 


# DIFF
#  1  1  0  1  0  1  2  3
#  1  1  1  0  1  1  2  2
#  0  1  1  1  0  0  1  1
#  0  1  1  0  0  1  1  0
#  1  1  1  0  0  0  1  1
#  3  1  2  0  1  0  1  0
#  2  1  1  1  1  0  1  0
#  2  1  2  1  1  1  2  1
