# TS_TEXT=2019-08-18-22:16:46
# TS_SECS=1566163006.42
# HOST=fore-node
# PERCENTILE_10=12.2
# PERCENTILE_90=13.8
# MIN_PIXEL=0.0
# MEDIAN_PIXEL=12.8
# MAX_PIXEL=17.5

# IMAGE
12.5 12.5 12.2 12.8 12.5 12.5 12.5 12.2 
12.2 12.8 12.8 12.5 12.8 12.2 12.8 12.5 
12.2 12.5 12.0 12.5 12.8 12.5 12.0 12.2 
13.2 13.0 12.5 12.8 12.8 12.8 13.0 12.2 
12.2 13.2 13.2 13.0 13.8 13.8 13.2 13.5 
12.5 13.0 13.8 13.8 17.5 17.0 13.5 12.8 
14.0 13.5 13.5 13.5 17.2 16.8 14.0 12.5 
0.0 12.0 12.2 12.5 11.8 12.8 12.2 12.5 


# DIFF
# 12 12 12 13 12 12 12 12
# 12 13 13 12 13 12 13 12
# 12 12 12 12 13 12 12 12
# 13 13 12 13 13 13 13 12
# 12 13 13 13 14 14 13 14
# 12 13 14 14 18 17 14 13
# 14 14 14 14 17 17 14 12
#  0 12 12 12 12 13 12 12
