# TS_TEXT=2019-08-18-22:16:37
# TS_SECS=1566162997.34
# HOST=fore-node
# PERCENTILE_10=12.0
# PERCENTILE_90=13.9
# MIN_PIXEL=11.8
# MEDIAN_PIXEL=12.8
# MAX_PIXEL=17.8

# IMAGE
12.5 12.8 12.8 12.8 13.2 13.0 12.0 12.0 
13.8 12.5 14.0 13.8 13.2 12.5 11.8 12.2 
13.5 13.8 17.8 16.2 13.5 13.2 12.8 12.2 
13.0 14.0 17.8 16.2 14.2 13.0 12.2 12.5 
12.2 12.5 12.2 13.0 12.0 12.0 12.0 13.0 
12.8 12.0 12.8 12.5 13.0 11.8 12.2 12.5 
12.2 13.0 12.5 13.2 12.5 12.8 12.2 13.2 
12.8 12.5 13.0 12.5 12.8 12.2 12.5 13.0 


# DIFF
#  1  1  1  1  2  1  0  0
#  2  1  2  2  2  1  0  0
#  2  2  6  4  2  2  1  0
#  1  2  6  4  2  1  0  1
#  0  1  0  1  0  0  0  1
#  1  0  1  1  1  0  0  1
#  0  1  1  2  1  1  0  2
#  1  1  1  1  1  0  1  1
