# TS_TEXT=2019-08-18-22:16:55
# TS_SECS=1566163015.50
# HOST=fore-node
# PERCENTILE_10=11.8
# PERCENTILE_90=13.4
# MIN_PIXEL=0.0
# MEDIAN_PIXEL=12.5
# MAX_PIXEL=17.5

# IMAGE
12.2 12.2 12.2 12.5 12.2 12.2 12.0 11.5 
12.0 12.2 12.5 12.2 12.8 12.2 12.5 11.5 
12.0 12.2 12.8 12.5 12.5 12.8 12.2 12.8 
13.0 12.5 12.8 12.5 12.8 12.8 12.5 12.2 
12.2 13.2 13.0 12.8 13.8 13.8 12.2 13.0 
13.2 12.2 12.8 13.2 17.2 16.5 13.2 12.8 
13.2 13.0 13.5 13.2 17.5 16.8 13.0 12.8 
0.0 11.5 11.5 12.2 11.8 11.8 12.0 13.0 


# DIFF
# 12 12 12 12 12 12 12 12
# 12 12 12 12 13 12 12 12
# 12 12 13 12 12 13 12 13
# 13 12 13 12 13 13 12 12
# 12 13 13 13 14 14 12 13
# 13 12 13 13 17 16 13 13
# 13 13 14 13 18 17 13 13
#  0 12 12 12 12 12 12 13
