# TS_TEXT=2019-08-18-22:16:51
# TS_SECS=1566163011.47
# HOST=fore-node
# PERCENTILE_10=11.8
# PERCENTILE_90=14.0
# MIN_PIXEL=11.8
# MEDIAN_PIXEL=12.5
# MAX_PIXEL=18.2

# IMAGE
14.0 18.0 18.2 14.0 13.5 11.8 12.0 11.8 
12.2 12.0 12.5 11.8 12.0 11.8 12.2 11.8 
12.5 12.2 12.2 12.2 12.2 11.8 12.5 12.2 
12.8 12.2 12.5 12.2 12.5 12.2 12.2 12.5 
12.0 12.2 12.5 11.8 12.2 12.5 13.0 12.8 
12.2 13.0 12.8 12.8 13.0 12.8 13.0 13.0 
13.2 12.5 13.8 14.0 13.0 13.0 13.2 13.2 
12.8 13.5 16.8 16.8 13.2 13.2 14.0 13.5 


# DIFF
#  2  6  6  2  2  0  0  0
#  0  0  1  0  0  0  0  0
#  1  0  0  0  0  0  1  0
#  1  0  1  0  1  0  0  1
#  0  0  1  0  0  1  1  1
#  0  1  1  1  1  1  1  1
#  2  1  2  2  1  1  2  2
#  1  2  5  5  2  2  2  2
