# TS_TEXT=2019-08-25-12:40:53
# TS_SECS=1566733253.03
# HOST=fore-node
# PERCENTILE_10=14.2
# PERCENTILE_90=16.2
# MIN_PIXEL=13.8
# MEDIAN_PIXEL=15.0
# MAX_PIXEL=20.0

# IMAGE
14.2 14.2 14.2 14.2 14.8 14.0 14.5 14.2 
14.8 14.8 15.0 15.0 14.8 15.0 14.5 14.5 
14.5 14.2 15.0 15.8 16.2 15.2 15.0 15.2 
14.5 15.0 15.0 15.8 18.5 19.2 17.8 15.2 
15.5 15.2 14.2 14.8 16.8 20.0 18.2 16.2 
15.0 15.2 15.5 15.0 15.2 16.2 15.5 15.2 
14.8 14.8 15.0 14.8 15.2 14.8 14.8 15.2 
15.2 14.5 15.2 14.5 15.0 13.8 14.2 14.2 


# DIFF
#  0  0  0  0  1  0  1  0
#  1  1  1  1  1  1  1  1
#  1  0  1  2  2  2  1  2
#  1  1  1  2  5  6  4  2
#  2  2  0  1  3  6  4  2
#  1  2  2  1  2  2  2  2
#  1  1  1  1  2  1  1  2
#  2  1  2  1  1  0  0  0
