# TS_TEXT=2019-08-25-12:40:25
# TS_SECS=1566733225.83
# HOST=fore-node
# PERCENTILE_10=14.8
# PERCENTILE_90=17.2
# MIN_PIXEL=14.5
# MEDIAN_PIXEL=15.2
# MAX_PIXEL=19.8

# IMAGE
15.2 15.2 15.2 14.8 15.8 15.0 14.5 14.8 
15.0 15.0 15.0 15.2 15.0 15.8 15.0 14.8 
14.8 15.0 15.5 15.2 16.8 17.2 16.2 15.2 
14.8 15.5 15.2 16.0 18.5 19.8 18.8 15.5 
15.2 15.0 15.0 15.8 17.8 19.5 18.5 16.0 
15.0 15.5 16.0 15.8 15.8 17.2 16.0 15.2 
15.8 14.8 15.2 16.2 15.5 15.8 15.2 15.5 
15.5 15.2 15.8 15.2 15.8 15.2 15.0 14.8 


# DIFF
#  1  1  1  0  1  0  0  0
#  0  0  0  1  0  1  0  0
#  0  0  1  1  2  3  2  1
#  0  1  1  2  4  5  4  1
#  1  0  0  1  3  5  4  2
#  0  1  2  1  1  3  2  1
#  1  0  1  2  1  1  1  1
#  1  1  1  1  1  1  0  0
