# TS_TEXT=2019-08-25-12:40:44
# TS_SECS=1566733244.97
# HOST=fore-node
# PERCENTILE_10=13.8
# PERCENTILE_90=16.2
# MIN_PIXEL=13.5
# MEDIAN_PIXEL=14.5
# MAX_PIXEL=19.0

# IMAGE
13.5 13.8 14.2 13.8 14.8 14.5 14.2 13.8 
14.5 14.5 14.2 14.5 14.8 14.5 14.5 14.5 
14.2 14.2 14.2 15.0 16.2 16.2 15.0 15.0 
14.8 14.8 14.5 14.8 18.0 19.0 16.5 14.5 
14.5 14.0 14.8 14.5 16.2 18.8 17.8 15.2 
14.5 15.0 14.5 14.2 15.2 15.8 14.8 13.8 
15.0 13.8 14.5 14.5 15.0 14.0 14.8 14.5 
14.5 14.8 14.0 14.2 15.0 13.8 14.0 14.0 


# DIFF
#  0  0  1  0  1  1  1  0
#  1  1  1  1  1  1  1  1
#  1  1  1  2  3  3  2  2
#  1  1  1  1  4  6  3  1
#  1  0  1  1  3  5  4  2
#  1  2  1  1  2  2  1  0
#  2  0  1  1  2  0  1  1
#  1  1  0  1  2  0  0  0
