# TS_TEXT=2019-08-25-12:40:40
# TS_SECS=1566733240.94
# HOST=fore-node
# PERCENTILE_10=14.5
# PERCENTILE_90=16.9
# MIN_PIXEL=13.8
# MEDIAN_PIXEL=15.0
# MAX_PIXEL=19.8

# IMAGE
13.8 14.8 14.5 14.8 15.0 15.0 14.2 14.8 
14.8 14.8 14.5 15.5 15.2 15.2 14.5 14.8 
14.8 15.0 15.0 15.0 16.5 17.0 15.5 15.2 
14.5 15.0 15.2 15.5 18.5 19.5 17.8 15.0 
15.5 14.8 15.2 15.0 17.0 19.8 17.5 16.0 
15.0 15.8 15.2 14.5 15.8 15.8 15.0 15.8 
15.5 14.8 15.5 15.2 15.2 14.5 15.2 15.2 
15.8 14.5 15.0 14.8 15.5 14.8 14.0 14.8 


# DIFF
#  0  1  1  1  1  1  0  1
#  1  1  1  2  2  2  1  1
#  1  1  1  1  3  3  2  2
#  1  1  2  2  5  6  4  1
#  2  1  2  1  3  6  4  2
#  1  2  2  1  2  2  1  2
#  2  1  2  2  2  1  2  2
#  2  1  1  1  2  1  0  1
