# TS_TEXT=2019-08-25-12:40:57
# TS_SECS=1566733257.05
# HOST=fore-node
# PERCENTILE_10=14.8
# PERCENTILE_90=17.2
# MIN_PIXEL=14.2
# MEDIAN_PIXEL=15.2
# MAX_PIXEL=20.5

# IMAGE
14.2 15.0 15.8 15.0 15.5 14.5 15.0 14.8 
15.2 15.2 15.0 15.5 15.2 15.5 15.2 14.8 
14.8 14.5 15.5 15.8 16.5 16.0 15.2 15.5 
15.0 15.0 15.0 15.8 18.5 19.8 17.8 15.2 
15.5 15.0 15.2 15.8 18.0 20.5 18.5 15.8 
15.0 16.0 15.2 15.8 16.0 17.5 15.8 15.5 
15.0 15.2 15.2 15.5 15.5 14.8 15.2 15.5 
15.2 15.0 15.0 15.0 15.5 15.0 14.8 14.8 


# DIFF
#  0  1  2  1  1  0  1  0
#  1  1  1  1  1  1  1  0
#  0  0  1  2  2  2  1  1
#  1  1  1  2  4  6  4  1
#  1  1  1  2  4  6  4  2
#  1  2  1  2  2  3  2  1
#  1  1  1  1  1  0  1  1
#  1  1  1  1  1  1  0  0
