# TS_TEXT=2019-08-27-13:50:21
# TS_SECS=1566910221.20
# HOST=centre-node
# PERCENTILE_10=15.2
# PERCENTILE_90=16.0
# MIN_PIXEL=14.8
# MEDIAN_PIXEL=15.6
# MAX_PIXEL=16.5

# IMAGE
15.8 15.5 15.0 15.5 15.5 15.5 15.2 15.5 
15.5 15.2 15.2 16.5 15.8 15.5 15.2 15.0 
15.2 15.2 16.0 16.0 15.8 15.5 15.8 14.8 
16.0 16.0 15.8 15.8 15.2 15.5 15.2 15.8 
15.5 16.0 16.0 15.8 16.5 15.8 16.0 16.0 
15.2 15.8 15.8 15.8 16.0 15.8 16.2 15.5 
15.8 15.8 15.8 15.5 16.0 15.5 15.5 15.5 
15.2 15.8 16.0 15.2 15.2 15.5 16.2 15.2 


# DIFF
#  1  1  0  1  1  1  0  1
#  1  0  0  2  1  1  0  0
#  0  0  1  1  1  1  1  0
#  1  1  1  1  0  1  0  1
#  1  1  1  1  2  1  1  1
#  0  1  1  1  1  1  2  1
#  1  1  1  1  1  1  1  1
#  0  1  1  0  0  1  2  0
