# TS_TEXT=2019-08-18-22:16:53
# TS_SECS=1566163013.52
# HOST=aft-node
# PERCENTILE_10=12.8
# PERCENTILE_90=13.9
# MIN_PIXEL=0.0
# MEDIAN_PIXEL=13.2
# MAX_PIXEL=16.5

# IMAGE
13.5 12.8 12.8 13.2 13.2 15.5 16.5 16.0 
13.8 13.8 13.2 13.5 13.5 13.8 15.2 13.5 
13.8 13.8 13.5 13.2 13.2 13.5 13.0 13.2 
13.5 13.5 13.8 13.2 13.2 13.0 13.0 13.5 
13.0 12.8 13.0 13.2 13.0 13.0 12.8 12.5 
14.0 13.2 13.5 13.0 13.5 13.0 13.0 12.8 
13.8 14.5 14.5 12.8 13.2 13.5 13.0 13.2 
0.0 13.2 13.0 13.2 13.8 13.0 13.2 13.0 


# DIFF
# 14 13 13 13 13 16 16 16
# 14 14 13 14 14 14 15 14
# 14 14 14 13 13 14 13 13
# 14 14 14 13 13 13 13 14
# 13 13 13 13 13 13 13 12
# 14 13 14 13 14 13 13 13
# 14 14 14 13 13 14 13 13
#  0 13 13 13 14 13 13 13
