# TS_TEXT=2019-08-18-22:31:15
# TS_SECS=1566163875.72
# HOST=starboard-node
# PERCENTILE_10=14.5
# PERCENTILE_90=16.6
# MIN_PIXEL=14.0
# MEDIAN_PIXEL=15.0
# MAX_PIXEL=19.5

# IMAGE
15.0 15.0 14.8 15.5 14.5 14.5 14.0 14.2 
14.8 14.5 14.8 14.8 14.5 14.8 14.2 14.2 
15.0 15.2 15.8 15.2 14.5 15.0 14.8 14.5 
15.8 18.2 18.0 15.5 15.2 15.2 14.2 15.2 
17.0 19.5 17.5 15.5 14.8 14.8 14.8 14.8 
19.0 19.0 15.8 15.2 15.0 15.0 14.5 15.0 
15.8 15.2 15.2 14.8 15.0 14.8 14.5 14.8 
15.2 15.2 15.2 14.8 14.5 15.0 14.2 15.0 


# DIFF
#  1  1  1  2  0  0  0  0
#  1  0  1  1  0  1  0  0
#  1  1  2  1  0  1  1  0
#  2  4  4  2  1  1  0  1
#  3  6  4  2  1  1  1  1
#  5  5  2  1  1  1  0  1
#  2  1  1  1  1  1  0  1
#  1  1  1  1  0  1  0  1
