# TS_TEXT=2019-08-27-14:29:09
# TS_SECS=1566912549.12
# HOST=centre-node
# PERCENTILE_10=14.5
# PERCENTILE_90=16.2
# MIN_PIXEL=14.0
# MEDIAN_PIXEL=15.2
# MAX_PIXEL=19.5

# IMAGE
19.5 19.2 15.0 14.8 15.0 14.0 14.0 14.8 
16.2 18.2 16.2 15.0 14.0 15.0 14.5 14.0 
15.5 15.5 15.5 15.2 15.5 15.2 14.5 14.0 
15.5 16.0 16.0 15.8 15.8 15.2 14.8 14.5 
15.0 15.5 16.5 16.5 16.8 15.5 14.5 14.5 
15.5 15.8 15.8 16.0 15.8 15.5 15.0 14.8 
16.0 15.2 15.2 15.2 15.2 15.5 14.8 14.8 
15.0 15.5 15.2 15.2 14.8 14.8 15.0 15.0 


# DIFF
#  6  5  1  1  1  0  0  1
#  2  4  2  1  0  1  0  0
#  2  2  2  1  2  1  0  0
#  2  2  2  2  2  1  1  0
#  1  2  2  2  3  2  0  0
#  2  2  2  2  2  2  1  1
#  2  1  1  1  1  2  1  1
#  1  2  1  1  1  1  1  1
