# TS_TEXT=2019-08-27-14:26:01
# TS_SECS=1566912361.02
# HOST=centre-node
# PERCENTILE_10=14.8
# PERCENTILE_90=18.3
# MIN_PIXEL=14.0
# MEDIAN_PIXEL=15.5
# MAX_PIXEL=21.0

# IMAGE
15.0 15.0 15.0 15.5 15.0 15.2 14.8 15.0 
15.2 15.5 15.5 17.0 16.2 15.5 14.5 14.2 
15.8 15.8 16.8 19.0 17.0 15.5 15.8 14.0 
16.2 18.5 20.8 20.0 17.8 15.0 14.8 15.0 
16.2 19.8 21.0 17.2 16.5 15.8 15.2 15.0 
15.8 17.0 19.2 16.0 15.5 15.2 15.0 15.0 
15.8 15.2 15.8 15.8 15.2 15.2 15.2 14.5 
14.8 15.8 15.8 15.2 15.0 15.0 15.2 15.2 


# DIFF
#  1  1  1  2  1  1  1  1
#  1  2  2  3  2  2  0  0
#  2  2  3  5  3  2  2  0
#  2  4  7  6  4  1  1  1
#  2  6  7  3  2  2  1  1
#  2  3  5  2  2  1  1  1
#  2  1  2  2  1  1  1  0
#  1  2  2  1  1  1  1  1
