# TS_TEXT=2019-08-27-14:27:50
# TS_SECS=1566912470.59
# HOST=centre-node
# PERCENTILE_10=15.0
# PERCENTILE_90=18.7
# MIN_PIXEL=14.5
# MEDIAN_PIXEL=15.8
# MAX_PIXEL=21.5

# IMAGE
15.0 15.2 15.0 15.5 15.2 15.5 15.0 15.2 
15.0 15.2 15.5 15.8 15.0 15.5 14.5 14.5 
15.5 15.5 16.0 15.8 16.0 15.2 15.2 14.5 
15.2 16.0 17.8 19.5 19.0 15.8 16.0 14.8 
15.5 16.8 19.0 21.5 21.0 17.0 15.2 15.5 
15.8 17.2 20.2 20.2 17.5 17.0 16.0 15.2 
16.2 16.2 18.0 18.0 16.0 15.8 16.0 15.2 
15.8 16.0 15.8 16.0 16.2 15.8 16.2 15.5 


# DIFF
#  0  1  0  1  1  1  0  1
#  0  1  1  1  0  1  0  0
#  1  1  2  1  2  1  1  0
#  1  2  3  5  4  1  2  0
#  1  2  4  7  6  2  1  1
#  1  3  6  6  3  2  2  1
#  2  2  4  4  2  1  2  1
#  1  2  1  2  2  1  2  1
