# TS_TEXT=2019-08-27-14:24:43
# TS_SECS=1566912283.59
# HOST=centre-node
# PERCENTILE_10=14.8
# PERCENTILE_90=18.0
# MIN_PIXEL=14.5
# MEDIAN_PIXEL=15.5
# MAX_PIXEL=21.0

# IMAGE
15.0 15.2 15.0 15.2 15.2 14.8 14.5 15.0 
15.2 15.5 15.0 16.0 15.2 15.2 15.0 15.0 
15.0 15.2 16.2 18.0 19.8 17.5 15.5 14.5 
15.5 16.2 17.0 19.5 21.0 18.0 15.5 14.8 
15.5 16.2 18.5 20.5 17.2 17.8 15.8 15.0 
15.8 16.2 17.8 18.2 16.5 16.0 15.5 14.5 
16.0 16.0 16.8 15.8 16.0 15.2 15.2 14.8 
15.2 15.5 16.0 15.5 14.8 15.5 16.0 15.5 


# DIFF
#  0  1  0  1  1  0  0  0
#  1  1  0  2  1  1  0  0
#  0  1  2  4  5  3  1  0
#  1  2  2  5  6  4  1  0
#  1  2  4  6  3  3  1  0
#  1  2  3  4  2  2  1  0
#  2  2  2  1  2  1  1  0
#  1  1  2  1  0  1  2  1
