# TS_TEXT=2019-08-27-14:24:38
# TS_SECS=1566912278.57
# HOST=centre-node
# PERCENTILE_10=14.8
# PERCENTILE_90=17.9
# MIN_PIXEL=14.5
# MEDIAN_PIXEL=15.5
# MAX_PIXEL=21.5

# IMAGE
15.2 15.0 15.2 15.0 14.8 14.5 14.8 15.0 
14.8 15.0 15.2 15.8 15.5 15.5 15.0 14.5 
15.5 15.0 16.0 16.2 18.5 17.8 15.5 14.8 
16.0 16.0 17.0 18.5 21.5 19.0 15.2 15.0 
15.5 16.2 19.0 19.8 17.8 18.0 15.5 15.5 
15.5 15.8 17.5 17.5 15.8 15.5 15.2 14.8 
15.0 15.2 15.5 15.5 15.5 15.2 14.8 14.8 
15.0 15.2 16.0 15.0 14.8 15.5 15.5 15.0 


# DIFF
#  1  0  1  0  0  0  0  0
#  0  0  1  1  1  1  0  0
#  1  0  2  2  4  3  1  0
#  2  2  2  4  7  4  1  0
#  1  2  4  5  3  4  1  1
#  1  1  3  3  1  1  1  0
#  0  1  1  1  1  1  0  0
#  0  1  2  0  0  1  1  0
