# TS_TEXT=2019-08-27-14:28:38
# TS_SECS=1566912518.85
# HOST=centre-node
# PERCENTILE_10=14.8
# PERCENTILE_90=18.2
# MIN_PIXEL=14.2
# MEDIAN_PIXEL=15.2
# MAX_PIXEL=21.0

# IMAGE
14.8 14.8 15.2 15.2 14.5 14.8 14.8 14.5 
14.2 15.2 15.0 15.5 15.2 15.0 15.0 14.8 
14.8 14.8 15.8 16.5 16.2 15.0 15.2 14.2 
15.2 16.5 17.2 20.0 18.2 15.5 15.2 15.0 
15.2 16.2 19.2 20.8 21.0 19.0 16.2 15.5 
15.5 15.8 16.5 18.2 18.0 18.2 16.0 15.0 
16.0 15.0 16.0 16.0 16.0 15.5 15.2 14.5 
15.2 15.2 15.5 15.2 15.2 15.5 15.2 15.8 


# DIFF
#  0  0  1  1  0  0  0  0
#  0  1  1  1  1  1  1  0
#  0  0  2  2  2  1  1  0
#  1  2  3  6  4  1  1  1
#  1  2  5  6  7  5  2  1
#  1  2  2  4  4  4  2  1
#  2  1  2  2  2  1  1  0
#  1  1  1  1  1  1  1  2
