# TS_TEXT=2019-08-27-14:25:52
# TS_SECS=1566912352.98
# HOST=centre-node
# PERCENTILE_10=14.8
# PERCENTILE_90=18.4
# MIN_PIXEL=14.5
# MEDIAN_PIXEL=15.5
# MAX_PIXEL=21.5

# IMAGE
15.2 14.5 15.5 15.2 15.0 15.0 15.2 14.8 
14.8 15.5 14.5 16.2 15.5 15.5 14.5 14.5 
15.0 16.0 16.5 17.2 18.0 15.8 15.0 14.8 
16.8 19.0 19.5 20.5 19.0 16.0 15.2 14.8 
16.8 21.5 20.0 17.8 16.2 15.8 15.2 15.0 
16.0 18.5 17.8 16.2 16.0 15.8 15.5 15.0 
15.8 15.8 15.8 15.8 15.5 15.0 15.2 14.5 
16.0 15.5 15.2 15.8 15.0 15.8 14.8 14.8 


# DIFF
#  1  0  1  1  0  0  1  0
#  0  1  0  2  1  1  0  0
#  0  2  2  3  4  1  0  0
#  2  4  5  6  4  2  1  0
#  2  7  6  3  2  1  1  0
#  2  4  3  2  2  1  1  0
#  1  1  1  1  1  0  1  0
#  2  1  1  1  0  1  0  0
