# TS_TEXT=2019-08-27-14:28:34
# TS_SECS=1566912514.82
# HOST=centre-node
# PERCENTILE_10=14.8
# PERCENTILE_90=18.4
# MIN_PIXEL=14.0
# MEDIAN_PIXEL=15.2
# MAX_PIXEL=21.2

# IMAGE
14.5 14.8 15.0 15.2 14.8 14.8 14.8 14.5 
15.0 15.0 14.8 15.5 15.2 14.8 14.8 14.5 
15.2 15.2 16.2 16.2 16.0 15.2 15.2 14.2 
16.0 16.0 17.8 19.8 18.0 15.5 15.8 15.0 
15.2 16.2 19.2 21.2 21.0 19.5 16.0 15.2 
15.0 15.5 16.2 18.5 18.5 18.2 16.0 15.0 
15.8 15.0 15.2 16.0 16.5 15.8 15.2 15.0 
14.0 15.2 15.8 15.2 15.2 15.5 15.5 15.0 


# DIFF
#  0  1  1  1  1  1  1  0
#  1  1  1  2  1  1  1  0
#  1  1  2  2  2  1  1  0
#  2  2  4  6  4  2  2  1
#  1  2  5  7  7  6  2  1
#  1  2  2  4  4  4  2  1
#  2  1  1  2  2  2  1  1
#  0  1  2  1  1  2  2  1
