# TS_TEXT=2019-08-27-14:27:41
# TS_SECS=1566912461.54
# HOST=centre-node
# PERCENTILE_10=14.2
# PERCENTILE_90=17.5
# MIN_PIXEL=13.8
# MEDIAN_PIXEL=15.2
# MAX_PIXEL=21.0

# IMAGE
14.5 14.2 14.5 15.2 14.5 14.8 14.0 14.5 
14.8 14.5 14.5 15.5 15.2 15.0 14.2 13.8 
14.5 14.8 15.5 15.5 15.2 14.8 14.2 14.0 
15.0 16.0 17.5 20.0 16.8 15.2 15.2 14.2 
15.5 17.0 20.0 21.0 19.8 15.2 14.5 14.5 
15.8 17.5 20.8 19.5 17.2 15.2 15.2 14.0 
16.0 15.8 17.2 15.8 15.8 15.0 14.5 14.2 
14.8 15.5 15.8 15.2 14.8 15.0 15.0 14.5 


# DIFF
#  1  0  1  2  1  1  0  1
#  1  1  1  2  2  1  0  0
#  1  1  2  2  2  1  0  0
#  1  2  4  6  3  2  2  0
#  2  3  6  7  6  2  1  1
#  2  4  7  6  4  2  2  0
#  2  2  4  2  2  1  1  0
#  1  2  2  2  1  1  1  1
