# TS_TEXT=2019-08-18-21:58:44
# TS_SECS=1566161924.35
# HOST=fore-node
# PERCENTILE_10=13.5
# PERCENTILE_90=15.4
# MIN_PIXEL=12.8
# MEDIAN_PIXEL=14.2
# MAX_PIXEL=18.0

# IMAGE
12.8 14.0 13.5 13.8 13.5 14.0 13.2 14.0 
13.5 14.0 13.8 14.0 13.8 13.8 14.2 14.0 
14.0 14.2 14.2 13.5 14.2 14.2 14.0 14.5 
14.0 14.2 14.5 14.2 15.0 15.5 15.0 14.0 
14.2 14.2 14.2 14.2 16.2 18.0 16.5 14.5 
14.2 14.8 15.2 15.2 16.5 17.8 18.0 15.2 
14.2 14.2 12.8 13.8 13.5 13.0 13.8 13.2 
14.8 15.2 13.5 14.5 13.5 14.0 13.5 14.0 


# DIFF
#  0  1  1  1  1  1  0  1
#  1  1  1  1  1  1  2  1
#  1  2  2  1  2  2  1  2
#  1  2  2  2  2  3  2  1
#  2  2  2  2  4  5  4  2
#  2  2  2  2  4  5  5  2
#  2  2  0  1  1  0  1  0
#  2  2  1  2  1  1  1  1
