# TS_TEXT=2019-08-27-13:04:18
# TS_SECS=1566907458.31
# HOST=port-node
# PERCENTILE_10=16.5
# PERCENTILE_90=18.7
# MIN_PIXEL=15.8
# MEDIAN_PIXEL=17.2
# MAX_PIXEL=24.2

# IMAGE
17.5 17.8 17.0 16.8 16.8 17.8 17.8 17.8 
17.5 16.8 16.8 17.2 17.5 17.2 17.5 18.8 
16.5 17.5 17.0 16.8 17.8 19.0 22.0 24.2 
15.8 17.0 17.2 17.2 18.5 21.8 23.2 22.5 
16.5 17.8 17.0 17.2 17.5 17.5 18.2 18.0 
16.5 17.0 16.5 17.0 17.2 16.8 17.8 17.0 
16.0 16.8 16.5 16.8 17.0 17.0 17.2 17.2 
16.5 16.2 16.5 16.8 17.2 16.8 17.5 16.5 


# DIFF
#  2  2  1  1  1  2  2  2
#  2  1  1  2  2  2  2  3
#  1  2  1  1  2  3  6  8
#  0  1  2  2  3  6  8  7
#  1  2  1  2  2  2  2  2
#  1  1  1  1  2  1  2  1
#  0  1  1  1  1  1  2  2
#  1  0  1  1  2  1  2  1
