# TS_TEXT=2019-08-27-13:05:00
# TS_SECS=1566907500.48
# HOST=port-node
# PERCENTILE_10=16.2
# PERCENTILE_90=19.0
# MIN_PIXEL=16.0
# MEDIAN_PIXEL=17.0
# MAX_PIXEL=24.5

# IMAGE
17.5 16.8 16.8 16.2 16.5 17.2 16.8 16.8 
16.5 17.2 17.5 16.8 17.5 17.0 17.2 17.8 
16.5 16.8 17.0 17.2 17.5 18.0 18.5 18.2 
16.2 17.5 17.2 17.2 19.2 22.2 24.0 24.5 
16.2 17.0 16.8 16.8 17.5 21.2 23.2 22.8 
17.0 16.8 17.0 17.0 16.5 17.0 17.5 17.5 
16.2 16.2 16.5 17.2 16.8 17.2 17.2 16.5 
16.0 16.2 16.5 16.8 16.8 16.2 17.2 16.8 


# DIFF
#  2  1  1  0  0  1  1  1
#  0  1  2  1  2  1  1  2
#  0  1  1  1  2  2  2  2
#  0  2  1  1  3  6  8  8
#  0  1  1  1  2  5  7  7
#  1  1  1  1  0  1  2  2
#  0  0  0  1  1  1  1  0
#  0  0  0  1  1  0  1  1
