# TS_TEXT=2019-08-18-23:05:50
# TS_SECS=1566165950.70
# HOST=starboard-node
# PERCENTILE_10=14.2
# PERCENTILE_90=15.4
# MIN_PIXEL=13.8
# MEDIAN_PIXEL=14.8
# MAX_PIXEL=18.0

# IMAGE
17.5 16.5 14.8 14.8 14.5 14.8 14.0 13.8 
18.0 17.0 15.2 14.8 14.8 15.0 14.5 14.8 
17.0 17.5 15.2 14.8 15.0 14.2 15.0 14.8 
15.5 14.8 15.0 15.2 14.8 14.8 14.2 15.2 
15.0 14.5 14.8 14.8 14.5 15.0 15.0 14.2 
14.8 15.0 14.2 14.8 14.2 14.8 14.0 14.5 
14.8 14.5 14.8 15.0 15.0 14.8 14.5 14.0 
14.8 15.0 15.0 14.2 14.2 14.8 14.2 14.8 


# DIFF
#  4  3  1  1  1  1  0  0
#  4  3  2  1  1  1  1  1
#  3  4  2  1  1  0  1  1
#  2  1  1  2  1  1  0  2
#  1  1  1  1  1  1  1  0
#  1  1  0  1  0  1  0  1
#  1  1  1  1  1  1  1  0
#  1  1  1  0  0  1  0  1
