# TS_TEXT=2019-08-18-23:06:17
# TS_SECS=1566165977.82
# HOST=starboard-node
# PERCENTILE_10=13.8
# PERCENTILE_90=14.5
# MIN_PIXEL=13.2
# MEDIAN_PIXEL=14.2
# MAX_PIXEL=15.2

# IMAGE
13.8 14.0 14.0 14.5 14.5 14.0 13.8 15.2 
14.5 13.8 14.5 15.2 14.5 14.5 14.5 14.5 
14.5 14.0 14.2 14.5 14.8 14.0 14.2 14.5 
14.5 14.0 14.2 14.5 15.0 14.8 13.8 14.5 
14.0 14.2 14.2 14.5 14.0 13.8 14.2 14.0 
14.8 14.5 14.2 14.2 14.5 14.2 14.0 14.2 
14.5 13.8 14.5 14.5 14.5 13.5 13.8 14.0 
14.0 13.5 14.0 13.5 13.2 14.5 14.5 13.5 


# DIFF
#  0  1  1  1  1  1  0  2
#  1  0  1  2  1  1  1  1
#  1  1  1  1  2  1  1  1
#  1  1  1  1  2  2  0  1
#  1  1  1  1  1  0  1  1
#  2  1  1  1  1  1  1  1
#  1  0  1  1  1  0  0  1
#  1  0  1  0  0  1  1  0
