# TS_TEXT=2019-08-25-11:54:40
# TS_SECS=1566730480.49
# HOST=starboard-node
# PERCENTILE_10=16.0
# PERCENTILE_90=17.4
# MIN_PIXEL=0.0
# MEDIAN_PIXEL=16.5
# MAX_PIXEL=20.8

# IMAGE
16.0 15.8 16.5 16.2 16.8 17.0 16.2 15.5 
16.0 16.8 16.8 16.8 17.0 18.8 16.2 16.0 
16.2 16.5 16.8 17.0 18.5 20.8 18.0 16.8 
16.5 16.5 17.0 17.2 17.2 20.2 19.0 17.5 
16.8 16.2 16.2 16.2 16.8 17.0 16.8 16.5 
16.0 16.2 16.8 16.2 17.0 16.2 16.2 16.8 
16.0 16.8 16.8 16.2 16.0 16.8 16.2 16.0 
0.0 15.8 16.2 16.0 16.8 16.5 16.5 17.0 


# DIFF
# 16 16 16 16 17 17 16 16
# 16 17 17 17 17 19 16 16
# 16 16 17 17 18 21 18 17
# 16 16 17 17 17 20 19 18
# 17 16 16 16 17 17 17 16
# 16 16 17 16 17 16 16 17
# 16 17 17 16 16 17 16 16
#  0 16 16 16 17 16 16 17
