# TS_TEXT=2019-08-25-11:54:37
# TS_SECS=1566730477.47
# HOST=starboard-node
# PERCENTILE_10=16.0
# PERCENTILE_90=17.7
# MIN_PIXEL=0.0
# MEDIAN_PIXEL=16.5
# MAX_PIXEL=21.0

# IMAGE
16.0 16.5 16.8 16.8 16.5 16.8 17.0 16.0 
15.5 16.5 16.5 17.0 16.5 17.8 17.2 16.2 
16.2 16.5 16.5 17.0 18.8 21.0 19.2 18.2 
16.2 16.5 16.0 17.0 17.5 19.8 19.5 17.0 
16.8 16.5 16.8 16.8 16.5 17.0 17.0 17.0 
16.2 16.2 16.8 16.2 17.0 16.5 16.5 16.5 
16.8 17.0 17.0 16.5 16.5 16.8 16.5 17.0 
0.0 15.8 16.8 16.0 16.5 16.2 16.0 16.5 


# DIFF
# 16 16 17 17 16 17 17 16
# 16 16 16 17 16 18 17 16
# 16 16 16 17 19 21 19 18
# 16 16 16 17 18 20 20 17
# 17 16 17 17 16 17 17 17
# 16 16 17 16 17 16 16 16
# 17 17 17 16 16 17 16 17
#  0 16 17 16 16 16 16 16
