# TS_TEXT=2019-08-25-11:55:14
# TS_SECS=1566730514.88
# HOST=starboard-node
# PERCENTILE_10=15.0
# PERCENTILE_90=16.8
# MIN_PIXEL=0.0
# MEDIAN_PIXEL=15.6
# MAX_PIXEL=19.8

# IMAGE
15.5 15.0 15.5 15.8 15.8 15.2 15.0 15.2 
15.2 15.2 15.2 16.0 16.0 16.0 15.8 15.5 
15.5 15.5 15.8 16.2 17.2 16.8 16.8 16.0 
15.5 15.5 15.8 16.2 16.2 19.8 18.5 18.0 
15.2 15.5 16.0 15.5 16.0 18.0 17.8 16.2 
15.0 15.0 16.0 16.0 16.0 16.5 16.2 16.0 
14.8 14.8 15.2 15.0 15.2 15.2 16.0 15.2 
0.0 14.8 15.8 15.2 15.5 15.5 15.2 16.2 


# DIFF
# 16 15 16 16 16 15 15 15
# 15 15 15 16 16 16 16 16
# 16 16 16 16 17 17 17 16
# 16 16 16 16 16 20 18 18
# 15 16 16 16 16 18 18 16
# 15 15 16 16 16 16 16 16
# 15 15 15 15 15 15 16 15
#  0 15 16 15 16 16 15 16
