# TS_TEXT=2019-08-25-16:28:49
# TS_SECS=1566746929.86
# HOST=fore-node
# PERCENTILE_10=15.2
# PERCENTILE_90=16.9
# MIN_PIXEL=14.8
# MEDIAN_PIXEL=16.0
# MAX_PIXEL=32.8

# IMAGE
16.0 16.0 16.2 15.8 16.2 15.2 15.2 15.0 
16.2 16.0 16.0 16.8 16.2 16.2 15.5 15.2 
16.0 15.8 17.0 17.5 17.0 16.0 16.5 15.8 
15.8 15.8 17.0 32.8 16.2 16.0 16.2 15.5 
15.8 16.5 17.0 17.0 16.0 15.8 16.2 16.2 
15.8 16.2 16.0 15.8 16.2 16.2 15.5 15.2 
15.5 15.2 16.5 16.0 15.8 16.0 15.8 15.5 
16.0 15.8 15.5 16.2 15.8 15.2 15.2 14.8 


# DIFF
#  1  1  2  1  2  0  0  0
#  2  1  1  2  2  2  1  0
#  1  1  2  3  2  1  2  1
#  1  1  2 18  2  1  2  1
#  1  2  2  2  1  1  2  2
#  1  2  1  1  2  2  1  0
#  1  0  2  1  1  1  1  1
#  1  1  1  2  1  0  0  0
