# TS_TEXT=2019-08-25-12:42:40
# TS_SECS=1566733360.10
# HOST=centre-node
# PERCENTILE_10=14.0
# PERCENTILE_90=16.5
# MIN_PIXEL=13.5
# MEDIAN_PIXEL=14.8
# MAX_PIXEL=19.0

# IMAGE
14.5 13.8 14.8 14.2 14.0 14.2 14.0 14.8 
13.5 14.5 14.5 15.0 14.0 14.5 14.0 14.0 
15.0 14.0 15.8 15.0 14.8 14.2 14.5 13.8 
15.2 15.8 17.2 19.0 16.0 14.8 14.8 13.8 
15.2 15.8 19.0 19.0 18.2 15.0 14.5 14.2 
15.0 15.5 16.0 17.2 16.8 15.0 15.0 14.8 
15.2 14.8 15.2 15.2 15.0 15.0 14.8 14.5 
16.0 15.8 15.2 15.8 14.8 14.8 14.2 14.5 


# DIFF
#  1  0  1  1  0  1  0  1
#  0  1  1  2  0  1  0  0
#  2  0  2  2  1  1  1  0
#  2  2  4  6  2  1  1  0
#  2  2  6  6  5  2  1  1
#  2  2  2  4  3  2  2  1
#  2  1  2  2  2  2  1  1
#  2  2  2  2  1  1  1  1
