# TS_TEXT=2019-08-25-11:59:42
# TS_SECS=1566730782.69
# HOST=centre-node
# PERCENTILE_10=15.5
# PERCENTILE_90=16.9
# MIN_PIXEL=15.0
# MEDIAN_PIXEL=16.0
# MAX_PIXEL=19.8

# IMAGE
16.2 16.2 15.5 16.0 16.0 15.8 16.0 15.8 
15.0 16.0 17.0 18.0 16.0 16.0 15.2 15.2 
16.0 16.2 19.8 19.2 18.5 15.8 16.0 15.5 
15.2 16.2 17.8 17.2 16.8 15.5 16.0 15.8 
16.0 16.0 16.0 15.8 16.2 16.0 15.8 16.2 
15.5 15.8 16.0 16.2 16.8 15.5 15.8 15.8 
16.0 15.8 16.2 16.0 16.2 15.5 16.2 16.2 
16.0 16.2 16.8 16.0 16.2 16.0 16.0 15.8 


# DIFF
#  1  1  0  1  1  1  1  1
#  0  1  2  3  1  1  0  0
#  1  1  5  4  4  1  1  0
#  0  1  3  2  2  0  1  1
#  1  1  1  1  1  1  1  1
#  0  1  1  1  2  0  1  1
#  1  1  1  1  1  0  1  1
#  1  1  2  1  1  1  1  1
