# TS_TEXT=2019-08-25-12:00:10
# TS_SECS=1566730810.87
# HOST=centre-node
# PERCENTILE_10=15.0
# PERCENTILE_90=16.5
# MIN_PIXEL=14.8
# MEDIAN_PIXEL=15.8
# MAX_PIXEL=19.0

# IMAGE
16.0 15.8 15.8 16.0 15.0 15.2 15.0 15.5 
15.0 15.5 16.2 18.8 16.5 16.2 15.2 15.0 
15.0 15.5 19.0 18.5 17.5 15.2 15.5 14.8 
16.2 16.5 18.5 16.5 16.2 15.5 15.2 15.2 
15.5 15.8 15.5 15.8 15.8 15.5 15.0 15.8 
15.5 15.8 15.8 16.5 15.8 15.8 16.0 15.5 
16.0 15.5 15.8 16.2 15.5 15.8 15.8 15.5 
14.8 16.2 15.5 15.2 15.5 15.5 15.8 16.0 


# DIFF
#  1  1  1  1  0  0  0  1
#  0  1  2  4  2  2  0  0
#  0  1  4  4  3  0  1  0
#  2  2  4  2  2  1  0  0
#  1  1  1  1  1  1  0  1
#  1  1  1  2  1  1  1  1
#  1  1  1  2  1  1  1  1
#  0  2  1  0  1  1  1  1
