# TS_TEXT=2019-08-18-22:05:43
# TS_SECS=1566162343.87
# HOST=fore-node
# PERCENTILE_10=13.5
# PERCENTILE_90=15.0
# MIN_PIXEL=13.0
# MEDIAN_PIXEL=14.0
# MAX_PIXEL=19.0

# IMAGE
14.0 13.8 13.8 13.8 14.2 14.0 13.8 13.5 
14.0 14.0 14.5 14.2 14.0 14.0 14.5 13.8 
14.8 14.8 15.0 15.5 15.0 14.0 13.5 14.0 
13.8 15.0 16.8 17.8 14.8 14.5 14.5 13.8 
14.8 14.5 15.8 19.0 17.5 15.0 14.5 14.5 
13.0 13.8 13.5 13.2 13.8 13.5 13.8 13.5 
13.8 14.0 13.8 14.0 14.0 14.5 13.5 13.8 
13.5 13.8 14.2 13.8 14.0 13.8 13.8 14.0 


# DIFF
#  1  1  1  1  1  1  1  0
#  1  1  2  1  1  1  2  1
#  2  2  2  2  2  1  0  1
#  1  2  4  5  2  2  2  1
#  2  2  3  6  4  2  2  2
#  0  1  0  0  1  0  1  0
#  1  1  1  1  1  2  0  1
#  0  1  1  1  1  1  1  1
