# TS_TEXT=2019-08-18-21:54:21
# TS_SECS=1566161661.78
# HOST=aft-node
# PERCENTILE_10=14.0
# PERCENTILE_90=16.0
# MIN_PIXEL=0.0
# MEDIAN_PIXEL=14.5
# MAX_PIXEL=18.5

# IMAGE
15.0 14.0 14.5 14.0 14.5 15.0 15.5 14.0 
14.5 14.5 14.5 14.5 15.5 17.0 17.8 16.8 
14.2 14.8 14.8 14.5 15.0 16.5 18.5 18.2 
14.5 14.0 14.8 14.5 14.2 14.5 16.2 15.5 
14.0 14.2 15.0 14.0 14.2 14.0 14.8 13.8 
15.0 14.5 14.2 14.2 14.2 13.8 14.0 14.0 
14.5 15.0 14.8 14.5 15.0 14.5 14.2 14.2 
0.0 13.8 14.5 14.5 14.5 14.8 14.8 14.5 


# DIFF
# 15 14 14 14 14 15 16 14
# 14 14 14 14 16 17 18 17
# 14 15 15 14 15 16 18 18
# 14 14 15 14 14 14 16 16
# 14 14 15 14 14 14 15 14
# 15 14 14 14 14 14 14 14
# 14 15 15 14 15 14 14 14
#  0 14 14 14 14 15 15 14
