# TS_TEXT=2019-08-18-22:15:06
# TS_SECS=1566162906.46
# HOST=fore-node
# PERCENTILE_10=12.8
# PERCENTILE_90=14.7
# MIN_PIXEL=0.0
# MEDIAN_PIXEL=13.5
# MAX_PIXEL=18.2

# IMAGE
13.2 13.0 12.8 13.0 13.2 13.0 13.0 12.0 
13.0 12.8 13.0 12.8 13.8 13.2 13.0 13.0 
12.5 13.2 13.5 13.2 13.5 13.5 13.2 13.5 
14.0 13.5 13.2 13.5 13.2 13.8 13.5 13.8 
13.8 13.5 13.5 13.5 14.2 15.5 13.5 13.8 
12.8 13.2 14.0 14.8 18.2 17.8 14.5 14.2 
13.5 14.2 14.5 14.0 18.0 17.8 15.0 13.5 
0.0 12.5 13.0 13.2 12.5 13.5 13.0 13.2 


# DIFF
# 13 13 13 13 13 13 13 12
# 13 13 13 13 14 13 13 13
# 12 13 14 13 14 14 13 14
# 14 14 13 14 13 14 14 14
# 14 14 14 14 14 16 14 14
# 13 13 14 15 18 18 14 14
# 14 14 14 14 18 18 15 14
#  0 12 13 13 12 14 13 13
