# TS_TEXT=2019-08-18-22:39:37
# TS_SECS=1566164377.42
# HOST=centre-node
# PERCENTILE_10=14.1
# PERCENTILE_90=16.4
# MIN_PIXEL=13.8
# MEDIAN_PIXEL=14.8
# MAX_PIXEL=20.2

# IMAGE
14.5 13.8 14.2 14.2 14.2 14.5 14.2 14.8 
14.0 14.0 14.2 14.8 14.2 15.0 14.2 13.8 
14.0 14.0 14.8 15.0 16.0 14.2 14.5 14.0 
14.5 14.5 14.5 16.8 18.8 15.2 15.2 14.5 
14.8 14.8 14.8 15.2 20.2 17.2 14.8 14.5 
14.8 14.2 15.0 15.8 20.2 18.8 15.2 15.0 
15.0 14.2 14.5 15.5 16.5 15.8 15.0 14.8 
14.8 14.8 15.8 14.8 15.5 15.2 15.5 14.5 


# DIFF
#  1  0  0  0  0  1  0  1
#  0  0  0  1  0  1  0  0
#  0  0  1  1  2  0  1  0
#  1  1  1  3  5  2  2  1
#  1  1  1  2  6  4  1  1
#  1  0  1  2  6  5  2  1
#  1  0  1  2  3  2  1  1
#  1  1  2  1  2  2  2  1
