# TS_TEXT=2019-08-18-22:39:40
# TS_SECS=1566164380.42
# HOST=centre-node
# PERCENTILE_10=14.0
# PERCENTILE_90=16.5
# MIN_PIXEL=13.5
# MEDIAN_PIXEL=14.5
# MAX_PIXEL=21.0

# IMAGE
14.2 14.0 14.0 14.5 14.0 14.0 13.8 14.8 
14.2 14.2 14.0 15.0 14.0 14.5 13.5 13.8 
14.2 13.8 14.8 16.0 16.8 15.0 14.5 14.2 
14.5 14.8 14.8 18.2 21.0 17.5 14.2 14.0 
14.0 14.5 15.0 16.8 20.5 16.5 14.5 14.2 
14.2 14.2 14.8 16.5 16.2 15.0 14.8 14.8 
15.0 14.0 15.0 15.0 15.0 14.8 14.2 14.2 
14.5 15.2 14.8 14.8 14.5 14.5 14.8 14.2 


# DIFF
#  1  0  0  1  0  0  0  1
#  1  1  0  2  0  1  0  0
#  1  0  1  2  3  2  1  1
#  1  1  1  5  8  4  1  0
#  0  1  2  3  7  3  1  1
#  1  1  1  3  3  2  1  1
#  2  0  2  2  2  1  1  1
#  1  2  1  1  1  1  1  1
