# TS_TEXT=2019-08-18-22:25:34
# TS_SECS=1566163534.60
# HOST=centre-node
# PERCENTILE_10=12.6
# PERCENTILE_90=14.2
# MIN_PIXEL=12.2
# MEDIAN_PIXEL=13.2
# MAX_PIXEL=18.8

# IMAGE
12.8 12.2 13.0 13.2 12.8 13.2 12.5 13.5 
12.5 13.0 12.5 13.5 13.0 13.5 13.0 12.8 
12.5 12.5 13.2 14.2 15.8 13.8 13.2 12.5 
13.2 13.5 13.8 18.0 18.8 14.0 13.2 13.0 
12.8 13.2 14.2 17.0 16.8 13.0 12.8 13.2 
13.2 13.2 13.2 14.5 13.8 13.5 13.8 13.2 
14.2 13.2 13.8 13.5 13.2 13.2 13.5 13.2 
13.2 13.2 13.8 13.2 13.5 13.5 13.0 12.8 


# DIFF
#  0  0  1  1  0  1  0  1
#  0  1  0  1  1  1  1  0
#  0  0  1  2  4  2  1  0
#  1  1  2  6  6  2  1  1
#  0  1  2  5  4  1  0  1
#  1  1  1  2  2  1  2  1
#  2  1  2  1  1  1  1  1
#  1  1  2  1  1  1  1  0
