# TS_TEXT=2019-08-18-22:59:39
# TS_SECS=1566165579.51
# HOST=centre-node
# PERCENTILE_10=14.1
# PERCENTILE_90=15.2
# MIN_PIXEL=13.5
# MEDIAN_PIXEL=14.6
# MAX_PIXEL=18.0

# IMAGE
14.8 14.2 14.5 14.2 13.8 14.2 14.0 14.5 
14.0 14.5 14.2 14.5 14.2 14.5 14.0 14.5 
14.8 13.8 14.8 14.5 14.8 14.0 14.2 13.5 
14.5 15.0 15.0 14.5 15.0 14.2 14.2 14.5 
14.2 14.5 15.2 14.8 15.2 14.5 14.5 14.8 
14.5 15.5 14.8 15.5 15.0 14.8 14.8 14.5 
15.0 14.8 15.2 15.0 14.8 15.2 15.8 14.8 
14.8 14.5 15.2 15.2 15.2 15.2 18.0 16.5 


# DIFF
#  1  1  1  1  0  1  0  1
#  0  1  1  1  1  1  0  1
#  1  0  1  1  1  0  1  0
#  1  2  2  1  2  1  1  1
#  1  1  2  1  2  1  1  1
#  1  2  1  2  2  1  1  1
#  2  1  2  2  1  2  2  1
#  1  1  2  2  2  2  4  3
