# TS_TEXT=2019-08-18-22:59:37
# TS_SECS=1566165577.50
# HOST=centre-node
# PERCENTILE_10=14.0
# PERCENTILE_90=15.5
# MIN_PIXEL=13.5
# MEDIAN_PIXEL=14.5
# MAX_PIXEL=18.5

# IMAGE
14.2 14.0 14.5 14.0 14.2 14.0 14.0 13.5 
14.5 14.0 14.2 14.5 14.2 14.2 14.2 13.5 
13.8 14.2 15.0 14.0 14.8 14.2 14.5 14.0 
15.0 14.8 15.0 14.8 15.0 14.5 14.5 13.8 
14.0 14.5 15.5 14.8 14.8 14.2 13.5 14.5 
14.0 14.8 14.5 15.2 15.5 15.0 15.5 14.5 
15.5 15.0 14.8 15.2 15.5 17.8 16.8 14.5 
14.8 15.0 14.2 15.0 15.0 18.5 17.8 15.5 


# DIFF
#  1  0  1  0  1  0  0  0
#  1  0  1  1  1  1  1  0
#  0  1  2  0  1  1  1  0
#  2  1  2  1  2  1  1  0
#  0  1  2  1  1  1  0  1
#  0  1  1  2  2  2  2  1
#  2  2  1  2  2  4  3  1
#  1  2  1  2  2  5  4  2
