# TS_TEXT=2019-08-27-16:48:10
# TS_SECS=1566920890.71
# HOST=centre-node
# PERCENTILE_10=14.2
# PERCENTILE_90=18.0
# MIN_PIXEL=13.5
# MEDIAN_PIXEL=14.8
# MAX_PIXEL=21.2

# IMAGE
14.8 14.0 14.5 14.5 14.2 14.2 14.2 14.5 
14.8 15.2 14.2 15.2 14.2 14.5 14.0 14.0 
14.2 15.0 17.5 17.0 15.0 14.8 14.8 13.5 
15.8 17.0 20.2 18.8 16.2 15.0 14.2 14.2 
14.5 15.2 18.8 21.2 20.5 15.8 14.2 14.8 
14.8 15.0 16.5 19.5 18.2 15.2 15.0 14.5 
15.2 15.0 15.2 16.0 15.0 15.0 14.5 14.0 
14.2 15.0 14.5 15.5 14.8 14.2 14.8 14.0 


# DIFF
#  1  0  1  1  1  1  1  1
#  1  2  1  2  1  1  0  0
#  1  2  4  4  2  1  1  0
#  2  4  7  5  3  2  1  1
#  1  2  5  8  7  2  1  1
#  1  2  3  6  5  2  2  1
#  2  2  2  2  2  2  1  0
#  1  2  1  2  1  1  1  0
