# TS_TEXT=2019-08-27-16:52:06
# TS_SECS=1566921126.94
# HOST=centre-node
# PERCENTILE_10=14.0
# PERCENTILE_90=17.7
# MIN_PIXEL=13.8
# MEDIAN_PIXEL=14.5
# MAX_PIXEL=21.2

# IMAGE
14.5 14.2 14.2 14.0 14.0 14.2 14.2 13.8 
14.5 13.8 14.2 16.0 14.2 14.0 14.0 14.0 
14.5 14.0 15.0 18.0 15.8 14.5 14.2 14.0 
14.5 15.0 18.0 19.8 17.0 14.8 14.2 14.2 
14.5 15.5 18.2 20.2 18.0 15.0 14.5 14.8 
14.8 15.0 16.8 21.2 16.8 14.8 14.5 14.0 
15.2 14.8 14.8 17.0 15.5 14.5 14.0 14.2 
13.8 14.8 15.0 15.2 15.2 14.2 15.0 14.2 


# DIFF
#  1  0  0  0  0  0  0  0
#  1  0  0  2  0  0  0  0
#  1  0  1  4  2  1  0  0
#  1  1  4  6  3  1  0  0
#  1  2  4  6  4  1  1  1
#  1  1  3  8  3  1  1  0
#  2  1  1  3  2  1  0  0
#  0  1  1  2  2  0  1  0
