# TS_TEXT=2019-08-27-16:48:00
# TS_SECS=1566920880.67
# HOST=centre-node
# PERCENTILE_10=13.8
# PERCENTILE_90=17.8
# MIN_PIXEL=13.5
# MEDIAN_PIXEL=14.5
# MAX_PIXEL=21.2

# IMAGE
14.2 13.8 14.0 14.8 13.8 14.2 13.5 13.8 
14.5 14.5 14.5 15.2 14.0 14.2 14.0 13.5 
14.8 15.8 17.2 18.0 15.2 14.0 14.0 13.8 
15.2 15.0 18.8 19.2 15.8 14.2 14.8 13.8 
14.5 15.0 17.8 21.2 20.2 15.8 14.0 14.5 
14.5 14.8 16.0 19.2 17.8 14.8 14.5 14.0 
14.5 14.0 15.0 15.2 14.5 14.5 14.0 14.2 
14.5 15.0 14.2 14.2 14.5 14.0 15.0 14.0 


# DIFF
#  1  0  0  1  0  1  0  0
#  1  1  1  2  0  1  0  0
#  1  2  4  4  2  0  0  0
#  2  2  5  6  2  1  1  0
#  1  2  4  8  7  2  0  1
#  1  1  2  6  4  1  1  0
#  1  0  2  2  1  1  0  1
#  1  2  1  1  1  0  2  0
