# TS_TEXT=2019-08-27-16:47:41
# TS_SECS=1566920861.60
# HOST=centre-node
# PERCENTILE_10=14.8
# PERCENTILE_90=18.7
# MIN_PIXEL=14.2
# MEDIAN_PIXEL=15.5
# MAX_PIXEL=21.8

# IMAGE
15.2 14.8 14.8 15.0 15.2 15.0 15.0 14.8 
14.8 15.2 15.5 17.0 15.5 14.8 15.0 14.5 
15.5 16.0 18.5 18.8 16.8 15.0 15.2 14.2 
15.2 15.5 19.5 21.2 17.2 15.2 15.5 14.8 
15.8 16.5 18.5 21.8 19.5 15.8 15.0 15.5 
15.2 15.8 17.2 20.0 20.5 16.0 15.5 15.5 
16.0 15.5 16.0 15.8 16.2 15.8 15.5 14.8 
15.2 15.2 15.8 16.0 15.2 15.5 15.5 14.5 


# DIFF
#  1  0  0  1  1  1  1  0
#  0  1  1  3  1  0  1  0
#  1  2  4  4  2  1  1  0
#  1  1  5  7  3  1  1  0
#  2  2  4  8  5  2  1  1
#  1  2  3  6  6  2  1  1
#  2  1  2  2  2  2  1  0
#  1  1  2  2  1  1  1  0
