# TS_TEXT=2019-08-27-16:50:35
# TS_SECS=1566921035.25
# HOST=centre-node
# PERCENTILE_10=14.0
# PERCENTILE_90=17.4
# MIN_PIXEL=13.5
# MEDIAN_PIXEL=14.8
# MAX_PIXEL=20.2

# IMAGE
13.8 14.2 14.5 14.0 14.2 14.2 14.0 14.2 
14.5 13.8 14.2 15.0 14.8 14.2 14.2 13.8 
14.5 14.5 14.8 14.5 15.2 14.8 14.5 13.5 
14.2 15.2 16.2 18.0 17.5 15.8 14.2 13.8 
14.8 16.5 20.2 20.0 19.8 15.8 14.5 14.8 
15.0 15.8 18.5 19.5 17.0 15.0 15.0 14.2 
15.2 15.0 15.2 15.2 15.2 14.8 14.2 14.5 
14.5 15.5 15.5 15.0 15.0 14.2 14.5 13.8 


# DIFF
#  0  1  1  0  1  1  0  1
#  1  0  1  2  1  1  1  0
#  1  1  1  1  2  1  1  0
#  1  2  3  4  4  2  1  0
#  1  3  7  6  6  2  1  1
#  2  2  5  6  4  2  2  1
#  2  2  2  2  2  1  1  1
#  1  2  2  2  2  1  1  0
