# TS_TEXT=2019-08-27-16:50:01
# TS_SECS=1566921001.12
# HOST=centre-node
# PERCENTILE_10=14.5
# PERCENTILE_90=18.4
# MIN_PIXEL=13.8
# MEDIAN_PIXEL=15.1
# MAX_PIXEL=22.5

# IMAGE
14.8 14.5 14.8 14.8 14.5 14.5 14.0 13.8 
14.5 14.8 14.8 15.2 14.2 14.5 14.2 14.2 
14.8 14.5 15.5 15.8 15.0 15.2 14.5 14.0 
15.2 16.0 19.2 19.5 18.0 16.0 15.2 15.0 
15.0 17.5 22.5 21.5 21.0 20.0 16.8 14.8 
15.2 15.5 18.5 17.2 16.8 16.2 15.8 14.8 
15.0 15.0 16.0 15.8 15.2 15.2 14.5 14.8 
15.2 15.2 15.0 15.2 15.2 14.8 14.8 14.5 


# DIFF
#  1  1  1  1  1  1  0  0
#  1  1  1  2  0  1  0  0
#  1  1  2  2  1  2  1  0
#  2  2  6  6  4  2  2  1
#  1  4  9  8  7  6  3  1
#  2  2  5  4  3  2  2  1
#  1  1  2  2  2  2  1  1
#  2  2  1  2  2  1  1  1
