# TS_TEXT=2019-08-27-16:51:35
# TS_SECS=1566921095.75
# HOST=centre-node
# PERCENTILE_10=14.1
# PERCENTILE_90=17.2
# MIN_PIXEL=13.5
# MEDIAN_PIXEL=14.8
# MAX_PIXEL=21.0

# IMAGE
14.2 14.2 14.5 14.5 14.2 14.0 14.0 14.0 
14.2 14.5 14.2 15.0 14.8 14.8 14.0 13.5 
14.2 14.5 15.5 16.5 17.8 16.0 14.5 13.8 
15.2 15.5 19.8 20.2 19.0 16.2 14.5 14.2 
15.2 16.0 21.0 17.2 16.2 15.2 13.8 14.5 
14.5 15.5 17.8 17.0 15.0 14.5 14.5 14.2 
15.2 14.5 15.0 15.0 15.0 14.8 14.2 15.0 
14.5 14.5 14.8 14.8 15.0 14.5 15.2 14.2 


# DIFF
#  1  1  1  1  1  0  0  0
#  1  1  1  2  1  1  0  0
#  1  1  2  3  4  2  1  0
#  2  2  6  7  6  3  1  1
#  2  2  8  4  3  2  0  1
#  1  2  4  4  2  1  1  1
#  2  1  2  2  2  1  1  2
#  1  1  1  1  2  1  2  1
