# TS_TEXT=2019-08-27-16:45:30
# TS_SECS=1566920730.03
# HOST=centre-node
# PERCENTILE_10=15.2
# PERCENTILE_90=18.6
# MIN_PIXEL=14.8
# MEDIAN_PIXEL=16.0
# MAX_PIXEL=22.2

# IMAGE
15.0 15.5 15.2 15.5 15.5 15.2 15.0 15.8 
14.8 15.5 15.5 16.0 15.8 15.2 15.5 15.0 
15.2 15.8 16.2 16.0 16.2 15.8 15.8 15.5 
16.0 16.5 16.8 17.5 17.5 16.0 15.5 15.2 
15.5 19.0 21.0 21.8 22.2 17.2 15.8 15.8 
15.8 17.5 21.0 20.5 19.5 16.0 16.2 16.0 
16.8 16.2 17.5 17.2 16.8 16.5 16.0 15.8 
15.8 16.0 16.8 15.8 16.0 16.0 16.2 15.8 


# DIFF
#  0  1  0  1  1  0  0  1
#  0  1  1  1  1  0  1  0
#  0  1  2  1  2  1  1  1
#  1  2  2  3  3  1  1  0
#  1  4  6  7  8  2  1  1
#  1  3  6  6  5  1  2  1
#  2  2  3  2  2  2  1  1
#  1  1  2  1  1  1  2  1
