# TS_TEXT=2019-08-27-16:43:02
# TS_SECS=1566920582.47
# HOST=centre-node
# PERCENTILE_10=16.0
# PERCENTILE_90=19.1
# MIN_PIXEL=15.5
# MEDIAN_PIXEL=16.5
# MAX_PIXEL=22.8

# IMAGE
16.0 16.2 16.2 16.2 15.8 16.0 16.2 16.0 
16.0 15.8 16.2 16.8 15.8 16.8 15.5 16.0 
16.0 16.0 17.0 16.8 16.8 16.2 16.5 15.8 
16.8 17.2 18.2 19.2 18.8 16.5 16.5 16.2 
16.2 19.5 22.8 21.0 19.2 17.2 15.8 16.5 
16.8 17.5 20.5 19.5 17.0 16.8 16.2 16.0 
17.0 16.2 17.0 17.2 16.5 16.5 16.5 16.2 
16.2 17.0 17.0 16.2 16.2 17.0 16.2 16.0 


# DIFF
#  0  1  1  1  0  0  1  0
#  0  0  1  1  0  1  0  0
#  0  0  2  1  1  1  1  0
#  1  2  3  4  3  1  1  1
#  1  4  7  6  4  2  0  1
#  1  2  5  4  2  1  1  0
#  2  1  2  2  1  1  1  1
#  1  2  2  1  1  2  1  0
