# TS_TEXT=2019-08-27-16:49:56
# TS_SECS=1566920996.10
# HOST=centre-node
# PERCENTILE_10=13.8
# PERCENTILE_90=17.4
# MIN_PIXEL=13.2
# MEDIAN_PIXEL=14.5
# MAX_PIXEL=21.8

# IMAGE
14.2 13.8 14.0 13.8 13.8 14.0 13.5 13.2 
13.8 13.8 14.0 14.5 14.0 14.2 13.5 13.5 
14.5 14.2 15.2 15.0 14.8 13.8 14.2 13.8 
14.8 15.8 18.5 18.5 17.0 15.8 15.0 13.5 
14.8 16.5 21.8 20.8 20.8 19.8 15.8 14.8 
14.8 15.2 17.5 17.0 16.0 15.2 15.5 14.5 
15.2 14.5 15.2 14.5 14.5 14.5 14.5 14.5 
14.8 14.5 14.5 14.5 14.5 14.5 14.8 14.0 


# DIFF
#  1  0  1  0  0  1  0  0
#  0  0  1  1  1  1  0  0
#  1  1  2  2  2  0  1  0
#  2  2  5  5  4  2  2  0
#  2  3  8  8  8  6  2  2
#  2  2  4  4  3  2  2  1
#  2  1  2  1  1  1  1  1
#  2  1  1  1  1  1  2  1
