# TS_TEXT=2019-08-27-16:52:05
# TS_SECS=1566921125.93
# HOST=centre-node
# PERCENTILE_10=14.0
# PERCENTILE_90=17.4
# MIN_PIXEL=13.5
# MEDIAN_PIXEL=14.8
# MAX_PIXEL=21.5

# IMAGE
14.5 14.2 14.0 14.2 14.0 14.0 13.8 14.0 
14.2 14.2 14.8 15.5 14.2 14.5 13.8 13.5 
14.2 14.8 15.5 18.0 15.8 14.0 14.2 13.5 
14.5 15.0 17.5 19.5 17.2 15.0 14.2 14.0 
14.5 15.0 18.8 20.0 18.2 15.0 14.2 14.5 
14.2 15.2 16.8 21.5 17.2 14.2 14.5 14.0 
14.8 14.8 15.5 17.0 15.2 14.5 14.8 14.5 
14.5 15.2 15.5 15.0 15.5 15.0 14.8 14.8 


# DIFF
#  1  1  0  1  0  0  0  0
#  1  1  1  2  1  1  0  0
#  1  1  2  4  2  0  1  0
#  1  2  4  6  4  2  1  0
#  1  2  5  6  5  2  1  1
#  1  2  3  8  4  1  1  0
#  1  1  2  4  2  1  1  1
#  1  2  2  2  2  2  1  1
