# TS_TEXT=2019-08-27-16:48:23
# TS_SECS=1566920903.76
# HOST=centre-node
# PERCENTILE_10=14.0
# PERCENTILE_90=16.9
# MIN_PIXEL=13.0
# MEDIAN_PIXEL=14.5
# MAX_PIXEL=21.0

# IMAGE
14.0 14.2 14.2 14.0 13.8 14.2 13.8 13.0 
14.2 14.0 14.0 14.5 14.0 14.0 14.0 14.0 
14.5 15.0 16.8 15.5 15.0 14.0 14.2 13.2 
14.8 16.8 19.8 17.0 17.5 14.5 14.0 13.5 
15.0 16.2 19.5 21.0 21.0 15.2 14.0 14.8 
14.2 14.5 15.5 18.2 16.8 14.8 14.8 14.0 
15.0 14.5 15.0 15.2 14.5 14.5 14.2 14.5 
14.8 14.2 14.8 14.8 14.2 14.5 14.2 14.2 


# DIFF
#  1  1  1  1  1  1  1  0
#  1  1  1  2  1  1  1  1
#  2  2  4  2  2  1  1  0
#  2  4  7  4  4  2  1  0
#  2  3  6  8  8  2  1  2
#  1  2  2  5  4  2  2  1
#  2  2  2  2  2  2  1  2
#  2  1  2  2  1  2  1  1
