# TS_TEXT=2019-08-27-16:52:32
# TS_SECS=1566921152.06
# HOST=centre-node
# PERCENTILE_10=14.5
# PERCENTILE_90=18.2
# MIN_PIXEL=14.2
# MEDIAN_PIXEL=15.2
# MAX_PIXEL=20.8

# IMAGE
14.5 14.2 14.5 14.5 15.0 14.5 14.2 15.0 
14.2 14.8 14.8 16.2 16.2 15.2 14.2 14.2 
14.8 14.5 15.8 18.2 17.8 15.2 15.0 14.5 
15.2 15.8 15.5 19.0 19.5 15.8 14.8 14.8 
14.8 15.5 18.0 18.5 20.8 16.8 14.5 14.8 
14.8 15.2 16.5 20.8 20.0 16.5 15.0 14.8 
15.5 14.2 15.8 17.2 15.8 15.8 14.8 14.8 
14.8 15.5 15.5 15.8 15.5 14.8 15.5 14.8 


# DIFF
#  0  0  0  0  1  0  0  1
#  0  0  0  2  2  1  0  0
#  0  0  2  4  4  1  1  0
#  1  2  1  5  5  2  0  0
#  0  1  4  4  6  2  0  0
#  0  1  2  6  6  2  1  0
#  1  0  2  3  2  2  0  0
#  0  1  1  2  1  0  1  0
