# TS_TEXT=2019-08-27-16:50:44
# TS_SECS=1566921044.32
# HOST=centre-node
# PERCENTILE_10=14.2
# PERCENTILE_90=17.7
# MIN_PIXEL=14.0
# MEDIAN_PIXEL=15.2
# MAX_PIXEL=22.2

# IMAGE
15.0 14.8 14.2 14.5 14.5 14.5 14.5 14.0 
14.2 14.0 14.8 15.2 14.5 15.0 14.5 14.0 
14.8 15.0 16.0 16.2 17.2 17.0 15.2 14.0 
15.2 16.8 19.5 21.0 19.2 17.0 15.5 14.0 
15.5 17.8 22.2 19.5 19.5 16.0 14.5 14.8 
15.2 15.5 17.5 17.2 15.5 15.0 15.2 14.5 
15.5 15.0 15.2 15.8 15.2 15.0 15.2 14.2 
15.0 15.5 15.8 15.2 15.0 14.5 15.0 14.8 


# DIFF
#  1  1  0  0  0  0  0  0
#  0  0  1  1  0  1  0  0
#  1  1  2  2  3  3  1  0
#  1  3  6  7  5  3  2  0
#  2  4  8  6  6  2  0  1
#  1  2  4  3  2  1  1  0
#  2  1  1  2  1  1  1  0
#  1  2  2  1  1  0  1  1
