# TS_TEXT=2019-08-27-16:52:29
# TS_SECS=1566921149.05
# HOST=centre-node
# PERCENTILE_10=14.0
# PERCENTILE_90=17.8
# MIN_PIXEL=13.5
# MEDIAN_PIXEL=14.8
# MAX_PIXEL=20.5

# IMAGE
14.2 13.8 14.2 14.5 14.0 14.5 14.2 13.8 
13.8 14.0 14.0 15.5 15.2 15.0 13.8 13.5 
14.2 14.2 15.5 17.8 17.8 14.5 14.0 14.2 
14.2 15.0 15.8 18.5 19.2 15.0 14.2 14.0 
14.5 15.2 17.5 17.8 20.2 16.0 14.2 14.5 
15.0 15.5 16.0 20.5 20.0 16.0 14.5 14.2 
15.2 14.2 15.0 17.0 15.8 14.8 14.5 14.2 
14.0 15.2 15.5 15.0 14.5 14.8 15.0 14.8 


# DIFF
#  1  0  1  1  0  1  1  0
#  0  0  0  2  2  2  0  0
#  1  1  2  4  4  1  0  1
#  1  2  2  5  6  2  1  0
#  1  2  4  4  7  2  1  1
#  2  2  2  7  6  2  1  1
#  2  1  2  4  2  1  1  1
#  0  2  2  2  1  1  2  1
