# TS_TEXT=2019-08-27-16:52:40
# TS_SECS=1566921160.16
# HOST=centre-node
# PERCENTILE_10=13.8
# PERCENTILE_90=17.2
# MIN_PIXEL=13.2
# MEDIAN_PIXEL=14.8
# MAX_PIXEL=21.0

# IMAGE
14.2 13.8 14.0 14.2 13.8 13.8 13.8 14.0 
13.5 14.2 14.0 15.2 15.5 15.0 13.8 13.2 
14.2 14.0 15.0 17.0 17.2 14.2 14.8 14.0 
14.8 15.0 15.5 17.8 17.8 15.0 14.0 13.5 
14.2 14.8 16.2 19.2 19.0 17.2 14.5 14.2 
14.2 15.0 16.2 20.0 21.0 15.5 14.8 14.5 
15.5 14.8 15.0 16.5 16.8 15.2 14.5 14.2 
14.5 15.0 15.5 14.5 14.8 15.0 14.5 14.0 


# DIFF
#  1  0  1  1  0  0  0  1
#  0  1  1  2  2  2  0  0
#  1  1  2  4  4  1  2  1
#  2  2  2  4  4  2  1  0
#  1  2  3  6  6  4  1  1
#  1  2  3  7  8  2  2  1
#  2  2  2  3  4  2  1  1
#  1  2  2  1  2  2  1  1
