# TS_TEXT=2019-08-27-16:43:37
# TS_SECS=1566920617.60
# HOST=centre-node
# PERCENTILE_10=15.3
# PERCENTILE_90=18.6
# MIN_PIXEL=15.0
# MEDIAN_PIXEL=16.0
# MAX_PIXEL=23.0

# IMAGE
15.5 15.2 16.0 15.8 16.0 15.8 15.2 15.5 
15.2 15.2 16.2 16.5 16.0 15.8 15.0 15.2 
16.0 15.5 18.2 16.2 16.2 16.2 15.8 15.2 
16.2 17.8 19.5 17.5 18.8 16.0 15.8 15.5 
16.8 21.2 23.0 22.0 19.8 17.2 15.8 16.2 
16.2 17.8 18.0 18.2 18.8 17.8 16.2 15.8 
17.0 16.0 16.0 16.2 16.5 15.8 16.2 15.5 
16.2 16.0 16.0 15.8 16.0 15.8 15.8 15.5 


# DIFF
#  0  0  1  1  1  1  0  0
#  0  0  1  2  1  1  0  0
#  1  0  3  1  1  1  1  0
#  1  3  4  2  4  1  1  0
#  2  6  8  7  5  2  1  1
#  1  3  3  3  4  3  1  1
#  2  1  1  1  2  1  1  0
#  1  1  1  1  1  1  1  0
