# TS_TEXT=2019-08-27-16:50:20
# TS_SECS=1566921020.20
# HOST=centre-node
# PERCENTILE_10=14.5
# PERCENTILE_90=18.4
# MIN_PIXEL=14.0
# MEDIAN_PIXEL=15.2
# MAX_PIXEL=22.0

# IMAGE
14.0 14.2 14.8 14.5 14.8 14.5 14.2 14.8 
14.5 14.8 14.8 15.2 15.0 14.8 14.2 14.2 
15.2 14.8 16.0 14.8 15.5 15.2 14.5 14.5 
15.2 15.5 19.0 17.5 16.5 15.2 15.5 14.5 
15.2 16.5 22.0 20.5 20.0 18.8 16.0 15.2 
15.5 16.0 18.5 20.0 18.2 16.5 15.8 15.0 
15.8 15.5 15.8 16.0 15.8 15.5 15.2 14.5 
15.5 15.5 15.2 15.2 15.2 15.2 15.0 14.5 


# DIFF
#  0  0  1  0  1  0  0  1
#  0  1  1  1  1  1  0  0
#  1  1  2  1  2  1  0  0
#  1  2  5  4  2  1  2  0
#  1  2  8  6  6  5  2  1
#  2  2  4  6  4  2  2  1
#  2  2  2  2  2  2  1  0
#  2  2  1  1  1  1  1  0
