# TS_TEXT=2019-08-27-16:46:07
# TS_SECS=1566920767.24
# HOST=centre-node
# PERCENTILE_10=14.8
# PERCENTILE_90=18.0
# MIN_PIXEL=14.2
# MEDIAN_PIXEL=15.2
# MAX_PIXEL=22.2

# IMAGE
15.2 15.0 14.5 14.8 14.8 14.2 14.8 14.8 
15.2 15.8 15.0 15.8 15.2 15.0 15.0 14.8 
15.2 14.8 16.5 18.5 16.0 15.0 15.0 14.5 
15.0 16.0 19.2 22.2 16.8 15.0 15.2 14.8 
15.5 16.2 20.2 20.2 16.8 15.5 15.2 15.5 
15.0 17.0 21.2 18.0 16.0 15.0 15.2 14.8 
15.8 16.0 17.8 18.0 15.8 15.0 15.2 15.5 
15.5 16.2 16.0 15.8 15.0 15.0 16.0 15.0 


# DIFF
#  1  1  0  0  0  0  0  0
#  1  2  1  2  1  1  1  0
#  1  0  2  4  2  1  1  0
#  1  2  5  8  2  1  1  0
#  1  2  6  6  2  1  1  1
#  1  3  7  4  2  1  1  0
#  2  2  4  4  2  1  1  1
#  1  2  2  2  1  1  2  1
