# TS_TEXT=2019-08-27-16:45:52
# TS_SECS=1566920752.15
# HOST=centre-node
# PERCENTILE_10=14.8
# PERCENTILE_90=18.1
# MIN_PIXEL=14.0
# MEDIAN_PIXEL=15.2
# MAX_PIXEL=22.0

# IMAGE
15.0 15.0 14.8 15.5 14.5 15.2 14.8 14.2 
14.8 15.2 15.0 16.0 15.2 15.0 14.5 14.2 
15.2 15.5 16.2 18.2 15.8 14.8 15.0 14.0 
15.8 16.2 19.2 22.0 17.2 15.5 15.0 14.8 
15.8 17.0 20.5 21.5 17.8 15.5 15.0 15.2 
15.0 17.5 19.8 18.2 16.2 15.8 15.2 14.8 
16.2 16.0 16.8 16.2 16.0 15.2 15.2 14.8 
15.0 16.0 16.2 15.2 15.5 15.0 15.2 14.8 


# DIFF
#  1  1  1  2  0  1  1  0
#  1  1  1  2  1  1  0  0
#  1  2  2  4  2  1  1  0
#  2  2  5  8  3  2  1  1
#  2  3  6  8  4  2  1  1
#  1  4  6  4  2  2  1  1
#  2  2  3  2  2  1  1  1
#  1  2  2  1  2  1  1  1
