# TS_TEXT=2019-08-27-16:50:36
# TS_SECS=1566921036.26
# HOST=centre-node
# PERCENTILE_10=14.1
# PERCENTILE_90=17.7
# MIN_PIXEL=13.2
# MEDIAN_PIXEL=14.8
# MAX_PIXEL=20.2

# IMAGE
14.8 13.5 14.2 14.5 14.2 14.2 14.0 13.8 
15.0 14.2 14.2 14.8 14.5 14.8 14.5 13.2 
14.5 14.0 15.0 14.8 14.8 14.2 14.8 14.0 
14.8 15.2 16.5 18.0 17.5 16.0 14.2 14.5 
15.0 16.2 19.5 20.2 19.8 16.2 14.8 14.2 
15.0 15.5 18.5 19.5 17.8 15.5 15.2 15.0 
15.0 14.8 15.2 15.8 15.2 14.8 14.8 14.0 
15.0 15.0 15.0 15.2 15.0 15.0 14.8 14.5 


# DIFF
#  2  0  1  1  1  1  1  0
#  2  1  1  2  1  2  1  0
#  1  1  2  2  2  1  2  1
#  2  2  3  5  4  3  1  1
#  2  3  6  7  6  3  2  1
#  2  2  5  6  4  2  2  2
#  2  2  2  2  2  2  2  1
#  2  2  2  2  2  2  2  1
