# TS_TEXT=2019-08-27-16:49:09
# TS_SECS=1566920949.93
# HOST=centre-node
# PERCENTILE_10=14.2
# PERCENTILE_90=17.5
# MIN_PIXEL=13.8
# MEDIAN_PIXEL=15.0
# MAX_PIXEL=21.0

# IMAGE
14.5 14.8 15.0 15.0 14.0 14.2 13.8 14.8 
14.5 14.8 15.2 15.2 14.8 14.8 14.2 13.8 
14.2 14.5 16.0 16.8 15.5 15.0 14.8 14.0 
15.8 15.8 18.5 21.0 18.2 15.0 15.0 14.5 
14.5 15.8 17.0 19.8 20.2 15.0 14.2 15.0 
15.5 15.5 16.5 20.0 17.8 15.8 15.5 14.8 
15.5 15.2 16.0 17.0 15.8 15.0 14.5 14.8 
15.2 15.8 15.5 15.5 15.5 14.8 15.0 14.8 


# DIFF
#  1  1  1  1  0  0  0  1
#  1  1  2  2  1  1  0  0
#  0  1  2  3  2  1  1  0
#  2  2  5  7  4  1  1  1
#  1  2  3  6  6  1  0  1
#  2  2  3  6  4  2  2  1
#  2  2  2  3  2  1  1  1
#  2  2  2  2  2  1  1  1
