# TS_TEXT=2019-08-27-16:50:32
# TS_SECS=1566921032.24
# HOST=centre-node
# PERCENTILE_10=14.2
# PERCENTILE_90=17.7
# MIN_PIXEL=13.5
# MEDIAN_PIXEL=15.2
# MAX_PIXEL=20.5

# IMAGE
15.0 14.8 14.5 14.5 14.5 14.0 14.2 14.2 
14.5 15.0 14.5 15.2 14.2 14.8 14.8 13.5 
14.8 14.8 15.5 15.5 15.8 14.8 14.8 13.8 
15.5 15.8 16.8 17.5 16.5 15.8 15.2 14.2 
15.0 16.5 20.2 20.2 20.0 17.8 15.0 15.2 
15.5 15.8 18.5 20.5 18.0 15.5 15.5 14.5 
15.5 14.8 15.2 16.0 15.5 15.2 14.5 14.2 
15.0 16.0 15.8 15.5 15.2 14.8 15.2 14.5 


# DIFF
#  2  1  1  1  1  0  1  1
#  1  2  1  2  1  1  1  0
#  1  1  2  2  2  1  1  0
#  2  2  3  4  3  2  2  1
#  2  3  7  7  6  4  2  2
#  2  2  5  7  4  2  2  1
#  2  1  2  2  2  2  1  1
#  2  2  2  2  2  1  2  1
