# TS_TEXT=2019-08-27-16:49:33
# TS_SECS=1566920973.02
# HOST=centre-node
# PERCENTILE_10=14.6
# PERCENTILE_90=18.5
# MIN_PIXEL=14.0
# MEDIAN_PIXEL=15.2
# MAX_PIXEL=21.0

# IMAGE
15.8 15.0 14.8 15.0 14.5 14.5 14.8 14.2 
15.2 15.0 14.8 15.5 14.8 15.2 14.8 14.2 
15.2 14.5 15.8 16.5 15.5 14.8 15.0 14.0 
15.2 15.8 19.2 21.0 17.2 15.2 15.0 14.8 
16.0 16.8 21.0 20.8 19.5 15.5 14.2 15.2 
16.0 15.8 16.8 19.0 20.2 16.8 15.2 15.2 
16.2 14.8 15.2 16.0 15.8 15.5 15.0 15.2 
16.0 15.5 16.2 15.5 15.0 15.8 15.5 15.2 


# DIFF
#  2  1  1  1  0  0  1  0
#  1  1  1  2  1  1  1  0
#  1  0  2  2  2  1  1  0
#  1  2  5  7  3  1  1  1
#  2  3  7  7  6  2  0  1
#  2  2  3  5  6  3  1  1
#  2  1  1  2  2  2  1  1
#  2  2  2  2  1  2  2  1
