# TS_TEXT=2019-08-27-16:47:25
# TS_SECS=1566920845.53
# HOST=centre-node
# PERCENTILE_10=15.0
# PERCENTILE_90=18.8
# MIN_PIXEL=14.8
# MEDIAN_PIXEL=16.0
# MAX_PIXEL=22.0

# IMAGE
14.8 15.0 14.8 15.5 15.5 15.5 14.8 14.8 
16.0 15.5 16.2 17.0 15.8 15.8 14.8 14.8 
16.0 15.5 17.0 19.2 18.2 16.0 16.2 15.0 
16.0 16.5 18.8 21.5 20.2 16.2 15.2 15.0 
15.8 16.8 21.2 21.8 18.2 16.2 15.2 15.5 
15.5 16.5 18.2 22.0 18.8 16.0 16.0 15.2 
16.0 15.5 16.2 17.2 16.8 15.8 15.5 15.0 
15.5 16.5 16.2 16.2 16.2 15.2 16.0 15.2 


# DIFF
#  0  0  0  1  1  1  0  0
#  1  1  2  2  1  1  0  0
#  1  1  2  4  4  1  2  0
#  1  2  4  7  6  2  0  0
#  1  2  6  7  4  2  0  1
#  1  2  4  7  4  1  1  0
#  1  1  2  2  2  1  1  0
#  1  2  2  2  2  0  1  0
