# TS_TEXT=2019-08-27-16:51:46
# TS_SECS=1566921106.79
# HOST=centre-node
# PERCENTILE_10=12.8
# PERCENTILE_90=16.9
# MIN_PIXEL=12.5
# MEDIAN_PIXEL=13.5
# MAX_PIXEL=19.5

# IMAGE
13.2 13.0 13.2 13.5 13.0 12.8 13.0 12.8 
13.5 13.0 13.0 13.8 13.0 14.0 12.8 12.8 
13.5 13.2 14.0 14.2 16.5 14.8 13.0 12.5 
14.0 14.5 15.0 17.0 18.8 13.8 13.2 12.8 
13.8 14.5 18.0 19.5 18.2 13.8 13.0 13.2 
13.8 15.2 17.2 17.5 14.2 13.5 13.5 12.8 
14.2 13.2 15.0 14.0 13.8 13.0 13.2 13.0 
13.5 13.8 14.0 13.5 13.5 13.5 13.8 13.0 


# DIFF
#  1  0  1  1  0  0  0  0
#  1  0  0  1  0  2  0  0
#  1  1  2  2  4  2  0  0
#  2  2  2  4  6  1  1  0
#  1  2  6  7  6  1  0  1
#  1  3  5  5  2  1  1  0
#  2  1  2  2  1  0  1  0
#  1  1  2  1  1  1  1  0
