# TS_TEXT=2019-08-27-16:49:02
# TS_SECS=1566920942.91
# HOST=centre-node
# PERCENTILE_10=14.5
# PERCENTILE_90=17.9
# MIN_PIXEL=14.2
# MEDIAN_PIXEL=15.0
# MAX_PIXEL=21.5

# IMAGE
15.2 14.2 14.8 15.0 14.5 14.5 14.5 14.2 
15.0 14.5 15.0 15.8 14.5 15.0 14.2 14.2 
15.0 15.2 15.5 15.8 15.5 15.0 14.8 14.5 
15.0 16.0 18.8 21.5 17.8 14.5 14.8 14.8 
15.2 15.5 18.0 21.5 19.2 15.5 14.5 15.0 
15.0 16.0 20.2 19.8 16.8 15.0 14.8 14.8 
15.2 15.2 17.0 16.8 15.2 15.0 14.8 15.0 
15.5 15.8 16.0 15.5 15.5 15.2 14.8 14.5 


# DIFF
#  1  0  0  1  0  0  0  0
#  1  0  1  2  0  1  0  0
#  1  1  1  2  1  1  0  0
#  1  2  4  7  4  0  0  0
#  1  1  4  7  5  1  0  1
#  1  2  6  6  2  1  0  0
#  1  1  3  2  1  1  0  1
#  1  2  2  1  1  1  0  0
