# TS_TEXT=2019-08-27-16:45:39
# TS_SECS=1566920739.06
# HOST=centre-node
# PERCENTILE_10=15.2
# PERCENTILE_90=18.4
# MIN_PIXEL=15.0
# MEDIAN_PIXEL=15.9
# MAX_PIXEL=23.0

# IMAGE
15.0 15.5 15.5 15.2 15.8 15.5 15.0 15.2 
15.2 15.8 15.2 16.0 15.5 15.8 15.0 15.0 
15.8 15.0 16.0 16.0 16.0 15.8 15.5 15.2 
16.0 16.2 16.2 18.5 20.0 17.2 16.5 15.5 
15.8 17.8 19.8 22.0 23.0 17.2 15.8 15.8 
15.8 17.0 20.2 19.2 18.2 16.5 16.5 15.5 
16.2 16.0 16.5 16.5 16.2 15.8 15.8 16.0 
15.5 15.8 15.5 16.0 16.0 16.2 16.2 15.5 


# DIFF
#  0  0  0  0  1  0  0  0
#  0  1  0  1  0  1  0  0
#  1  0  1  1  1  1  0  0
#  1  1  1  4  5  2  2  0
#  1  3  5  7  8  2  1  1
#  1  2  5  4  3  2  2  0
#  1  1  2  2  1  1  1  1
#  0  1  0  1  1  1  1  0
