# TS_TEXT=2019-08-27-16:50:33
# TS_SECS=1566921033.25
# HOST=centre-node
# PERCENTILE_10=14.2
# PERCENTILE_90=17.4
# MIN_PIXEL=13.8
# MEDIAN_PIXEL=15.0
# MAX_PIXEL=20.5

# IMAGE
14.2 14.2 14.2 14.8 14.2 14.5 14.5 13.8 
14.0 14.8 14.5 15.0 15.0 14.5 15.0 13.8 
14.2 14.2 15.2 15.5 15.0 15.0 14.8 13.8 
14.8 15.2 16.2 17.5 17.2 16.0 15.2 14.8 
14.8 15.8 19.2 20.2 19.8 16.2 15.0 14.8 
14.8 16.0 20.5 20.5 18.0 15.2 15.5 14.8 
15.2 15.2 16.2 16.0 15.5 15.2 14.5 14.8 
14.8 15.5 15.2 15.5 15.0 14.8 15.2 14.5 


# DIFF
#  0  0  0  1  0  1  1  0
#  0  1  1  1  1  1  1  0
#  0  0  2  2  1  1  1  0
#  1  2  2  4  4  2  2  1
#  1  2  6  6  6  2  1  1
#  1  2  7  7  4  2  2  1
#  2  2  2  2  2  2  1  1
#  1  2  2  2  1  1  2  1
