# TS_TEXT=2019-08-27-16:46:54
# TS_SECS=1566920814.41
# HOST=centre-node
# PERCENTILE_10=14.5
# PERCENTILE_90=18.2
# MIN_PIXEL=14.2
# MEDIAN_PIXEL=15.5
# MAX_PIXEL=22.0

# IMAGE
15.0 15.2 14.8 14.8 14.2 14.8 14.5 14.5 
15.0 14.5 14.8 15.8 15.0 15.2 14.2 14.2 
15.2 15.5 16.0 16.0 15.8 15.0 15.2 14.2 
16.0 16.5 19.5 20.5 19.8 18.0 16.2 14.5 
15.2 17.2 22.0 20.8 20.5 18.0 15.2 15.5 
15.8 16.2 18.2 16.8 17.8 16.0 15.2 15.0 
16.2 15.5 15.5 15.8 15.5 15.5 14.8 15.0 
14.8 15.0 15.5 16.0 16.2 14.8 16.0 14.5 


# DIFF
#  1  1  0  0  0  0  0  0
#  1  0  0  2  1  1  0  0
#  1  1  2  2  2  1  1  0
#  2  2  5  6  6  4  2  0
#  1  3  8  6  6  4  1  1
#  2  2  4  2  4  2  1  1
#  2  1  1  2  1  1  0  1
#  0  1  1  2  2  0  2  0
