# TS_TEXT=2019-08-27-16:52:02
# TS_SECS=1566921122.90
# HOST=centre-node
# PERCENTILE_10=13.8
# PERCENTILE_90=17.4
# MIN_PIXEL=13.2
# MEDIAN_PIXEL=14.5
# MAX_PIXEL=21.0

# IMAGE
14.0 13.8 14.0 14.0 13.5 14.5 14.0 14.0 
14.8 14.2 14.0 15.2 13.8 14.2 13.8 13.2 
13.8 14.0 15.0 17.5 15.0 14.0 14.5 13.5 
14.2 14.5 17.8 19.5 16.5 14.0 14.2 13.8 
14.8 15.0 18.8 19.8 17.5 14.5 14.0 14.2 
14.5 15.0 16.8 21.0 16.5 14.8 14.5 14.0 
14.8 15.0 15.5 17.2 15.0 14.5 14.0 13.8 
14.2 15.0 14.8 14.2 14.5 14.2 14.0 14.0 


# DIFF
#  1  0  1  1  0  1  1  1
#  2  1  1  2  0  1  0  0
#  0  1  2  4  2  1  1  0
#  1  1  4  6  3  1  1  0
#  2  2  6  6  4  1  1  1
#  1  2  4  8  3  2  1  1
#  2  2  2  4  2  1  1  0
#  1  2  2  1  1  1  1  1
