# TS_TEXT=2019-08-27-16:46:14
# TS_SECS=1566920774.26
# HOST=centre-node
# PERCENTILE_10=14.5
# PERCENTILE_90=17.7
# MIN_PIXEL=14.2
# MEDIAN_PIXEL=15.2
# MAX_PIXEL=21.5

# IMAGE
14.5 14.8 15.0 14.5 14.8 14.5 14.8 14.5 
15.0 15.2 14.5 15.2 14.8 14.8 14.8 14.2 
15.2 15.0 18.2 17.0 15.8 14.8 15.2 14.5 
15.5 16.2 19.8 21.5 17.0 15.5 15.2 14.8 
15.0 17.5 21.2 20.5 17.2 15.5 14.8 15.0 
15.8 17.5 20.8 17.8 16.0 15.5 15.8 15.0 
15.8 15.5 16.5 16.5 15.8 15.2 14.8 15.2 
15.0 15.8 15.8 15.2 15.0 15.2 15.0 14.2 


# DIFF
#  0  0  1  0  0  0  0  0
#  1  1  0  1  0  0  0  0
#  1  1  4  3  2  0  1  0
#  1  2  6  7  3  1  1  0
#  1  3  7  6  3  1  0  1
#  2  3  6  4  2  1  2  1
#  2  1  2  2  2  1  0  1
#  1  2  2  1  1  1  1  0
