# TS_TEXT=2019-08-27-16:48:57
# TS_SECS=1566920937.89
# HOST=centre-node
# PERCENTILE_10=14.6
# PERCENTILE_90=18.2
# MIN_PIXEL=13.8
# MEDIAN_PIXEL=15.2
# MAX_PIXEL=22.0

# IMAGE
15.0 14.2 15.2 15.2 14.8 14.5 14.5 14.5 
15.0 14.8 15.0 15.5 14.8 15.0 13.8 14.2 
15.0 15.5 15.8 16.8 15.8 15.0 15.2 13.8 
15.8 15.8 18.8 22.0 18.0 15.0 15.0 14.8 
15.2 16.5 18.2 21.8 19.8 15.5 14.8 14.8 
15.5 16.5 20.2 20.2 16.8 15.2 15.2 14.8 
16.0 15.8 17.8 16.8 16.0 15.2 15.0 15.0 
15.5 16.2 16.2 15.2 15.0 15.0 15.8 15.2 


# DIFF
#  1  0  2  2  1  1  1  1
#  1  1  1  2  1  1  0  0
#  1  2  2  3  2  1  2  0
#  2  2  5  8  4  1  1  1
#  2  3  4  8  6  2  1  1
#  2  3  6  6  3  2  2  1
#  2  2  4  3  2  2  1  1
#  2  2  2  2  1  1  2  2
