# TS_TEXT=2019-08-27-16:48:05
# TS_SECS=1566920885.69
# HOST=centre-node
# PERCENTILE_10=14.0
# PERCENTILE_90=17.7
# MIN_PIXEL=13.5
# MEDIAN_PIXEL=14.5
# MAX_PIXEL=21.5

# IMAGE
14.2 14.2 14.8 14.5 14.0 14.2 13.5 14.0 
15.0 14.2 14.2 15.0 14.2 14.0 13.5 13.5 
14.8 15.8 17.2 17.8 15.0 14.0 14.5 13.5 
15.0 15.2 19.0 20.0 16.0 15.0 14.2 13.8 
14.2 15.2 17.8 21.5 20.2 15.5 14.0 14.5 
14.2 14.2 16.0 19.2 17.5 15.0 14.0 14.2 
14.5 14.2 15.0 15.2 15.0 14.5 14.5 14.0 
14.2 14.0 14.8 15.0 14.2 14.5 14.2 13.5 


# DIFF
#  1  1  1  1  0  1  0  0
#  2  1  1  2  1  0  0  0
#  1  2  4  4  2  0  1  0
#  2  2  6  6  2  2  1  0
#  1  2  4  8  7  2  0  1
#  1  1  2  6  4  2  0  1
#  1  1  2  2  2  1  1  0
#  1  0  1  2  1  1  1  0
