# TS_TEXT=2019-08-27-16:52:38
# TS_SECS=1566921158.13
# HOST=centre-node
# PERCENTILE_10=14.0
# PERCENTILE_90=17.5
# MIN_PIXEL=13.5
# MEDIAN_PIXEL=14.8
# MAX_PIXEL=20.5

# IMAGE
14.2 13.5 14.0 14.5 14.5 14.0 14.2 14.0 
14.8 14.2 14.2 15.5 15.5 14.2 13.8 13.5 
13.8 14.2 15.2 16.5 17.8 14.8 14.5 14.0 
14.8 14.8 15.5 18.2 18.2 15.0 14.8 14.5 
15.0 15.0 16.2 19.8 19.2 17.0 14.2 14.5 
14.2 15.0 16.0 20.0 20.5 15.8 15.0 14.8 
15.2 14.5 15.2 16.5 16.8 14.8 14.8 14.2 
15.0 15.5 14.8 15.0 14.8 15.0 15.0 14.0 


# DIFF
#  1  0  0  1  1  0  1  0
#  1  1  1  2  2  1  0  0
#  0  1  2  3  4  1  1  0
#  1  1  2  5  5  2  1  1
#  2  2  3  6  6  4  1  1
#  1  2  2  6  7  2  2  1
#  2  1  2  3  3  1  1  1
#  2  2  1  2  1  2  2  0
