# TS_TEXT=2019-08-27-16:48:08
# TS_SECS=1566920888.70
# HOST=centre-node
# PERCENTILE_10=14.2
# PERCENTILE_90=18.2
# MIN_PIXEL=13.8
# MEDIAN_PIXEL=14.8
# MAX_PIXEL=21.2

# IMAGE
14.2 14.8 14.5 14.5 14.0 14.5 14.0 14.5 
15.5 14.5 15.0 15.0 14.2 14.5 14.0 13.8 
15.2 15.0 18.0 17.2 15.2 14.8 14.2 14.0 
15.2 17.2 20.0 18.2 16.2 14.8 14.5 14.5 
14.5 15.8 19.0 21.2 20.5 15.8 14.0 14.8 
14.8 15.0 16.2 19.2 18.5 15.0 14.5 14.2 
15.0 14.2 15.0 15.2 15.2 15.2 14.8 14.2 
14.2 15.0 15.0 14.8 14.8 14.8 14.5 14.2 


# DIFF
#  0  1  1  1  0  1  0  1
#  2  1  1  1  0  1  0  0
#  2  1  4  4  2  1  0  0
#  2  4  6  4  2  1  1  1
#  1  2  5  8  7  2  0  1
#  1  1  2  6  5  1  1  0
#  1  0  1  2  2  2  1  0
#  0  1  1  1  1  1  1  0
