# TS_TEXT=2019-08-18-23:19:01
# TS_SECS=1566166741.11
# HOST=centre-node
# PERCENTILE_10=13.2
# PERCENTILE_90=14.2
# MIN_PIXEL=12.5
# MEDIAN_PIXEL=13.8
# MAX_PIXEL=14.8

# IMAGE
13.5 13.8 13.5 13.5 13.2 13.8 13.2 14.0 
13.2 13.2 13.5 14.2 13.8 13.5 13.2 13.5 
13.8 13.2 13.8 14.0 13.8 13.8 13.8 12.5 
14.2 13.8 13.5 13.2 13.8 13.8 13.5 13.5 
14.0 13.8 14.2 13.8 13.8 13.8 13.5 13.8 
13.8 14.2 13.8 14.2 14.0 13.8 14.2 13.5 
14.2 14.2 14.2 14.2 14.0 13.8 13.2 13.5 
14.0 14.8 14.8 13.8 14.0 14.0 14.2 14.0 


# DIFF
#  1  1  1  1  1  1  1  2
#  1  1  1  2  1  1  1  1
#  1  1  1  2  1  1  1  0
#  2  1  1  1  1  1  1  1
#  2  1  2  1  1  1  1  1
#  1  2  1  2  2  1  2  1
#  2  2  2  2  2  1  1  1
#  2  2  2  1  2  2  2  2
