# TS_TEXT=2019-08-19-08:21:52
# TS_SECS=1566199312.44
# HOST=centre-node
# PERCENTILE_10=13.8
# PERCENTILE_90=15.5
# MIN_PIXEL=13.0
# MEDIAN_PIXEL=14.2
# MAX_PIXEL=19.2

# IMAGE
15.5 14.5 14.0 14.2 14.0 14.0 14.0 14.2 
15.5 14.2 13.8 14.8 14.0 13.8 13.5 13.0 
14.8 14.5 14.8 14.2 14.2 13.8 14.2 13.8 
19.2 16.0 15.0 14.2 14.5 14.2 14.2 14.0 
19.0 15.8 14.8 14.2 14.2 14.0 14.0 13.8 
19.0 15.5 14.8 14.2 14.2 13.8 14.5 14.2 
16.0 14.0 14.5 14.0 14.0 14.2 14.2 14.0 
14.5 15.0 14.5 14.5 14.0 14.0 14.8 14.0 


# DIFF
#  2  2  1  1  1  1  1  1
#  2  1  1  2  1  1  0  0
#  2  2  2  1  1  1  1  1
#  6  3  2  1  2  1  1  1
#  6  3  2  1  1  1  1  1
#  6  2  2  1  1  1  2  1
#  3  1  2  1  1  1  1  1
#  2  2  2  2  1  1  2  1
