# TS_TEXT=2019-08-19-08:21:59
# TS_SECS=1566199319.46
# HOST=centre-node
# PERCENTILE_10=13.8
# PERCENTILE_90=15.3
# MIN_PIXEL=13.2
# MEDIAN_PIXEL=14.2
# MAX_PIXEL=19.8

# IMAGE
15.5 14.5 14.2 14.0 13.8 13.5 13.8 14.0 
14.5 14.0 13.5 14.2 13.8 14.0 13.2 14.0 
14.5 14.0 14.5 14.0 14.2 13.8 14.0 14.5 
14.0 14.5 14.2 14.0 14.0 14.8 17.8 19.0 
14.2 14.2 14.2 14.2 14.2 16.8 18.8 19.8 
14.2 14.2 14.0 14.0 14.2 14.2 14.8 15.5 
14.0 13.8 14.2 14.5 13.8 13.8 14.0 14.2 
14.8 14.5 14.5 14.2 13.8 14.0 14.8 14.5 


# DIFF
#  2  1  1  1  0  0  0  1
#  1  1  0  1  0  1  0  1
#  1  1  1  1  1  0  1  1
#  1  1  1  1  1  2  4  6
#  1  1  1  1  1  4  6  6
#  1  1  1  1  1  1  2  2
#  1  0  1  1  0  0  1  1
#  2  1  1  1  0  1  2  1
