# TS_TEXT=2019-08-19-08:22:04
# TS_SECS=1566199324.47
# HOST=centre-node
# PERCENTILE_10=13.8
# PERCENTILE_90=19.9
# MIN_PIXEL=13.2
# MEDIAN_PIXEL=14.5
# MAX_PIXEL=23.8

# IMAGE
16.0 14.8 14.0 14.0 13.2 14.2 13.5 14.0 
15.5 13.8 13.8 14.2 14.0 13.8 13.5 13.5 
14.8 13.8 14.5 14.2 14.5 13.8 14.5 13.5 
14.2 14.8 14.2 14.0 14.2 14.0 14.5 14.0 
14.0 14.2 14.5 14.2 15.5 17.5 18.2 16.8 
14.5 14.2 14.2 15.0 19.0 20.0 20.8 19.5 
14.5 14.2 14.0 15.2 21.0 21.5 23.8 21.8 
14.8 14.8 15.0 14.8 18.0 19.0 21.2 18.5 


# DIFF
#  3  2  1  1  0  1  0  1
#  2  0  0  1  1  0  0  0
#  2  0  1  1  1  0  1  0
#  1  2  1  1  1  1  1  1
#  1  1  1  1  2  4  5  4
#  1  1  1  2  6  7  8  6
#  1  1  1  2  8  8 10  8
#  2  2  2  2  5  6  8  5
