# TS_TEXT=2019-08-18-23:12:05
# TS_SECS=1566166325.29
# HOST=aft-node
# PERCENTILE_10=14.2
# PERCENTILE_90=16.8
# MIN_PIXEL=14.0
# MEDIAN_PIXEL=15.0
# MAX_PIXEL=20.0

# IMAGE
19.0 14.8 15.2 15.8 15.0 15.0 14.8 14.5 
16.8 15.2 15.0 15.2 15.2 14.8 14.5 14.5 
14.2 14.5 14.5 15.2 14.5 14.8 14.5 14.8 
15.0 14.5 15.2 14.8 15.0 14.5 14.5 14.2 
15.2 15.0 15.2 15.0 14.2 14.2 14.8 14.8 
16.8 17.5 16.0 14.5 14.0 14.8 14.2 14.2 
19.8 17.8 15.0 15.2 14.5 15.0 14.8 15.0 
20.0 18.5 15.0 16.2 16.0 15.2 14.2 14.8 


# DIFF
#  5  1  1  2  1  1  1  0
#  3  1  1  1  1  1  0  0
#  0  0  0  1  0  1  0  1
#  1  0  1  1  1  0  0  0
#  1  1  1  1  0  0  1  1
#  3  4  2  0  0  1  0  0
#  6  4  1  1  0  1  1  1
#  6  4  1  2  2  1  0  1
