# TS_TEXT=2019-08-27-13:22:56
# TS_SECS=1566908576.25
# HOST=starboard-node
# PERCENTILE_10=16.2
# PERCENTILE_90=18.8
# MIN_PIXEL=15.8
# MEDIAN_PIXEL=16.8
# MAX_PIXEL=24.8

# IMAGE
16.2 16.2 17.0 16.8 17.5 17.8 16.2 16.0 
16.5 16.2 17.2 20.0 19.0 17.5 17.0 16.5 
16.0 16.5 17.8 24.8 23.8 17.2 16.8 16.5 
16.2 16.5 17.2 22.2 24.2 18.2 16.8 17.0 
16.2 16.5 16.8 18.2 19.2 16.8 17.5 16.8 
16.0 16.5 16.5 17.0 17.0 17.0 17.0 16.8 
16.0 16.5 16.2 16.8 16.8 16.5 16.8 16.2 
15.8 16.2 16.2 16.0 16.2 16.8 16.8 17.5 


# DIFF
#  0  0  1  1  2  2  0  0
#  1  0  2  4  3  2  1  1
#  0  1  2  9  8  2  1  1
#  0  1  2  6  8  2  1  1
#  0  1  1  2  4  1  2  1
#  0  1  1  1  1  1  1  1
#  0  1  0  1  1  1  1  0
#  0  0  0  0  0  1  1  2
