# TS_TEXT=2019-08-27-13:25:27
# TS_SECS=1566908727.94
# HOST=starboard-node
# PERCENTILE_10=15.0
# PERCENTILE_90=17.2
# MIN_PIXEL=13.8
# MEDIAN_PIXEL=15.5
# MAX_PIXEL=23.5

# IMAGE
14.8 15.5 15.0 15.2 15.2 15.0 14.8 13.8 
14.2 15.2 15.5 15.2 15.5 15.0 15.0 14.8 
15.5 15.5 16.0 16.0 15.5 15.0 15.2 15.0 
15.8 17.2 20.8 18.2 15.8 15.8 15.2 15.5 
17.2 23.5 23.2 17.2 15.2 15.2 16.0 15.2 
16.5 21.2 17.5 15.8 15.2 15.2 15.8 15.5 
16.0 16.0 15.8 15.2 15.5 15.2 15.2 14.8 
15.0 15.5 15.5 15.2 15.2 15.5 15.8 15.5 


# DIFF
#  1  2  1  2  2  1  1  0
#  0  2  2  2  2  1  1  1
#  2  2  2  2  2  1  2  1
#  2  4  7  4  2  2  2  2
#  4 10 10  4  2  2  2  2
#  3  8  4  2  2  2  2  2
#  2  2  2  2  2  2  2  1
#  1  2  2  2  2  2  2  2
