# TS_TEXT=2019-08-27-13:23:30
# TS_SECS=1566908610.39
# HOST=starboard-node
# PERCENTILE_10=15.8
# PERCENTILE_90=18.9
# MIN_PIXEL=15.5
# MEDIAN_PIXEL=16.2
# MAX_PIXEL=24.8

# IMAGE
17.0 17.8 19.0 18.5 16.5 16.2 15.8 15.8 
16.5 19.5 24.8 23.5 17.8 16.5 16.5 16.0 
16.8 20.2 22.8 21.2 18.0 16.0 16.5 16.2 
16.5 16.2 18.0 17.2 16.8 16.8 16.5 16.5 
16.0 16.2 16.0 16.2 15.8 16.5 16.8 15.5 
15.5 16.0 16.2 16.0 15.8 16.2 16.2 15.8 
16.0 15.5 16.2 16.2 16.2 15.8 16.5 15.8 
16.0 15.8 15.8 16.2 16.0 16.8 16.2 16.0 


# DIFF
#  2  2  4  3  1  1  0  0
#  1  4  9  8  2  1  1  0
#  1  5  7  6  2  0  1  1
#  1  1  2  2  1  1  1  1
#  0  1  0  1  0  1  1  0
#  0  0  1  0  0  1  1  0
#  0  0  1  1  1  0  1  0
#  0  0  0  1  0  1  1  0
