# TS_TEXT=2019-08-27-13:22:19
# TS_SECS=1566908539.10
# HOST=starboard-node
# PERCENTILE_10=16.2
# PERCENTILE_90=19.0
# MIN_PIXEL=15.5
# MEDIAN_PIXEL=16.5
# MAX_PIXEL=24.5

# IMAGE
16.2 16.8 16.2 17.2 16.8 17.2 16.5 15.5 
15.5 16.0 17.0 17.8 18.2 17.8 16.8 16.5 
16.2 16.5 18.0 23.5 24.0 19.2 17.0 16.5 
16.2 16.2 17.2 22.8 24.5 19.5 16.8 16.5 
16.2 16.5 16.8 17.8 20.5 18.2 17.2 16.2 
16.2 16.2 16.5 17.0 17.0 16.8 16.8 16.8 
16.5 16.0 16.2 16.5 16.5 16.5 16.5 16.2 
16.8 16.2 16.2 16.2 16.5 16.5 16.8 16.5 


# DIFF
#  1  1  1  2  1  2  1  0
#  0  0  2  2  3  2  1  1
#  1  1  2  8  8  4  2  1
#  1  1  2  7  9  4  1  1
#  1  1  1  2  5  3  2  1
#  1  1  1  2  2  1  1  1
#  1  0  1  1  1  1  1  1
#  1  1  1  1  1  1  1  1
