# TS_TEXT=2019-08-27-13:23:43
# TS_SECS=1566908623.44
# HOST=starboard-node
# PERCENTILE_10=16.1
# PERCENTILE_90=19.2
# MIN_PIXEL=15.5
# MEDIAN_PIXEL=16.8
# MAX_PIXEL=24.8

# IMAGE
16.0 17.5 16.5 17.8 17.0 17.0 16.8 16.0 
16.5 17.0 18.2 21.0 17.5 17.2 16.8 16.2 
16.5 17.8 24.0 24.8 19.2 16.5 16.8 16.2 
16.5 17.0 19.5 24.5 21.0 17.5 16.5 16.8 
16.0 16.2 16.5 19.0 17.8 17.0 17.0 16.5 
16.2 16.0 16.8 17.2 16.8 17.0 17.2 16.5 
16.0 16.0 16.8 16.8 17.0 16.5 16.5 16.5 
15.5 16.5 16.2 16.8 16.8 16.8 16.2 16.8 


# DIFF
#  0  2  1  2  2  2  1  0
#  1  2  3  6  2  2  1  1
#  1  2  8  9  4  1  1  1
#  1  2  4  9  6  2  1  1
#  0  1  1  4  2  2  2  1
#  1  0  1  2  1  2  2  1
#  0  0  1  1  2  1  1  1
#  0  1  1  1  1  1  1  1
