# TS_TEXT=2019-08-27-13:23:40
# TS_SECS=1566908620.43
# HOST=starboard-node
# PERCENTILE_10=16.0
# PERCENTILE_90=19.4
# MIN_PIXEL=15.5
# MEDIAN_PIXEL=16.8
# MAX_PIXEL=26.0

# IMAGE
16.0 17.0 16.0 16.8 16.5 16.8 16.2 15.5 
16.2 16.0 17.8 17.5 17.0 16.8 17.0 16.0 
16.2 17.5 20.5 23.2 18.0 17.0 16.5 16.5 
16.5 17.0 20.0 26.0 22.0 17.8 16.2 16.5 
16.2 16.5 17.8 21.2 21.5 17.5 17.0 16.2 
16.8 16.5 16.8 17.2 17.2 17.0 17.0 17.0 
16.0 16.2 16.8 17.0 16.5 16.8 16.8 16.0 
16.0 15.8 15.8 16.5 16.5 16.2 16.5 16.8 


# DIFF
#  0  2  0  1  1  1  1  0
#  1  0  2  2  2  1  2  0
#  1  2  5  8  2  2  1  1
#  1  2  4 10  6  2  1  1
#  1  1  2  6  6  2  2  1
#  1  1  1  2  2  2  2  2
#  0  1  1  2  1  1  1  0
#  0  0  0  1  1  1  1  1
