# TS_TEXT=2019-08-27-13:26:25
# TS_SECS=1566908785.21
# HOST=starboard-node
# PERCENTILE_10=14.8
# PERCENTILE_90=18.0
# MIN_PIXEL=13.8
# MEDIAN_PIXEL=15.5
# MAX_PIXEL=23.8

# IMAGE
14.8 15.2 14.2 15.0 15.2 15.0 15.0 13.8 
14.8 14.8 15.0 15.2 14.8 15.8 15.0 14.8 
14.8 15.2 15.2 15.8 15.8 15.2 15.2 15.2 
14.8 15.2 15.8 17.0 19.5 16.8 16.0 15.8 
15.5 15.2 15.5 18.2 23.2 19.0 16.0 15.5 
14.8 15.8 15.5 17.2 22.8 23.8 17.2 15.8 
15.5 15.5 16.0 16.8 19.0 17.2 16.2 15.5 
16.0 15.2 15.8 15.8 16.0 16.0 15.8 16.0 


# DIFF
#  1  2  0  1  2  1  1  0
#  1  1  1  2  1  2  1  1
#  1  2  2  2  2  2  2  2
#  1  2  2  3  6  3  2  2
#  2  2  2  4 10  5  2  2
#  1  2  2  4  9 10  4  2
#  2  2  2  3  5  4  2  2
#  2  2  2  2  2  2  2  2
