# TS_TEXT=2019-08-27-13:25:55
# TS_SECS=1566908755.09
# HOST=starboard-node
# PERCENTILE_10=15.5
# PERCENTILE_90=17.8
# MIN_PIXEL=14.8
# MEDIAN_PIXEL=16.0
# MAX_PIXEL=23.8

# IMAGE
15.8 16.8 17.0 17.2 16.5 15.8 15.8 15.2 
16.5 17.0 22.8 20.0 16.2 16.0 16.2 14.8 
16.0 18.0 23.8 21.2 16.5 15.5 15.8 15.8 
16.8 17.2 22.5 19.5 16.5 16.5 16.0 16.0 
16.0 16.5 17.0 16.5 16.0 16.0 16.2 16.0 
15.8 15.5 15.5 16.2 15.8 16.0 16.0 16.2 
15.0 16.0 16.2 15.8 16.2 15.5 16.0 16.0 
15.8 15.8 15.5 16.0 15.2 16.5 16.0 15.8 


# DIFF
#  1  2  2  2  2  1  1  0
#  2  2  8  5  2  1  2  0
#  1  3  9  6  2  1  1  1
#  2  2  8  5  2  2  1  1
#  1  2  2  2  1  1  2  1
#  1  1  1  2  1  1  1  2
#  0  1  2  1  2  1  1  1
#  1  1  1  1  0  2  1  1
