# TS_TEXT=2019-08-27-13:24:56
# TS_SECS=1566908696.78
# HOST=starboard-node
# PERCENTILE_10=16.0
# PERCENTILE_90=19.3
# MIN_PIXEL=15.2
# MEDIAN_PIXEL=16.5
# MAX_PIXEL=25.2

# IMAGE
15.8 16.0 16.0 16.8 16.5 16.2 16.0 15.2 
16.0 16.2 17.0 17.5 17.5 17.2 16.8 16.0 
16.2 16.5 18.5 22.2 20.8 17.0 16.2 16.0 
16.0 16.8 18.8 25.2 25.0 19.5 16.2 16.8 
16.2 16.8 17.2 19.5 21.5 18.5 16.5 16.2 
16.2 16.2 16.0 16.8 16.8 16.8 17.0 16.5 
16.2 15.5 16.5 17.0 16.8 16.5 16.5 16.5 
16.0 16.0 16.2 15.8 16.2 16.2 16.0 16.5 


# DIFF
#  0  1  1  2  1  1  1  0
#  1  1  2  2  2  2  2  1
#  1  1  3  7  6  2  1  1
#  1  2  4 10 10  4  1  2
#  1  2  2  4  6  3  1  1
#  1  1  1  2  2  2  2  1
#  1  0  1  2  2  1  1  1
#  1  1  1  0  1  1  1  1
