# TS_TEXT=2019-08-27-13:22:54
# TS_SECS=1566908574.24
# HOST=starboard-node
# PERCENTILE_10=15.8
# PERCENTILE_90=18.1
# MIN_PIXEL=15.5
# MEDIAN_PIXEL=16.5
# MAX_PIXEL=25.8

# IMAGE
16.2 16.2 16.0 17.0 16.8 16.8 16.0 15.8 
15.5 16.0 16.8 16.8 17.0 16.5 16.5 16.0 
16.0 16.8 17.0 22.0 20.2 16.8 16.8 16.0 
16.0 16.5 18.2 25.8 23.2 17.5 16.5 16.2 
15.8 16.5 17.5 22.0 22.8 17.5 16.8 16.0 
15.5 16.2 16.8 17.5 17.8 16.8 16.8 17.0 
15.8 16.2 16.5 16.8 16.8 16.2 16.8 16.0 
15.5 16.0 16.2 15.8 16.0 16.5 16.8 16.2 


# DIFF
#  1  1  0  2  1  1  0  0
#  0  0  1  1  2  1  1  0
#  0  1  2  6  5  1  1  0
#  0  1  3 10  8  2  1  1
#  0  1  2  6  7  2  1  0
#  0  1  1  2  2  1  1  2
#  0  1  1  1  1  1  1  0
#  0  0  1  0  0  1  1  1
