# TS_TEXT=2019-08-27-13:23:57
# TS_SECS=1566908637.51
# HOST=starboard-node
# PERCENTILE_10=15.5
# PERCENTILE_90=18.3
# MIN_PIXEL=15.2
# MEDIAN_PIXEL=16.2
# MAX_PIXEL=23.0

# IMAGE
16.2 16.2 17.5 20.8 22.8 17.8 16.5 15.5 
15.5 16.2 20.2 22.8 23.0 18.5 16.2 15.8 
15.5 16.0 16.8 20.0 17.8 16.5 16.0 16.0 
15.8 16.0 16.2 17.0 16.5 16.2 15.5 16.2 
15.8 15.5 16.2 16.5 15.8 16.2 16.5 15.8 
16.0 16.0 15.8 16.0 16.2 16.2 16.5 16.0 
15.8 15.5 16.2 16.2 16.5 15.8 16.5 16.0 
15.2 15.8 15.8 15.5 15.5 16.0 16.0 16.5 


# DIFF
#  1  1  2  6  8  2  1  0
#  0  1  5  8  8  3  1  0
#  0  1  2  5  2  1  1  1
#  0  1  1  2  1  1  0  1
#  0  0  1  1  0  1  1  0
#  1  1  0  1  1  1  1  1
#  0  0  1  1  1  0  1  1
#  0  0  0  0  0  1  1  1
