# TS_TEXT=2019-08-27-13:26:24
# TS_SECS=1566908784.21
# HOST=starboard-node
# PERCENTILE_10=15.0
# PERCENTILE_90=17.8
# MIN_PIXEL=14.2
# MEDIAN_PIXEL=15.5
# MAX_PIXEL=23.0

# IMAGE
14.8 15.5 15.0 15.2 15.2 15.2 15.0 14.2 
14.8 15.2 15.2 15.0 15.2 15.8 15.0 14.5 
15.0 14.8 15.8 16.0 16.0 15.5 15.0 15.5 
15.5 15.2 15.5 17.2 20.8 16.5 15.5 15.8 
15.0 15.0 16.0 18.8 23.0 20.5 16.5 15.2 
15.0 15.5 15.8 17.2 23.0 22.2 16.5 16.2 
15.5 15.2 16.0 15.8 18.0 16.2 16.2 15.2 
15.0 15.5 15.2 15.2 15.5 16.2 15.5 15.5 


# DIFF
#  0  1  1  1  1  1  1  0
#  0  1  1  1  1  2  1  0
#  1  0  2  2  2  1  1  1
#  1  1  1  3  6  2  1  2
#  1  1  2  4  9  6  2  1
#  1  1  2  3  9  8  2  2
#  1  1  2  2  4  2  2  1
#  1  1  1  1  1  2  1  1
