# TS_TEXT=2019-08-27-13:23:34
# TS_SECS=1566908614.41
# HOST=starboard-node
# PERCENTILE_10=15.8
# PERCENTILE_90=18.8
# MIN_PIXEL=15.2
# MEDIAN_PIXEL=16.5
# MAX_PIXEL=24.8

# IMAGE
16.2 18.2 17.8 17.8 17.2 16.5 16.2 15.2 
17.2 21.0 24.8 22.5 17.2 16.2 16.2 16.0 
16.8 20.8 22.8 22.5 18.2 16.2 16.5 16.0 
16.8 16.5 18.0 19.0 17.2 16.2 16.5 16.8 
16.0 16.5 16.8 16.8 16.2 16.5 16.8 15.8 
16.0 16.2 16.2 16.5 16.2 17.0 16.8 16.8 
15.5 15.8 16.5 16.2 16.5 16.5 16.5 15.8 
15.8 16.5 15.8 15.8 16.5 16.2 16.5 16.2 


# DIFF
#  1  3  2  2  2  1  1  0
#  2  6 10  7  2  1  1  1
#  2  6  8  7  3  1  1  1
#  2  1  3  4  2  1  1  2
#  1  1  2  2  1  1  2  0
#  1  1  1  1  1  2  2  2
#  0  0  1  1  1  1  1  0
#  0  1  0  0  1  1  1  1
