# TS_TEXT=2019-08-27-13:23:44
# TS_SECS=1566908624.45
# HOST=starboard-node
# PERCENTILE_10=16.2
# PERCENTILE_90=18.8
# MIN_PIXEL=15.2
# MEDIAN_PIXEL=16.8
# MAX_PIXEL=24.5

# IMAGE
16.5 17.8 18.2 19.0 17.2 17.2 16.0 15.5 
17.2 18.2 24.5 24.0 17.5 17.2 16.5 15.8 
16.5 17.5 20.5 24.5 19.0 16.5 17.0 16.0 
16.8 17.2 17.8 21.5 17.8 16.8 16.5 17.0 
16.2 16.8 17.2 17.2 17.0 17.0 17.2 16.8 
16.2 17.2 16.2 16.8 17.2 16.8 17.0 16.8 
16.0 16.2 16.5 16.8 17.2 16.5 16.5 16.5 
15.2 16.8 16.5 16.5 16.5 16.8 16.8 16.8 


# DIFF
#  1  2  3  4  2  2  1  0
#  2  3  9  9  2  2  1  0
#  1  2  5  9  4  1  2  1
#  2  2  2  6  2  2  1  2
#  1  2  2  2  2  2  2  2
#  1  2  1  2  2  2  2  2
#  1  1  1  2  2  1  1  1
#  0  2  1  1  1  2  2  2
