# TS_TEXT=2019-08-27-13:24:09
# TS_SECS=1566908649.58
# HOST=starboard-node
# PERCENTILE_10=16.2
# PERCENTILE_90=18.2
# MIN_PIXEL=16.0
# MEDIAN_PIXEL=16.9
# MAX_PIXEL=23.8

# IMAGE
16.0 16.5 17.2 20.8 23.0 17.5 16.8 16.0 
16.5 16.5 18.2 23.8 23.8 18.0 16.8 16.0 
16.2 17.0 17.2 20.5 22.5 18.0 17.2 17.0 
17.0 16.2 17.0 17.8 17.5 17.8 17.0 16.8 
17.0 16.8 16.8 17.2 16.8 16.8 17.2 16.8 
17.0 16.2 16.8 16.8 17.0 17.0 17.0 16.5 
16.2 16.5 17.0 17.0 16.8 16.8 16.8 16.0 
16.8 16.5 17.2 16.8 17.0 16.8 16.8 16.8 


# DIFF
#  0  0  1  5  7  2  1  0
#  0  0  2  8  8  2  1  0
#  0  1  1  4  6  2  1  1
#  1  0  1  2  2  2  1  1
#  1  1  1  1  1  1  1  1
#  1  0  1  1  1  1  1  0
#  0  0  1  1  1  1  1  0
#  1  0  1  1  1  1  1  1
