# TS_TEXT=2019-08-25-12:32:21
# TS_SECS=1566732741.35
# HOST=aft-node
# PERCENTILE_10=14.8
# PERCENTILE_90=16.6
# MIN_PIXEL=14.5
# MEDIAN_PIXEL=15.2
# MAX_PIXEL=19.8

# IMAGE
15.0 15.2 16.0 15.5 15.8 15.2 15.0 14.8 
15.2 15.8 16.2 17.0 17.2 15.5 15.0 15.2 
15.5 15.5 17.0 19.2 19.8 16.2 15.0 14.8 
15.2 16.0 15.8 18.0 16.8 16.0 15.2 15.0 
15.5 15.5 15.5 15.0 15.5 15.0 15.8 14.8 
15.2 14.8 15.5 15.2 15.8 14.8 15.0 15.2 
14.5 15.0 15.0 15.0 15.5 15.2 14.5 14.8 
14.8 15.5 15.0 14.5 14.8 14.8 14.8 14.8 


# DIFF
#  0  1  2  1  1  1  0  0
#  1  1  2  2  3  1  0  1
#  1  1  2  5  5  2  0  0
#  1  2  1  4  2  2  1  0
#  1  1  1  0  1  0  1  0
#  1  0  1  1  1  0  0  1
#  0  0  0  0  1  1  0  0
#  0  1  0  0  0  0  0  0
