# TS_TEXT=2019-08-27-14:27:59
# TS_SECS=1566912479.56
# HOST=port-node
# PERCENTILE_10=15.0
# PERCENTILE_90=17.4
# MIN_PIXEL=14.2
# MEDIAN_PIXEL=15.8
# MAX_PIXEL=21.2

# IMAGE
16.0 15.5 15.5 15.5 15.8 16.2 15.2 15.0 
15.2 15.2 16.2 15.5 16.2 16.5 17.5 16.5 
15.5 15.5 15.8 16.2 17.0 18.0 21.2 17.0 
14.8 15.8 16.0 15.8 17.0 18.0 20.8 17.0 
15.2 15.2 16.0 15.5 16.0 18.0 20.0 16.0 
15.8 15.2 16.0 15.5 15.8 16.0 16.5 15.2 
15.0 15.0 15.2 15.5 15.8 16.0 15.0 14.2 
15.0 15.0 15.2 14.8 15.8 15.5 14.8 15.0 


# DIFF
#  2  1  1  1  2  2  1  1
#  1  1  2  1  2  2  3  2
#  1  1  2  2  3  4  7  3
#  0  2  2  2  3  4  6  3
#  1  1  2  1  2  4  6  2
#  2  1  2  1  2  2  2  1
#  1  1  1  1  2  2  1  0
#  1  1  1  0  2  1  0  1
