# TS_TEXT=2019-08-27-14:23:39
# TS_SECS=1566912219.48
# HOST=port-node
# PERCENTILE_10=16.2
# PERCENTILE_90=19.1
# MIN_PIXEL=15.5
# MEDIAN_PIXEL=17.0
# MAX_PIXEL=22.8

# IMAGE
16.8 17.0 16.8 16.5 17.2 19.2 17.0 16.8 
17.0 17.0 17.2 17.0 18.5 20.8 18.8 17.2 
16.2 17.0 17.0 17.5 20.5 20.5 18.2 17.2 
15.8 16.8 17.0 18.5 22.8 21.8 17.5 17.0 
16.0 17.0 17.0 17.2 19.2 18.8 17.5 16.8 
17.0 16.2 17.0 17.0 16.8 16.8 16.5 16.2 
16.2 16.8 15.5 16.8 16.2 17.0 16.2 16.0 
16.0 16.2 17.0 16.8 16.2 16.2 16.2 17.0 


# DIFF
#  1  2  1  1  2  4  2  1
#  2  2  2  2  3  5  3  2
#  1  2  2  2  5  5  3  2
#  0  1  2  3  7  6  2  2
#  0  2  2  2  4  3  2  1
#  2  1  2  2  1  1  1  1
#  1  1  0  1  1  2  1  0
#  0  1  2  1  1  1  1  2
