# TS_TEXT=2019-08-27-14:23:51
# TS_SECS=1566912231.52
# HOST=port-node
# PERCENTILE_10=16.0
# PERCENTILE_90=18.5
# MIN_PIXEL=15.2
# MEDIAN_PIXEL=16.8
# MAX_PIXEL=22.2

# IMAGE
16.8 16.5 16.5 16.5 18.5 19.0 17.5 17.0 
16.5 16.5 17.2 17.0 18.5 20.2 17.8 17.2 
16.0 17.0 16.5 17.0 18.5 21.2 18.8 17.2 
15.8 17.0 16.8 17.5 18.5 22.2 20.2 17.5 
16.2 16.2 16.8 17.0 17.8 18.2 18.5 17.2 
16.8 16.8 16.5 16.2 16.2 16.8 16.8 16.0 
16.2 15.2 15.8 16.8 16.2 16.8 16.5 16.2 
16.0 16.0 15.8 16.5 16.8 16.0 15.8 16.5 


# DIFF
#  2  1  1  1  3  4  2  2
#  1  1  2  2  3  5  2  2
#  1  2  1  2  3  6  4  2
#  0  2  2  2  3  7  5  2
#  1  1  2  2  2  3  3  2
#  2  2  1  1  1  2  2  1
#  1  0  0  2  1  2  1  1
#  1  1  0  1  2  1  0  1
