# TS_TEXT=2019-08-27-14:27:54
# TS_SECS=1566912474.54
# HOST=port-node
# PERCENTILE_10=15.0
# PERCENTILE_90=17.5
# MIN_PIXEL=14.5
# MEDIAN_PIXEL=15.5
# MAX_PIXEL=21.0

# IMAGE
15.5 15.2 15.0 15.0 15.8 15.8 16.0 15.2 
15.0 15.5 16.0 15.2 17.0 17.5 17.2 15.8 
14.8 14.8 15.8 15.5 16.5 17.5 21.0 17.0 
14.8 15.5 15.5 15.8 16.5 19.2 19.8 18.8 
15.2 15.2 15.8 15.5 16.0 19.2 19.5 17.0 
15.8 15.5 15.0 15.2 15.8 17.0 16.0 15.2 
15.2 15.0 14.5 15.5 15.2 16.0 15.2 15.0 
14.8 15.2 14.5 15.0 15.2 15.0 15.2 15.2 


# DIFF
#  1  1  0  0  1  1  2  1
#  0  1  2  1  2  3  3  1
#  0  0  1  1  2  3  6  2
#  0  1  1  1  2  5  5  4
#  1  1  1  1  2  5  5  2
#  1  1  0  1  1  2  2  1
#  1  0  0  1  1  2  1  0
#  0  1  0  0  1  0  1  1
