# TS_TEXT=2019-08-27-14:25:13
# TS_SECS=1566912313.86
# HOST=port-node
# PERCENTILE_10=15.5
# PERCENTILE_90=18.0
# MIN_PIXEL=15.0
# MEDIAN_PIXEL=16.0
# MAX_PIXEL=21.5

# IMAGE
16.5 15.5 16.0 16.2 17.8 17.8 16.5 16.2 
16.0 16.0 16.5 16.2 21.5 20.5 17.8 16.8 
15.5 15.5 16.2 16.0 19.8 19.8 21.0 18.0 
15.0 16.0 16.0 16.0 16.5 18.0 19.5 18.0 
15.5 15.8 16.2 15.8 16.2 16.8 16.5 16.5 
16.2 15.8 15.8 15.5 15.5 15.8 16.0 15.5 
15.5 15.2 15.5 15.8 15.5 15.5 15.8 16.2 
16.0 15.5 15.2 15.5 15.5 15.8 15.2 16.0 


# DIFF
#  2  0  1  1  3  3  2  1
#  1  1  2  1  6  6  3  2
#  0  0  1  1  5  5  6  3
#  0  1  1  1  2  3  4  3
#  0  1  1  1  1  2  2  2
#  1  1  1  0  0  1  1  0
#  0  0  0  1  0  0  1  1
#  1  0  0  0  0  1  0  1
