# TS_TEXT=2019-08-27-14:25:11
# TS_SECS=1566912311.85
# HOST=port-node
# PERCENTILE_10=15.8
# PERCENTILE_90=18.4
# MIN_PIXEL=15.2
# MEDIAN_PIXEL=16.2
# MAX_PIXEL=21.5

# IMAGE
16.2 15.8 16.0 16.2 18.2 18.2 16.8 16.5 
16.0 16.2 17.0 17.0 21.5 20.5 18.0 17.0 
15.8 16.2 16.8 16.8 19.0 19.8 20.8 18.2 
15.2 16.0 16.5 16.2 16.8 18.5 19.2 18.2 
15.8 16.5 16.5 16.5 16.8 17.0 17.0 16.2 
16.5 15.8 16.5 15.8 16.0 15.8 16.2 16.0 
16.2 15.5 15.8 16.2 15.8 16.8 15.8 16.2 
15.8 15.8 15.5 15.5 16.2 15.2 15.8 15.5 


# DIFF
#  1  0  1  1  3  3  2  1
#  1  1  2  2  6  5  3  2
#  0  1  2  2  4  4  6  3
#  0  1  1  1  2  3  4  3
#  0  1  1  1  2  2  2  1
#  1  0  1  0  1  0  1  1
#  1  0  0  1  0  2  0  1
#  0  0  0  0  1  0  0  0
