# TS_TEXT=2019-08-27-14:24:33
# TS_SECS=1566912273.70
# HOST=port-node
# PERCENTILE_10=15.8
# PERCENTILE_90=17.8
# MIN_PIXEL=15.2
# MEDIAN_PIXEL=16.2
# MAX_PIXEL=20.2

# IMAGE
16.8 16.2 15.8 16.2 16.2 17.0 16.8 16.2 
16.2 16.0 16.2 16.2 17.0 17.2 18.5 20.2 
15.8 16.5 16.2 16.5 17.2 18.0 20.2 19.5 
15.5 16.5 16.2 16.2 17.0 20.0 19.2 17.2 
16.5 16.5 16.2 16.0 17.0 16.8 16.5 17.0 
16.2 16.2 16.0 15.8 15.8 16.0 16.5 15.8 
16.0 16.2 16.0 16.0 16.0 16.5 15.8 16.2 
15.5 16.2 15.2 16.0 16.2 15.8 16.0 15.2 


# DIFF
#  2  1  0  1  1  2  2  1
#  1  1  1  1  2  2  3  5
#  0  1  1  1  2  3  5  4
#  0  1  1  1  2  5  4  2
#  1  1  1  1  2  2  1  2
#  1  1  1  0  0  1  1  0
#  1  1  1  1  1  1  0  1
#  0  1  0  1  1  0  1  0
