# TS_TEXT=2019-08-27-14:23:33
# TS_SECS=1566912213.45
# HOST=port-node
# PERCENTILE_10=16.3
# PERCENTILE_90=19.4
# MIN_PIXEL=16.0
# MEDIAN_PIXEL=17.0
# MAX_PIXEL=23.0

# IMAGE
17.2 17.0 16.5 16.8 17.2 19.5 17.8 17.5 
17.2 17.0 17.2 17.8 17.8 21.2 19.2 17.5 
17.5 17.0 17.5 19.5 20.5 20.8 18.5 17.8 
16.5 16.8 17.0 18.2 23.0 19.8 17.5 17.0 
16.8 16.5 16.8 17.5 18.5 19.2 18.2 17.0 
16.8 16.8 16.5 16.2 16.5 16.8 17.2 16.0 
16.2 16.0 16.2 16.8 16.5 16.8 16.5 17.0 
16.8 16.5 16.5 16.2 16.0 16.8 16.5 16.8 


# DIFF
#  1  1  0  1  1  4  2  2
#  1  1  1  2  2  5  3  2
#  2  1  2  4  4  5  2  2
#  0  1  1  2  7  4  2  1
#  1  0  1  2  2  3  2  1
#  1  1  0  0  0  1  1  0
#  0  0  0  1  0  1  0  1
#  1  0  0  0  0  1  0  1
