# TS_TEXT=2019-08-27-14:23:08
# TS_SECS=1566912188.35
# HOST=port-node
# PERCENTILE_10=16.5
# PERCENTILE_90=19.2
# MIN_PIXEL=15.5
# MEDIAN_PIXEL=17.0
# MAX_PIXEL=22.5

# IMAGE
17.2 17.2 16.2 17.0 17.0 17.8 17.0 17.2 
17.0 17.0 17.5 17.2 17.5 19.2 19.8 18.2 
17.2 16.8 17.0 17.5 19.0 20.8 20.2 17.8 
15.5 17.0 17.5 18.0 22.5 22.0 18.0 17.8 
16.5 16.8 17.5 17.8 19.2 18.0 17.8 17.0 
17.2 17.0 17.0 16.8 16.8 17.0 17.0 17.0 
16.5 16.8 16.2 17.2 17.2 16.8 16.5 16.5 
16.8 16.8 16.8 16.2 16.8 16.0 17.0 17.0 


# DIFF
#  2  2  1  2  2  2  2  2
#  2  2  2  2  2  4  4  3
#  2  1  2  2  4  5  5  2
#  0  2  2  2  7  6  2  2
#  1  1  2  2  4  2  2  2
#  2  2  2  1  1  2  2  2
#  1  1  1  2  2  1  1  1
#  1  1  1  1  1  0  2  2
