# TS_TEXT=2019-08-27-14:24:25
# TS_SECS=1566912265.66
# HOST=port-node
# PERCENTILE_10=16.1
# PERCENTILE_90=19.1
# MIN_PIXEL=15.8
# MEDIAN_PIXEL=17.0
# MAX_PIXEL=22.0

# IMAGE
16.8 16.8 16.5 17.0 17.5 18.0 17.0 17.2 
17.0 16.8 17.0 18.2 19.8 19.8 18.0 18.0 
16.5 17.0 17.0 18.5 19.5 20.8 21.8 22.0 
15.8 16.8 17.2 17.2 17.2 18.5 19.2 18.8 
16.0 16.8 17.0 16.5 17.2 17.5 17.2 17.2 
17.0 16.8 17.0 16.8 16.5 16.8 16.8 16.2 
16.5 16.0 16.5 17.0 16.5 17.0 16.0 16.5 
16.5 16.0 16.5 16.0 16.8 15.8 17.0 16.2 


# DIFF
#  1  1  1  1  2  2  1  2
#  1  1  1  2  4  4  2  2
#  1  1  1  3  4  5  6  6
#  0  1  2  2  2  3  4  3
#  0  1  1  1  2  2  2  2
#  1  1  1  1  1  1  1  0
#  1  0  1  1  1  1  0  1
#  1  0  1  0  1  0  1  0
