# TS_TEXT=2019-08-18-22:56:22
# TS_SECS=1566165382.64
# HOST=starboard-node
# PERCENTILE_10=14.2
# PERCENTILE_90=15.7
# MIN_PIXEL=13.8
# MEDIAN_PIXEL=15.0
# MAX_PIXEL=19.0

# IMAGE
14.8 15.0 14.8 14.8 15.0 15.0 14.2 13.8 
14.5 14.2 15.0 15.0 14.2 15.2 14.8 14.2 
14.8 15.2 14.8 15.0 14.8 14.2 14.5 14.2 
14.5 15.0 15.0 15.2 15.2 15.0 14.2 15.0 
15.5 15.0 15.2 15.0 14.8 14.8 14.8 14.8 
15.8 15.2 16.5 15.5 14.5 15.0 14.8 15.0 
16.2 18.0 18.5 15.2 15.5 14.8 14.2 14.2 
15.5 19.0 18.0 14.5 14.2 15.0 14.8 14.5 


# DIFF
#  1  1  1  1  1  1  0  0
#  1  0  1  1  0  2  1  0
#  1  2  1  1  1  0  1  0
#  1  1  1  2  2  1  0  1
#  2  1  2  1  1  1  1  1
#  2  2  3  2  1  1  1  1
#  2  4  5  2  2  1  0  0
#  2  5  4  1  0  1  1  1
