# TS_TEXT=2019-08-18-22:56:36
# TS_SECS=1566165396.72
# HOST=starboard-node
# PERCENTILE_10=14.3
# PERCENTILE_90=15.2
# MIN_PIXEL=13.8
# MEDIAN_PIXEL=14.8
# MAX_PIXEL=17.0

# IMAGE
14.5 14.8 14.0 15.2 14.8 14.8 14.2 13.8 
14.2 14.8 14.5 14.8 14.8 15.0 14.5 14.2 
15.5 15.2 14.8 15.0 14.8 14.5 15.0 14.2 
17.0 15.0 14.5 14.8 15.0 15.0 14.5 14.5 
15.0 15.0 14.8 15.2 14.5 14.5 15.0 14.5 
14.8 15.0 15.0 14.8 14.8 14.8 14.5 15.2 
14.8 14.8 15.0 15.2 14.8 14.8 14.8 14.8 
15.2 15.2 14.8 15.0 14.2 15.0 15.0 15.5 


# DIFF
#  1  1  0  2  1  1  0  0
#  0  1  1  1  1  1  1  0
#  2  2  1  1  1  1  1  0
#  3  1  1  1  1  1  1  1
#  1  1  1  2  1  1  1  1
#  1  1  1  1  1  1  1  2
#  1  1  1  2  1  1  1  1
#  2  2  1  1  0  1  1  2
