# TS_TEXT=2019-08-25-11:15:00
# TS_SECS=1566728100.55
# HOST=port-node
# PERCENTILE_10=16.0
# PERCENTILE_90=17.0
# MIN_PIXEL=15.5
# MEDIAN_PIXEL=16.4
# MAX_PIXEL=19.8

# IMAGE
16.8 17.0 16.0 15.5 16.0 16.5 16.0 16.5 
16.5 16.5 16.0 15.8 16.5 16.2 16.0 16.8 
16.2 16.2 16.5 16.0 16.2 16.8 17.8 19.8 
16.2 16.8 16.2 16.2 16.5 16.8 18.0 19.0 
16.0 16.5 16.2 16.0 16.8 16.5 16.8 17.2 
16.0 16.5 16.2 16.0 16.5 15.8 16.2 16.5 
15.5 16.2 16.0 16.5 16.2 16.5 15.8 17.0 
15.8 16.0 16.8 16.5 16.5 16.2 16.2 17.0 


# DIFF
#  1  2  0  0  0  1  0  1
#  1  1  0  0  1  1  0  1
#  1  1  1  0  1  1  2  4
#  1  1  1  1  1  1  2  4
#  0  1  1  0  1  1  1  2
#  0  1  1  0  1  0  1  1
#  0  1  0  1  1  1  0  2
#  0  0  1  1  1  1  1  2
