# TS_TEXT=2019-08-25-11:14:22
# TS_SECS=1566728062.36
# HOST=port-node
# PERCENTILE_10=16.2
# PERCENTILE_90=17.2
# MIN_PIXEL=16.0
# MEDIAN_PIXEL=16.8
# MAX_PIXEL=20.8

# IMAGE
17.0 17.5 16.5 16.5 17.0 17.0 16.8 17.0 
16.5 16.8 16.5 16.2 17.0 16.8 16.0 16.8 
16.5 17.2 16.5 16.8 17.0 16.5 17.8 20.2 
16.0 16.5 16.8 17.0 17.0 17.0 18.5 20.8 
16.5 16.8 16.8 16.8 17.2 17.0 17.2 16.8 
16.5 16.8 16.2 16.2 16.8 16.2 17.0 16.0 
16.2 16.8 16.5 17.0 16.8 16.5 16.8 17.0 
16.5 16.5 16.8 16.5 17.0 16.5 16.8 17.0 


# DIFF
#  1  2  0  0  1  1  1  1
#  0  1  0  0  1  1  0  1
#  0  1  0  1  1  0  2  4
#  0  0  1  1  1  1  2  5
#  0  1  1  1  1  1  1  1
#  0  1  0  0  1  0  1  0
#  0  1  0  1  1  0  1  1
#  0  0  1  0  1  0  1  1
