# TS_TEXT=2019-08-25-16:16:33
# TS_SECS=1566746193.82
# HOST=port-node
# PERCENTILE_10=16.0
# PERCENTILE_90=16.8
# MIN_PIXEL=15.8
# MEDIAN_PIXEL=16.5
# MAX_PIXEL=18.0

# IMAGE
16.5 16.8 16.2 16.0 16.0 16.8 16.5 16.5 
16.5 16.2 16.8 16.5 16.8 16.5 16.2 16.8 
16.2 16.5 16.2 16.5 16.8 16.2 17.0 18.0 
15.8 16.2 16.8 16.0 16.8 16.8 16.8 17.0 
16.0 16.5 16.5 16.2 16.2 16.8 16.8 16.8 
16.2 16.8 16.2 16.2 16.2 16.2 17.0 16.0 
15.8 16.0 16.0 16.8 16.2 16.5 17.0 16.8 
16.5 15.8 16.5 16.2 16.8 16.2 16.2 16.8 


# DIFF
#  1  1  0  0  0  1  1  1
#  1  0  1  1  1  1  0  1
#  0  1  0  1  1  0  1  2
#  0  0  1  0  1  1  1  1
#  0  1  1  0  0  1  1  1
#  0  1  0  0  0  0  1  0
#  0  0  0  1  0  1  1  1
#  1  0  1  0  1  0  0  1
