# TS_TEXT=2019-08-18-22:45:37
# TS_SECS=1566164737.08
# HOST=port-node
# PERCENTILE_10=13.8
# PERCENTILE_90=15.4
# MIN_PIXEL=13.5
# MEDIAN_PIXEL=14.2
# MAX_PIXEL=17.8

# IMAGE
14.2 13.5 14.0 14.2 13.5 14.0 14.2 13.8 
13.5 14.2 14.0 14.2 14.0 14.5 13.8 14.5 
14.2 13.8 14.2 14.5 14.5 14.5 15.0 16.2 
13.8 13.8 15.0 14.5 14.2 14.2 15.0 15.5 
13.8 15.2 15.8 15.0 14.2 14.5 14.2 14.5 
15.2 17.8 15.2 14.5 15.0 14.0 14.2 14.5 
17.8 15.5 14.0 14.5 14.2 15.0 15.0 15.0 
15.5 14.0 14.2 14.5 13.8 13.5 13.5 14.2 


# DIFF
#  1  0  0  1  0  0  1  0
#  0  1  0  1  0  1  0  1
#  1  0  1  1  1  1  2  3
#  0  0  2  1  1  1  2  2
#  0  2  2  2  1  1  1  1
#  2  4  2  1  2  0  1  1
#  4  2  0  1  1  2  2  2
#  2  0  1  1  0  0  0  1
