# TS_TEXT=2019-08-18-22:45:56
# TS_SECS=1566164756.25
# HOST=port-node
# PERCENTILE_10=13.8
# PERCENTILE_90=15.4
# MIN_PIXEL=13.5
# MEDIAN_PIXEL=14.5
# MAX_PIXEL=18.2

# IMAGE
15.5 14.2 14.5 14.2 14.2 15.0 15.8 14.0 
16.0 14.5 15.0 15.0 14.5 14.2 14.8 13.8 
15.0 14.2 15.0 15.0 15.0 14.2 15.2 14.5 
13.5 15.0 13.8 13.5 13.8 14.0 13.8 14.0 
14.8 14.2 14.2 14.2 14.2 13.8 13.5 13.8 
14.0 14.2 14.5 14.5 14.8 14.2 15.0 14.5 
14.0 14.8 14.2 14.5 14.2 15.0 16.2 17.8 
14.0 14.5 14.5 14.0 14.5 15.0 17.0 18.2 


# DIFF
#  2  1  1  1  1  2  2  0
#  2  1  2  2  1  1  1  0
#  2  1  2  2  2  1  2  1
#  0  2  0  0  0  0  0  0
#  1  1  1  1  1  0  0  0
#  0  1  1  1  1  1  2  1
#  0  1  1  1  1  2  3  4
#  0  1  1  0  1  2  4  5
