# TS_TEXT=2019-08-18-22:45:39
# TS_SECS=1566164739.10
# HOST=port-node
# PERCENTILE_10=14.0
# PERCENTILE_90=15.5
# MIN_PIXEL=13.5
# MEDIAN_PIXEL=14.5
# MAX_PIXEL=18.5

# IMAGE
13.8 14.0 13.8 14.0 14.0 14.0 13.5 14.2 
14.5 14.2 14.2 14.0 14.5 14.5 15.5 15.5 
13.8 14.5 14.5 14.5 14.2 14.8 16.0 17.0 
13.8 14.8 14.8 14.5 14.8 15.0 15.5 18.0 
14.5 15.0 15.0 14.5 14.8 14.2 15.0 14.5 
15.5 15.5 15.0 14.5 14.2 15.0 14.8 15.0 
18.5 16.2 15.0 14.8 14.5 14.0 15.0 13.8 
18.2 14.8 14.8 14.5 15.2 14.0 14.0 14.0 


# DIFF
#  0  0  0  0  0  0  0  1
#  1  1  1  0  1  1  2  2
#  0  1  1  1  1  1  2  4
#  0  1  1  1  1  2  2  4
#  1  2  2  1  1  1  2  1
#  2  2  2  1  1  2  1  2
#  5  3  2  1  1  0  2  0
#  5  1  1  1  2  0  0  0
