# TS_TEXT=2019-08-18-22:36:46
# TS_SECS=1566164206.12
# HOST=fore-node
# PERCENTILE_10=14.0
# PERCENTILE_90=15.7
# MIN_PIXEL=13.8
# MEDIAN_PIXEL=14.8
# MAX_PIXEL=18.8

# IMAGE
15.8 18.8 18.2 15.8 15.0 14.5 13.8 14.2 
14.0 14.0 14.0 14.0 13.8 13.8 14.2 14.0 
14.8 14.8 14.8 14.8 14.8 14.2 14.0 14.0 
14.2 15.0 14.2 15.0 14.5 14.8 14.0 14.0 
14.2 14.8 14.8 14.5 15.0 14.2 14.0 15.0 
14.8 15.0 15.0 14.8 14.8 15.2 15.0 14.8 
15.5 15.5 15.2 16.0 15.5 15.0 14.8 14.0 
15.5 15.5 18.0 18.2 15.2 15.0 14.0 14.5 


# DIFF
#  2  5  4  2  1  1  0  0
#  0  0  0  0  0  0  0  0
#  1  1  1  1  1  0  0  0
#  0  1  0  1  1  1  0  0
#  0  1  1  1  1  0  0  1
#  1  1  1  1  1  2  1  1
#  2  2  2  2  2  1  1  0
#  2  2  4  4  2  1  0  1
