# TS_TEXT=2019-08-25-11:30:35
# TS_SECS=1566729035.34
# HOST=starboard-node
# PERCENTILE_10=14.8
# PERCENTILE_90=16.3
# MIN_PIXEL=14.5
# MEDIAN_PIXEL=15.2
# MAX_PIXEL=18.8

# IMAGE
14.8 14.8 15.2 15.5 15.2 15.2 15.0 14.5 
14.8 15.2 15.8 16.8 16.5 15.0 15.8 15.2 
15.0 15.2 15.5 18.0 18.8 16.8 15.2 15.2 
15.2 15.5 15.5 17.5 18.2 15.8 15.5 15.0 
15.0 14.8 15.2 15.2 15.2 15.2 15.0 15.2 
15.2 14.5 15.8 15.0 15.2 15.2 15.2 15.0 
15.0 15.2 15.0 14.8 14.8 15.5 15.0 15.5 
15.0 14.8 15.0 15.5 15.5 15.5 15.5 14.8 


# DIFF
#  0  0  1  1  1  1  0  0
#  0  1  1  2  2  0  1  1
#  0  1  1  4  4  2  1  1
#  1  1  1  3  4  1  1  0
#  0  0  1  1  1  1  0  1
#  1  0  1  0  1  1  1  0
#  0  1  0  0  0  1  0  1
#  0  0  0  1  1  1  1  0
