# TS_TEXT=2019-08-25-11:30:25
# TS_SECS=1566729025.23
# HOST=starboard-node
# PERCENTILE_10=14.8
# PERCENTILE_90=15.8
# MIN_PIXEL=14.0
# MEDIAN_PIXEL=15.1
# MAX_PIXEL=19.0

# IMAGE
14.0 15.0 15.0 15.2 15.8 15.0 14.8 15.0 
14.8 15.0 15.2 15.2 15.0 14.5 15.5 15.2 
15.0 15.0 14.5 15.2 14.8 15.0 14.8 15.5 
15.0 15.2 15.0 14.8 15.2 15.2 15.0 15.0 
15.5 14.8 14.8 15.0 15.8 16.5 15.8 15.0 
14.8 14.8 15.0 15.2 16.5 19.0 16.8 15.2 
15.5 14.5 15.2 15.0 16.8 18.8 15.8 15.2 
14.8 15.0 15.2 15.5 15.5 15.8 15.2 15.2 


# DIFF
#  0  1  1  1  2  1  1  1
#  1  1  1  1  1  0  2  1
#  1  1  0  1  1  1  1  2
#  1  1  1  1  1  1  1  1
#  2  1  1  1  2  2  2  1
#  1  1  1  1  2  5  3  1
#  2  0  1  1  3  5  2  1
#  1  1  1  2  2  2  1  1
