# TS_TEXT=2019-08-25-11:29:53
# TS_SECS=1566728993.91
# HOST=starboard-node
# PERCENTILE_10=15.0
# PERCENTILE_90=17.0
# MIN_PIXEL=14.8
# MEDIAN_PIXEL=15.8
# MAX_PIXEL=19.5

# IMAGE
16.0 15.8 15.5 15.2 15.2 16.5 16.2 17.5 
15.2 15.2 15.5 15.8 15.0 15.8 17.0 18.8 
15.2 16.5 16.2 17.5 15.8 15.8 16.5 19.5 
15.0 15.8 17.0 18.8 15.5 15.5 15.8 16.0 
15.8 15.8 16.5 19.5 16.0 14.8 15.5 15.8 
15.5 15.5 15.8 16.0 15.5 15.5 15.0 15.0 
16.0 14.8 15.5 15.8 15.2 16.0 15.8 15.5 
15.5 15.5 15.0 15.0 15.5 15.2 15.2 15.5 


# DIFF
#  1  1  1  0  0  2  2  3
#  0  0  1  1  0  1  2  4
#  0  2  2  3  1  1  2  5
#  0  1  2  4  1  1  1  1
#  1  1  2  5  1  0  1  1
#  1  1  1  1  1  1  0  0
#  1  0  1  1  0  1  1  1
#  1  1  0  0  1  0  0  1
