# TS_TEXT=2019-08-25-11:30:47
# TS_SECS=1566729047.09
# HOST=fore-node
# PERCENTILE_10=15.2
# PERCENTILE_90=19.6
# MIN_PIXEL=14.5
# MEDIAN_PIXEL=16.0
# MAX_PIXEL=22.5

# IMAGE
15.8 15.5 15.8 15.8 16.2 15.5 15.2 14.5 
16.8 17.0 16.0 16.0 16.8 18.0 16.2 15.2 
18.8 22.5 18.0 16.5 20.2 18.8 17.2 15.8 
19.8 22.5 21.5 18.0 18.8 16.8 16.0 15.2 
17.0 19.2 20.8 19.8 16.0 16.2 16.0 16.0 
15.8 16.8 16.8 16.5 16.5 16.5 15.0 15.5 
16.0 15.2 16.2 16.0 15.8 15.8 15.5 15.5 
16.8 16.0 15.5 15.2 16.0 16.0 15.5 14.8 


# DIFF
#  1  1  1  1  2  1  1  0
#  2  2  2  2  2  4  2  1
#  4  8  4  2  6  4  3  1
#  5  8  7  4  4  2  2  1
#  2  5  6  5  2  2  2  2
#  1  2  2  2  2  2  0  1
#  2  1  2  2  1  1  1  1
#  2  2  1  1  2  2  1  0
