# TS_TEXT=2019-08-25-11:30:40
# TS_SECS=1566729040.06
# HOST=fore-node
# PERCENTILE_10=15.2
# PERCENTILE_90=16.8
# MIN_PIXEL=14.2
# MEDIAN_PIXEL=15.8
# MAX_PIXEL=20.0

# IMAGE
14.2 15.5 15.2 15.0 15.8 15.5 15.2 15.2 
15.8 15.5 15.2 16.0 15.8 16.2 15.2 15.2 
15.2 15.5 15.8 15.5 17.5 19.2 17.5 16.2 
15.2 15.8 15.8 15.8 18.2 20.0 16.8 15.5 
15.5 15.2 15.8 16.0 16.0 16.8 16.0 16.0 
15.5 16.0 15.5 15.8 15.8 16.0 15.8 15.2 
15.8 15.5 15.8 15.8 16.0 15.5 15.8 15.5 
16.8 15.5 15.5 15.5 16.5 16.2 15.2 14.8 


# DIFF
#  0  1  1  1  2  1  1  1
#  2  1  1  2  2  2  1  1
#  1  1  2  1  3  5  3  2
#  1  2  2  2  4  6  2  1
#  1  1  2  2  2  2  2  2
#  1  2  1  2  2  2  2  1
#  2  1  2  2  2  1  2  1
#  2  1  1  1  2  2  1  0
