# TS_TEXT=2019-08-19-08:24:21
# TS_SECS=1566199461.90
# HOST=fore-node
# PERCENTILE_10=12.8
# PERCENTILE_90=13.7
# MIN_PIXEL=0.0
# MEDIAN_PIXEL=13.2
# MAX_PIXEL=15.5

# IMAGE
13.2 13.5 13.2 13.5 12.8 13.0 13.2 13.0 
12.8 13.0 13.2 12.8 13.5 12.5 12.8 12.8 
13.5 13.2 13.2 12.8 13.0 12.8 13.5 12.8 
13.0 13.2 12.8 12.8 13.2 13.0 13.5 13.5 
12.8 13.5 13.5 13.5 13.5 13.5 13.0 13.2 
13.2 13.0 13.2 13.0 13.8 13.0 13.5 13.0 
13.8 13.2 13.8 15.5 13.8 13.0 13.2 13.2 
0.0 13.5 13.8 13.8 12.8 13.0 12.5 13.5 


# DIFF
# 13 14 13 14 13 13 13 13
# 13 13 13 13 14 12 13 13
# 14 13 13 13 13 13 14 13
# 13 13 13 13 13 13 14 14
# 13 14 14 14 14 14 13 13
# 13 13 13 13 14 13 14 13
# 14 13 14 16 14 13 13 13
#  0 14 14 14 13 13 12 14
