# TS_TEXT=2019-08-19-08:23:59
# TS_SECS=1566199439.70
# HOST=fore-node
# PERCENTILE_10=13.5
# PERCENTILE_90=14.5
# MIN_PIXEL=13.2
# MEDIAN_PIXEL=14.0
# MAX_PIXEL=16.5

# IMAGE
13.8 14.0 14.5 13.5 14.2 14.0 14.2 14.0 
14.5 14.0 13.5 14.0 13.8 13.8 14.0 14.5 
14.2 13.5 14.0 13.5 13.8 14.5 14.0 13.5 
14.5 14.0 13.5 13.8 13.2 14.2 13.5 14.0 
14.5 13.8 13.8 13.8 13.8 14.5 14.0 13.5 
14.0 14.5 14.5 14.0 13.8 14.5 13.8 13.8 
13.5 13.5 14.2 14.5 14.2 14.0 14.5 14.5 
14.2 14.0 14.2 14.0 16.5 13.5 13.5 14.2 


# DIFF
#  0  1  1  0  1  1  1  1
#  1  1  0  1  0  0  1  1
#  1  0  1  0  0  1  1  0
#  1  1  0  0  0  1  0  1
#  1  0  0  0  0  1  1  0
#  1  1  1  1  0  1  0  0
#  0  0  1  1  1  1  1  1
#  1  1  1  1  3  0  0  1
