# TS_TEXT=2019-08-18-23:13:40
# TS_SECS=1566166420.91
# HOST=aft-node
# PERCENTILE_10=14.8
# PERCENTILE_90=15.8
# MIN_PIXEL=0.0
# MEDIAN_PIXEL=15.2
# MAX_PIXEL=16.5

# IMAGE
15.0 15.2 15.0 15.5 16.2 16.5 14.5 14.2 
14.8 15.2 15.2 15.8 15.5 14.8 15.2 14.8 
15.2 15.0 15.0 15.0 15.0 15.2 14.8 15.2 
15.5 15.5 15.5 15.2 14.8 15.0 15.0 15.5 
16.2 15.2 15.5 14.5 14.8 15.0 15.0 16.2 
15.0 14.5 15.2 14.8 16.0 15.8 15.2 15.0 
15.2 15.2 14.8 14.5 15.8 16.0 14.8 15.8 
0.0 15.8 15.8 15.0 15.0 15.2 15.2 15.2 


# DIFF
# 15 15 15 16 16 16 14 14
# 15 15 15 16 16 15 15 15
# 15 15 15 15 15 15 15 15
# 16 16 16 15 15 15 15 16
# 16 15 16 14 15 15 15 16
# 15 14 15 15 16 16 15 15
# 15 15 15 14 16 16 15 16
#  0 16 16 15 15 15 15 15
