# TS_TEXT=2019-08-18-23:13:50
# TS_SECS=1566166431.00
# HOST=aft-node
# PERCENTILE_10=15.0
# PERCENTILE_90=15.8
# MIN_PIXEL=0.0
# MEDIAN_PIXEL=15.2
# MAX_PIXEL=17.2

# IMAGE
15.0 15.2 15.5 15.5 15.5 15.2 15.2 15.2 
16.0 15.5 15.2 15.2 15.5 15.8 15.0 15.0 
14.8 15.5 15.2 15.8 15.2 15.0 15.2 15.2 
16.8 15.2 15.8 15.0 15.5 15.2 15.2 15.2 
15.8 15.5 15.8 15.2 17.2 16.2 15.5 14.8 
15.8 15.2 15.5 15.2 15.8 15.8 15.0 15.0 
15.8 16.2 16.5 15.5 15.2 15.5 15.2 14.5 
0.0 15.0 15.2 15.2 14.8 15.5 15.0 15.8 


# DIFF
# 15 15 16 16 16 15 15 15
# 16 16 15 15 16 16 15 15
# 15 16 15 16 15 15 15 15
# 17 15 16 15 16 15 15 15
# 16 16 16 15 17 16 16 15
# 16 15 16 15 16 16 15 15
# 16 16 16 16 15 16 15 14
#  0 15 15 15 15 16 15 16
