# TS_TEXT=2019-08-27-14:14:49
# TS_SECS=1566911689.47
# HOST=aft-node
# PERCENTILE_10=15.2
# PERCENTILE_90=17.9
# MIN_PIXEL=14.8
# MEDIAN_PIXEL=16.1
# MAX_PIXEL=24.2

# IMAGE
15.5 16.5 16.0 16.2 16.0 15.8 15.8 14.8 
16.5 16.2 16.2 16.8 16.2 16.2 16.0 15.2 
16.0 16.5 17.0 19.2 17.0 16.5 15.8 15.8 
16.2 16.8 18.2 22.2 21.8 17.8 16.2 15.5 
16.2 16.5 16.8 21.5 24.2 18.0 16.5 15.8 
16.0 15.8 16.5 17.2 17.8 16.5 16.0 15.2 
15.2 15.8 15.5 15.2 16.0 16.5 16.0 15.8 
15.2 16.0 15.8 15.5 15.5 14.8 15.0 15.5 


# DIFF
#  1  2  1  2  1  1  1  0
#  2  2  2  2  2  2  1  0
#  1  2  2  4  2  2  1  1
#  2  2  4  8  7  3  2  1
#  2  2  2  7 10  3  2  1
#  1  1  2  2  3  2  1  0
#  0  1  1  0  1  2  1  1
#  0  1  1  1  1  0  0  1
