# TS_TEXT=2019-08-27-14:13:59
# TS_SECS=1566911639.20
# HOST=aft-node
# PERCENTILE_10=15.0
# PERCENTILE_90=17.2
# MIN_PIXEL=14.8
# MEDIAN_PIXEL=15.9
# MAX_PIXEL=22.8

# IMAGE
15.2 15.5 15.5 15.5 16.2 15.8 15.5 15.0 
15.8 15.5 16.0 16.2 16.2 16.0 15.8 15.5 
16.0 16.0 16.0 18.8 16.8 16.2 16.0 16.0 
15.2 16.0 16.8 22.0 21.5 17.5 16.0 15.5 
15.8 16.0 16.5 21.8 22.8 16.8 16.2 15.2 
15.0 15.5 16.5 17.2 17.0 16.5 16.0 15.0 
15.2 15.2 15.2 15.5 15.5 16.2 16.0 15.2 
15.0 15.5 15.8 14.8 15.0 15.0 15.5 15.0 


# DIFF
#  0  1  1  1  2  1  1  0
#  1  1  1  2  2  1  1  1
#  1  1  1  4  2  2  1  1
#  0  1  2  7  7  3  1  1
#  1  1  2  7  8  2  2  0
#  0  1  2  2  2  2  1  0
#  0  0  0  1  1  2  1  0
#  0  1  1  0  0  0  1  0
