# TS_TEXT=2019-08-27-14:13:56
# TS_SECS=1566911636.18
# HOST=aft-node
# PERCENTILE_10=14.6
# PERCENTILE_90=16.5
# MIN_PIXEL=14.0
# MEDIAN_PIXEL=15.2
# MAX_PIXEL=23.5

# IMAGE
14.2 15.0 15.2 15.5 15.8 15.0 15.2 14.8 
15.2 15.8 15.8 15.8 16.0 16.0 15.2 15.0 
15.5 15.2 15.8 18.5 16.5 15.2 15.2 15.2 
15.0 16.0 16.0 22.0 21.0 16.2 15.5 15.2 
14.8 15.2 16.5 21.5 23.5 16.5 15.5 15.5 
15.0 15.0 15.8 16.0 17.0 15.8 15.5 14.5 
15.0 15.0 15.2 14.8 15.2 15.5 15.2 15.5 
14.0 14.5 15.2 15.0 14.2 14.5 14.8 14.5 


# DIFF
#  0  1  1  2  2  1  1  1
#  1  2  2  2  2  2  1  1
#  2  1  2  4  2  1  1  1
#  1  2  2  8  7  2  2  1
#  1  1  2  8 10  2  2  2
#  1  1  2  2  3  2  2  0
#  1  1  1  1  1  2  1  2
#  0  0  1  1  0  0  1  0
