# TS_TEXT=2019-08-27-14:13:07
# TS_SECS=1566911587.89
# HOST=aft-node
# PERCENTILE_10=15.2
# PERCENTILE_90=17.2
# MIN_PIXEL=15.0
# MEDIAN_PIXEL=16.0
# MAX_PIXEL=23.5

# IMAGE
16.0 16.0 15.8 16.0 16.0 15.5 16.0 15.2 
16.2 16.2 16.0 16.5 16.5 16.5 15.5 15.2 
16.5 16.5 16.8 18.8 16.8 16.2 16.0 15.8 
16.0 16.5 17.0 22.2 21.8 17.5 16.0 15.5 
15.8 16.2 16.5 21.2 23.5 17.2 16.0 15.2 
15.8 15.8 16.8 17.0 17.2 15.8 16.2 15.0 
15.8 15.5 15.8 15.5 15.8 15.8 16.0 15.5 
16.0 16.2 15.2 15.5 15.0 15.5 15.2 15.2 


# DIFF
#  1  1  1  1  1  0  1  0
#  1  1  1  2  2  2  0  0
#  2  2  2  4  2  1  1  1
#  1  2  2  7  7  2  1  0
#  1  1  2  6  8  2  1  0
#  1  1  2  2  2  1  1  0
#  1  0  1  0  1  1  1  0
#  1  1  0  0  0  0  0  0
