# TS_TEXT=2019-08-27-14:13:30
# TS_SECS=1566911610.04
# HOST=aft-node
# PERCENTILE_10=14.8
# PERCENTILE_90=17.2
# MIN_PIXEL=14.5
# MEDIAN_PIXEL=15.8
# MAX_PIXEL=23.2

# IMAGE
15.2 16.2 15.8 15.5 16.0 15.5 16.0 14.8 
16.0 16.0 16.2 16.5 16.2 16.2 15.5 14.5 
15.8 16.5 16.5 19.0 16.5 15.8 15.8 15.5 
15.8 16.2 16.8 22.0 21.5 17.5 15.8 15.5 
16.2 16.0 16.5 21.0 23.2 17.0 16.5 15.5 
15.5 15.5 16.2 16.8 17.2 15.8 16.2 14.8 
15.5 15.2 15.8 15.2 15.8 15.5 14.8 14.8 
15.5 15.5 15.8 15.8 15.0 14.8 14.8 15.2 


# DIFF
#  1  2  1  1  2  1  2  0
#  2  2  2  2  2  2  1  0
#  1  2  2  4  2  1  1  1
#  1  2  2  8  7  3  1  1
#  2  2  2  6  9  2  2  1
#  1  1  2  2  3  1  2  0
#  1  1  1  1  1  1  0  0
#  1  1  1  1  0  0  0  1
