# TS_TEXT=2019-08-27-14:14:01
# TS_SECS=1566911641.21
# HOST=aft-node
# PERCENTILE_10=15.1
# PERCENTILE_90=17.2
# MIN_PIXEL=14.5
# MEDIAN_PIXEL=15.8
# MAX_PIXEL=23.0

# IMAGE
15.2 15.2 15.8 15.8 15.8 15.8 15.2 15.5 
15.5 16.2 16.2 16.0 15.8 16.0 15.5 15.8 
16.2 15.8 16.2 19.0 16.5 16.0 15.5 15.5 
15.8 16.0 16.8 22.2 21.2 17.2 15.8 15.8 
15.5 15.8 16.5 22.0 23.0 17.0 15.5 15.5 
15.2 15.5 16.0 17.0 17.2 15.8 15.8 15.2 
15.0 14.8 15.8 15.5 16.0 15.8 15.2 15.2 
14.5 15.5 15.2 15.5 14.5 15.0 14.8 15.0 


# DIFF
#  1  1  1  1  1  1  1  1
#  1  2  2  2  1  2  1  1
#  2  1  2  4  2  2  1  1
#  1  2  2  8  7  3  1  1
#  1  1  2  8  8  2  1  1
#  1  1  2  2  3  1  1  1
#  0  0  1  1  2  1  1  1
#  0  1  1  1  0  0  0  0
