# TS_TEXT=2019-08-18-22:05:38
# TS_SECS=1566162338.87
# HOST=aft-node
# PERCENTILE_10=14.5
# PERCENTILE_90=16.2
# MIN_PIXEL=0.0
# MEDIAN_PIXEL=15.2
# MAX_PIXEL=20.0

# IMAGE
15.0 14.2 15.0 15.0 16.2 19.2 20.0 15.5 
15.5 14.8 14.8 15.5 15.5 18.5 18.5 15.5 
14.5 15.2 15.0 15.2 15.0 15.2 15.2 16.0 
15.8 15.5 15.5 15.0 15.2 15.0 15.0 15.2 
16.0 14.8 15.2 15.2 15.0 15.0 15.0 14.5 
15.5 15.5 14.8 14.2 15.2 15.2 14.8 14.5 
15.8 16.0 16.0 14.8 15.0 15.5 15.2 15.0 
0.0 14.8 14.5 14.8 14.5 16.0 18.2 17.2 


# DIFF
# 15 14 15 15 16 19 20 16
# 16 15 15 16 16 18 18 16
# 14 15 15 15 15 15 15 16
# 16 16 16 15 15 15 15 15
# 16 15 15 15 15 15 15 14
# 16 16 15 14 15 15 15 14
# 16 16 16 15 15 16 15 15
#  0 15 14 15 14 16 18 17
