# TS_TEXT=2019-08-25-12:38:37
# TS_SECS=1566733117.55
# HOST=port-node
# PERCENTILE_10=14.5
# PERCENTILE_90=15.8
# MIN_PIXEL=13.5
# MEDIAN_PIXEL=15.0
# MAX_PIXEL=18.8

# IMAGE
14.0 14.8 14.0 14.5 15.0 14.8 15.0 14.5 
15.2 15.0 15.0 14.5 15.0 15.0 15.5 15.8 
14.2 15.0 15.2 15.0 15.0 14.8 18.8 18.2 
13.5 15.0 15.0 15.0 15.2 15.5 18.2 17.8 
15.2 14.8 15.0 15.0 14.8 15.0 15.8 15.2 
17.5 15.5 15.0 14.8 14.2 15.2 15.2 14.8 
16.5 14.8 15.0 15.0 15.0 15.0 15.2 15.8 
15.2 14.8 14.2 14.8 15.0 14.8 14.8 14.8 


# DIFF
#  0  1  0  1  2  1  2  1
#  2  2  2  1  2  2  2  2
#  1  2  2  2  2  1  5  5
#  0  2  2  2  2  2  5  4
#  2  1  2  2  1  2  2  2
#  4  2  2  1  1  2  2  1
#  3  1  2  2  2  2  2  2
#  2  1  1  1  2  1  1  1
