# TS_TEXT=2019-08-25-12:38:51
# TS_SECS=1566733131.67
# HOST=port-node
# PERCENTILE_10=15.3
# PERCENTILE_90=16.4
# MIN_PIXEL=14.8
# MEDIAN_PIXEL=15.8
# MAX_PIXEL=19.0

# IMAGE
15.8 15.5 15.0 15.2 15.5 15.2 15.5 15.2 
15.5 15.0 16.0 16.0 15.8 16.0 16.0 15.8 
16.0 16.0 16.2 16.2 16.2 16.0 19.0 18.8 
14.8 15.8 15.8 15.5 15.8 16.0 18.8 17.8 
15.5 15.8 16.0 15.8 15.8 15.8 16.0 16.2 
18.5 16.0 16.0 15.8 16.0 15.8 15.8 16.0 
16.5 15.8 15.5 16.2 15.8 15.8 15.8 15.5 
15.8 15.5 15.5 15.5 16.5 16.0 15.5 15.2 


# DIFF
#  1  1  0  0  1  0  1  0
#  1  0  1  1  1  1  1  1
#  1  1  2  2  2  1  4  4
#  0  1  1  1  1  1  4  3
#  1  1  1  1  1  1  1  2
#  4  1  1  1  1  1  1  1
#  2  1  1  2  1  1  1  1
#  1  1  1  1  2  1  1  0
