# TS_TEXT=2019-08-27-14:14:08
# TS_SECS=1566911648.79
# HOST=port-node
# PERCENTILE_10=15.0
# PERCENTILE_90=16.8
# MIN_PIXEL=14.0
# MEDIAN_PIXEL=15.5
# MAX_PIXEL=22.5

# IMAGE
15.8 15.2 15.2 15.5 14.8 16.5 16.0 15.8 
15.8 15.2 15.5 15.5 15.8 15.8 15.2 15.5 
15.5 15.5 15.8 15.8 16.0 16.8 19.0 16.8 
14.0 15.2 15.8 16.2 16.0 19.0 22.0 20.0 
15.8 15.5 15.2 15.2 15.5 16.8 21.5 22.5 
15.5 15.2 15.5 15.5 15.2 15.5 16.8 16.2 
15.0 15.0 15.5 15.8 15.2 16.0 15.5 15.5 
15.0 14.8 14.5 14.8 15.5 15.2 15.5 15.0 


# DIFF
#  2  1  1  2  1  2  2  2
#  2  1  2  2  2  2  1  2
#  2  2  2  2  2  3  5  3
#  0  1  2  2  2  5  8  6
#  2  2  1  1  2  3  8  8
#  2  1  2  2  1  2  3  2
#  1  1  2  2  1  2  2  2
#  1  1  0  1  2  1  2  1
