# TS_TEXT=2019-08-27-14:14:38
# TS_SECS=1566911678.92
# HOST=port-node
# PERCENTILE_10=15.0
# PERCENTILE_90=17.4
# MIN_PIXEL=14.2
# MEDIAN_PIXEL=15.8
# MAX_PIXEL=22.5

# IMAGE
15.8 15.8 14.5 15.0 15.2 15.5 15.8 15.0 
15.8 15.2 15.8 15.8 16.2 16.0 15.5 15.8 
15.0 15.5 15.8 15.8 16.2 17.8 17.0 16.5 
14.2 15.2 16.0 16.2 16.8 20.8 21.5 21.2 
15.5 15.5 16.0 15.2 15.8 17.2 22.2 22.5 
15.8 15.2 15.8 15.2 15.8 15.5 17.5 16.5 
14.8 14.8 15.5 15.5 15.5 16.0 15.8 15.8 
15.2 14.8 15.0 15.2 15.5 15.0 14.8 15.0 


# DIFF
#  2  2  0  1  1  1  2  1
#  2  1  2  2  2  2  1  2
#  1  1  2  2  2  4  3  2
#  0  1  2  2  2  6  7  7
#  1  1  2  1  2  3  8  8
#  2  1  2  1  2  1  3  2
#  0  0  1  1  1  2  2  2
#  1  0  1  1  1  1  0  1
