# TS_TEXT=2019-08-27-14:13:54
# TS_SECS=1566911634.74
# HOST=port-node
# PERCENTILE_10=15.2
# PERCENTILE_90=18.2
# MIN_PIXEL=15.0
# MEDIAN_PIXEL=16.0
# MAX_PIXEL=22.8

# IMAGE
16.5 15.8 15.8 15.5 15.8 16.5 15.8 15.8 
15.5 15.8 16.0 15.8 16.2 15.8 16.2 16.5 
15.0 15.8 15.8 16.0 16.2 18.0 19.2 18.0 
15.0 16.2 16.2 16.2 16.8 20.2 22.8 21.8 
15.8 16.0 16.0 16.2 16.2 18.2 20.5 19.0 
16.0 15.8 16.2 16.2 16.0 15.2 16.5 16.2 
15.0 15.2 15.0 16.2 15.8 16.2 16.0 15.8 
15.2 15.5 15.5 15.2 15.5 15.2 15.2 15.8 


# DIFF
#  2  1  1  0  1  2  1  1
#  0  1  1  1  1  1  1  2
#  0  1  1  1  1  3  4  3
#  0  1  1  1  2  5  8  7
#  1  1  1  1  1  3  6  4
#  1  1  1  1  1  0  2  1
#  0  0  0  1  1  1  1  1
#  0  0  0  0  0  0  0  1
