# TS_TEXT=2019-08-27-14:14:06
# TS_SECS=1566911646.79
# HOST=port-node
# PERCENTILE_10=14.8
# PERCENTILE_90=17.4
# MIN_PIXEL=14.2
# MEDIAN_PIXEL=15.5
# MAX_PIXEL=22.5

# IMAGE
15.2 15.5 14.8 15.0 15.5 15.8 15.5 15.8 
15.8 14.5 15.5 15.5 15.8 15.2 15.2 16.0 
14.8 15.0 15.5 15.8 15.8 17.5 19.2 17.0 
14.5 15.0 15.5 15.5 16.2 19.0 21.5 20.5 
15.2 15.8 16.0 15.2 15.5 17.2 22.0 22.5 
15.0 15.2 15.2 15.0 15.2 15.8 17.0 17.0 
14.2 15.0 15.2 15.5 15.8 16.0 15.2 15.5 
14.5 14.5 15.0 15.5 15.2 14.8 15.5 15.2 


# DIFF
#  1  1  0  1  1  2  1  2
#  2  0  1  1  2  1  1  2
#  0  1  1  2  2  3  5  3
#  0  1  1  1  2  5  7  6
#  1  2  2  1  1  3  8  8
#  1  1  1  1  1  2  3  3
#  0  1  1  1  2  2  1  1
#  0  0  1  1  1  0  1  1
