# TS_TEXT=2019-08-18-23:19:46
# TS_SECS=1566166786.90
# HOST=fore-node
# PERCENTILE_10=13.0
# PERCENTILE_90=14.0
# MIN_PIXEL=0.0
# MEDIAN_PIXEL=13.5
# MAX_PIXEL=14.5

# IMAGE
13.2 13.5 13.5 13.8 13.5 13.8 13.2 13.5 
13.2 13.8 13.2 13.2 13.5 13.0 13.2 13.0 
13.2 13.2 13.5 13.5 13.5 13.8 13.2 13.5 
13.0 13.2 13.5 14.0 13.2 13.5 13.8 14.5 
13.2 14.0 14.0 14.0 14.0 14.0 14.0 13.2 
13.5 12.8 13.5 13.8 14.2 13.2 13.2 13.8 
14.0 13.8 14.0 13.5 14.5 13.2 13.2 13.5 
0.0 12.2 13.8 13.0 13.0 13.5 13.2 13.0 


# DIFF
# 13 14 14 14 14 14 13 14
# 13 14 13 13 14 13 13 13
# 13 13 14 14 14 14 13 14
# 13 13 14 14 13 14 14 14
# 13 14 14 14 14 14 14 13
# 14 13 14 14 14 13 13 14
# 14 14 14 14 14 13 13 14
#  0 12 14 13 13 14 13 13
