# TS_TEXT=2019-08-18-22:10:28
# TS_SECS=1566162628.41
# HOST=starboard-node
# PERCENTILE_10=14.0
# PERCENTILE_90=16.2
# MIN_PIXEL=13.5
# MEDIAN_PIXEL=14.5
# MAX_PIXEL=19.5

# IMAGE
15.0 14.2 13.8 14.5 14.5 14.0 13.5 13.8 
14.0 14.0 14.0 14.5 14.2 14.2 14.2 13.5 
14.2 14.2 14.5 15.0 14.5 14.0 14.5 14.0 
15.0 14.5 14.8 14.5 14.8 14.5 13.8 14.5 
15.5 15.8 17.5 16.2 14.2 14.5 14.2 14.2 
15.2 16.2 18.5 16.0 14.8 14.5 14.8 14.5 
15.8 19.5 19.2 15.2 14.2 14.0 14.2 13.8 
16.0 16.2 15.8 14.5 14.5 14.0 14.5 14.5 


# DIFF
#  2  1  0  1  1  0  0  0
#  0  0  0  1  1  1  1  0
#  1  1  1  2  1  0  1  0
#  2  1  1  1  1  1  0  1
#  2  2  4  3  1  1  1  1
#  2  3  5  2  1  1  1  1
#  2  6  6  2  1  0  1  0
#  2  3  2  1  1  0  1  1
