# TS_TEXT=2019-08-18-22:10:52
# TS_SECS=1566162652.43
# HOST=starboard-node
# PERCENTILE_10=13.5
# PERCENTILE_90=15.9
# MIN_PIXEL=13.0
# MEDIAN_PIXEL=14.2
# MAX_PIXEL=19.2

# IMAGE
13.5 14.2 13.8 14.2 14.2 14.0 13.5 13.0 
14.0 13.8 13.8 14.0 14.0 14.2 13.5 13.5 
14.0 14.0 14.2 14.2 14.5 13.5 14.0 14.0 
14.2 14.0 14.2 14.5 14.5 14.5 13.5 14.2 
14.5 15.0 16.8 15.8 14.2 14.0 14.2 13.8 
15.2 16.2 17.8 17.0 14.0 14.2 14.0 14.8 
14.8 18.2 19.2 16.0 14.8 14.2 14.0 13.5 
15.0 15.8 15.8 14.8 14.2 14.0 14.2 14.0 


# DIFF
#  0  1  1  1  1  1  0  0
#  1  1  1  1  1  1  0  0
#  1  1  1  1  2  0  1  1
#  1  1  1  2  2  2  0  1
#  2  2  4  3  1  1  1  1
#  2  3  5  4  1  1  1  2
#  2  5  6  3  2  1  1  0
#  2  3  3  2  1  1  1  1
