# TS_TEXT=2019-08-25-13:21:02
# TS_SECS=1566735662.23
# HOST=centre-node
# PERCENTILE_10=14.8
# PERCENTILE_90=16.9
# MIN_PIXEL=14.5
# MEDIAN_PIXEL=15.5
# MAX_PIXEL=19.8

# IMAGE
15.5 14.5 15.2 14.8 14.8 15.0 15.5 14.8 
15.5 15.0 15.2 16.0 15.2 15.0 15.2 14.8 
14.5 14.8 16.5 16.8 15.8 15.5 15.2 14.8 
15.2 15.8 17.0 19.8 17.5 15.5 15.2 15.0 
15.5 16.0 17.5 19.8 16.8 15.5 15.0 15.5 
16.0 16.2 17.8 18.8 16.5 15.2 15.8 15.2 
16.5 16.0 16.5 16.2 15.5 15.0 15.5 14.8 
16.0 16.0 16.5 15.8 16.0 15.5 16.0 15.0 


# DIFF
#  1  0  1  0  0  0  1  0
#  1  0  1  2  1  0  1  0
#  0  0  2  2  1  1  1  0
#  1  1  2  5  3  1  1  0
#  1  2  3  5  2  1  0  1
#  2  2  3  4  2  1  1  1
#  2  2  2  2  1  0  1  0
#  2  2  2  1  2  1  2  0
