# TS_TEXT=2019-08-25-13:20:54
# TS_SECS=1566735654.20
# HOST=centre-node
# PERCENTILE_10=15.0
# PERCENTILE_90=16.8
# MIN_PIXEL=14.2
# MEDIAN_PIXEL=15.5
# MAX_PIXEL=19.5

# IMAGE
15.0 15.2 15.5 14.8 15.0 15.0 15.0 15.2 
15.0 15.0 14.8 15.5 15.2 15.2 14.8 15.0 
15.2 15.2 16.8 16.5 15.8 15.5 15.0 14.2 
15.8 16.2 18.5 18.5 16.0 15.5 15.5 15.5 
15.5 16.5 19.5 16.8 16.5 15.5 15.2 15.2 
16.2 17.0 18.0 16.2 16.0 15.8 15.2 15.2 
16.0 16.2 16.8 15.5 15.5 15.2 15.2 15.0 
16.0 16.2 16.2 16.0 15.8 15.2 15.2 15.0 


# DIFF
#  1  1  1  0  1  1  1  1
#  1  1  0  1  1  1  0  1
#  1  1  2  2  2  1  1  0
#  2  2  4  4  2  1  1  1
#  1  2  5  2  2  1  1  1
#  2  3  4  2  2  2  1  1
#  2  2  2  1  1  1  1  1
#  2  2  2  2  2  1  1  1
