# TS_TEXT=2019-08-25-12:47:09
# TS_SECS=1566733629.87
# HOST=port-node
# PERCENTILE_10=14.8
# PERCENTILE_90=16.7
# MIN_PIXEL=14.0
# MEDIAN_PIXEL=15.2
# MAX_PIXEL=19.8

# IMAGE
14.0 15.0 14.2 15.0 14.8 15.0 15.2 14.2 
15.5 15.0 15.5 15.5 15.5 15.2 14.8 15.0 
14.5 15.5 15.0 15.5 17.2 16.2 15.8 15.0 
14.2 15.0 15.5 16.0 19.5 19.8 16.5 15.2 
14.8 15.8 15.2 16.0 18.5 18.8 16.8 15.2 
17.5 15.8 15.5 15.2 16.0 16.0 16.0 14.8 
16.2 15.0 14.8 15.2 15.2 15.8 15.5 15.2 
15.5 14.8 14.8 14.8 15.8 14.8 15.0 15.8 


# DIFF
#  0  1  0  1  1  1  1  0
#  2  1  2  2  2  1  1  1
#  0  2  1  2  3  2  2  1
#  0  1  2  2  6  6  2  1
#  1  2  1  2  4  5  3  1
#  4  2  2  1  2  2  2  1
#  2  1  1  1  1  2  2  1
#  2  1  1  1  2  1  1  2
