# TS_TEXT=2019-08-19-08:21:59
# TS_SECS=1566199319.48
# HOST=starboard-node
# PERCENTILE_10=14.0
# PERCENTILE_90=17.8
# MIN_PIXEL=13.8
# MEDIAN_PIXEL=14.8
# MAX_PIXEL=20.8

# IMAGE
16.2 15.2 13.8 14.2 14.2 14.0 14.2 14.5 
14.8 14.5 14.8 14.8 14.2 14.0 14.0 14.0 
14.5 14.8 14.5 15.0 15.0 14.0 14.8 13.8 
14.8 14.5 14.5 15.2 15.2 15.0 14.0 14.8 
15.0 14.8 14.8 15.2 15.0 14.5 14.2 14.2 
14.5 15.0 15.8 18.0 16.8 15.5 15.0 14.8 
14.5 14.2 18.2 20.2 20.8 17.2 15.0 14.0 
14.5 15.8 16.0 18.2 19.8 18.5 15.0 14.5 


# DIFF
#  2  2  0  0  0  0  0  1
#  1  1  1  1  0  0  0  0
#  1  1  1  1  1  0  1  0
#  1  1  1  2  2  1  0  1
#  1  1  1  2  1  1  0  0
#  1  1  2  4  3  2  1  1
#  1  0  4  6  7  4  1  0
#  1  2  2  4  6  5  1  1
