# TS_TEXT=2019-08-18-21:30:46
# TS_SECS=1566160246.88
# HOST=centre-node
# PERCENTILE_10=14.0
# PERCENTILE_90=16.2
# MIN_PIXEL=13.8
# MEDIAN_PIXEL=14.8
# MAX_PIXEL=20.0

# IMAGE
14.8 14.0 15.0 14.2 13.8 14.5 13.8 15.2 
14.0 14.0 14.2 14.5 14.2 14.0 13.8 14.0 
13.8 14.0 14.8 15.5 15.8 16.0 15.0 14.5 
14.8 14.5 17.2 20.0 17.8 17.2 16.2 14.8 
14.0 14.8 16.2 17.2 16.5 15.0 14.5 14.8 
14.8 14.8 14.8 15.5 15.0 14.2 14.8 14.5 
14.8 13.8 14.8 15.0 14.8 14.2 14.5 14.2 
14.2 15.0 14.8 14.5 14.5 14.8 14.5 14.5 


# DIFF
#  1  0  1  0  0  1  0  2
#  0  0  0  1  0  0  0  0
#  0  0  1  2  2  2  1  1
#  1  1  4  6  4  4  2  1
#  0  1  2  4  3  1  1  1
#  1  1  1  2  1  0  1  1
#  1  0  1  1  1  0  1  0
#  0  1  1  1  1  1  1  1
