# TS_TEXT=2019-08-18-23:03:59
# TS_SECS=1566165839.60
# HOST=aft-node
# PERCENTILE_10=13.8
# PERCENTILE_90=14.5
# MIN_PIXEL=0.0
# MEDIAN_PIXEL=14.2
# MAX_PIXEL=15.2

# IMAGE
14.2 14.2 14.2 14.5 14.2 13.8 14.0 13.8 
15.2 14.2 14.5 14.5 14.0 14.2 13.8 13.5 
14.0 14.0 14.5 14.2 14.2 14.0 14.0 13.8 
14.0 14.2 14.2 14.0 14.5 13.8 14.2 14.5 
14.2 13.8 14.0 14.2 14.2 14.2 14.2 14.0 
14.0 14.5 14.2 14.5 14.5 14.2 14.2 13.5 
15.0 14.5 15.0 14.5 14.5 14.0 13.8 14.5 
0.0 13.5 14.2 14.2 14.0 14.5 14.0 14.0 


# DIFF
# 14 14 14 14 14 14 14 14
# 15 14 14 14 14 14 14 14
# 14 14 14 14 14 14 14 14
# 14 14 14 14 14 14 14 14
# 14 14 14 14 14 14 14 14
# 14 14 14 14 14 14 14 14
# 15 14 15 14 14 14 14 14
#  0 14 14 14 14 14 14 14
