# TS_TEXT=2019-08-27-14:02:14
# TS_SECS=1566910934.97
# HOST=aft-node
# PERCENTILE_10=15.1
# PERCENTILE_90=17.7
# MIN_PIXEL=14.8
# MEDIAN_PIXEL=16.0
# MAX_PIXEL=23.8

# IMAGE
15.8 16.0 16.0 15.8 16.5 15.5 15.0 14.8 
15.8 16.0 16.5 16.8 16.5 15.5 15.2 15.5 
16.0 16.0 16.2 20.8 19.2 16.2 16.0 15.5 
16.0 17.0 17.8 23.8 22.2 16.5 15.8 15.5 
16.2 16.0 17.5 23.0 21.2 16.2 16.2 15.5 
16.0 15.8 16.5 17.0 17.0 15.5 16.0 15.2 
15.2 15.2 15.2 15.8 15.8 16.2 15.5 15.0 
15.5 15.0 15.5 15.0 15.0 14.8 15.2 15.2 


# DIFF
#  1  1  1  1  2  1  0  0
#  1  1  2  2  2  1  0  1
#  1  1  2  6  4  2  1  1
#  1  2  3  9  8  2  1  1
#  2  1  3  8  6  2  2  1
#  1  1  2  2  2  1  1  0
#  0  0  0  1  1  2  1  0
#  1  0  1  0  0  0  0  0
