# TS_TEXT=2019-08-27-14:01:29
# TS_SECS=1566910889.67
# HOST=aft-node
# PERCENTILE_10=14.0
# PERCENTILE_90=16.4
# MIN_PIXEL=13.2
# MEDIAN_PIXEL=14.8
# MAX_PIXEL=21.5

# IMAGE
14.2 14.8 14.8 15.0 15.0 14.5 14.2 13.2 
15.0 15.2 15.0 16.0 15.2 15.0 14.5 14.5 
15.2 15.0 15.2 18.0 19.2 15.2 14.5 14.5 
14.8 15.0 16.2 21.2 20.8 15.5 14.8 14.5 
14.8 15.0 15.8 21.2 21.5 15.8 14.8 14.5 
14.5 14.2 14.8 16.5 16.2 15.0 14.8 13.8 
13.8 14.2 14.2 14.2 14.8 14.5 14.0 14.0 
14.0 14.5 14.8 14.0 13.8 14.0 13.8 13.2 


# DIFF
#  1  2  2  2  2  1  1  0
#  2  2  2  3  2  2  1  1
#  2  2  2  5  6  2  1  1
#  2  2  3  8  8  2  2  1
#  2  2  2  8  8  2  2  1
#  1  1  2  3  3  2  2  0
#  0  1  1  1  2  1  1  1
#  1  1  2  1  0  1  0  0
