# TS_TEXT=2019-08-27-14:01:32
# TS_SECS=1566910892.69
# HOST=aft-node
# PERCENTILE_10=15.0
# PERCENTILE_90=17.6
# MIN_PIXEL=14.2
# MEDIAN_PIXEL=15.8
# MAX_PIXEL=23.0

# IMAGE
15.8 15.5 15.8 15.5 16.0 15.2 15.8 14.5 
15.8 16.0 16.0 16.5 16.5 16.5 15.8 15.0 
16.5 16.2 16.0 19.2 20.8 16.8 15.8 15.5 
15.8 16.2 17.2 22.2 21.8 17.0 15.2 15.5 
15.8 15.2 16.8 22.5 23.0 16.8 16.2 15.5 
15.8 15.5 16.2 16.8 17.8 16.0 15.8 15.0 
15.0 14.8 15.5 15.5 15.8 16.0 15.2 15.2 
14.2 15.2 15.0 15.2 15.0 15.0 14.5 14.5 


# DIFF
#  2  1  2  1  2  1  2  0
#  2  2  2  2  2  2  2  1
#  2  2  2  5  6  2  2  1
#  2  2  3  8  8  3  1  1
#  2  1  2  8  9  2  2  1
#  2  1  2  2  4  2  2  1
#  1  0  1  1  2  2  1  1
#  0  1  1  1  1  1  0  0
