# TS_TEXT=2019-08-25-16:32:53
# TS_SECS=1566747173.14
# HOST=centre-node
# PERCENTILE_10=15.2
# PERCENTILE_90=16.7
# MIN_PIXEL=14.2
# MEDIAN_PIXEL=15.8
# MAX_PIXEL=21.0

# IMAGE
16.0 15.8 15.8 15.2 15.0 15.2 15.0 14.8 
15.2 15.2 15.5 15.5 15.5 15.8 15.5 14.2 
15.8 15.5 15.8 15.5 16.0 15.8 16.0 15.2 
16.2 16.2 16.8 15.8 16.2 17.0 16.2 16.0 
15.8 16.8 21.0 16.2 16.0 15.5 15.2 15.8 
15.8 16.8 18.0 16.5 16.2 15.8 15.8 15.5 
16.8 16.2 16.2 16.5 16.0 15.5 15.8 15.8 
16.5 16.5 16.5 16.0 15.8 16.2 15.5 15.5 


# DIFF
#  2  2  2  1  1  1  1  0
#  1  1  1  1  1  2  1  0
#  2  1  2  1  2  2  2  1
#  2  2  2  2  2  3  2  2
#  2  2  7  2  2  1  1  2
#  2  2  4  2  2  2  2  1
#  2  2  2  2  2  1  2  2
#  2  2  2  2  2  2  1  1
