# TS_TEXT=2019-08-25-16:11:29
# TS_SECS=1566745889.18
# HOST=centre-node
# PERCENTILE_10=15.8
# PERCENTILE_90=17.0
# MIN_PIXEL=15.2
# MEDIAN_PIXEL=16.2
# MAX_PIXEL=27.2

# IMAGE
16.8 16.2 16.2 16.0 16.0 15.8 15.2 16.2 
16.2 16.8 16.2 16.8 16.2 15.8 15.5 15.5 
16.5 17.2 16.8 16.0 16.5 15.5 16.2 15.2 
17.8 27.2 17.5 15.8 16.5 15.8 16.0 15.5 
16.8 17.0 16.8 16.2 17.0 16.5 16.0 16.2 
16.5 16.8 16.0 16.8 17.2 16.5 16.8 16.0 
16.5 16.2 17.0 16.8 16.0 16.8 16.0 16.8 
16.2 16.5 17.0 16.2 16.8 16.0 16.2 16.0 


# DIFF
#  2  1  1  1  1  0  0  1
#  1  2  1  2  1  0  0  0
#  1  2  2  1  1  0  1  0
#  2 12  2  0  1  0  1  0
#  2  2  2  1  2  1  1  1
#  1  2  1  2  2  1  2  1
#  1  1  2  2  1  2  1  2
#  1  1  2  1  2  1  1  1
