# TS_TEXT=2019-08-18-22:31:37
# TS_SECS=1566163897.63
# HOST=starboard-node
# PERCENTILE_10=14.5
# PERCENTILE_90=16.9
# MIN_PIXEL=14.2
# MEDIAN_PIXEL=15.0
# MAX_PIXEL=20.2

# IMAGE
14.8 14.8 14.5 15.0 14.5 15.2 14.8 14.8 
14.5 14.8 14.8 15.0 14.8 14.8 15.2 14.2 
15.2 15.8 15.5 15.0 15.0 14.2 14.8 15.0 
15.8 18.2 18.2 15.2 14.8 15.0 14.5 15.0 
17.2 20.2 17.2 15.2 14.5 14.8 15.0 14.8 
18.2 18.2 16.0 14.8 14.5 15.0 14.8 15.0 
15.5 15.0 15.5 14.8 15.0 14.2 14.2 14.5 
15.2 15.2 15.0 14.5 14.8 14.5 14.5 15.0 


# DIFF
#  0  0  0  1  0  1  0  0
#  0  0  0  1  0  0  1  0
#  1  2  1  1  1  0  0  1
#  2  4  4  1  0  1  0  1
#  3  6  3  1  0  0  1  0
#  4  4  2  0  0  1  0  1
#  1  1  1  0  1  0  0  0
#  1  1  1  0  0  0  0  1
