# TS_TEXT=2019-08-25-12:45:48
# TS_SECS=1566733548.57
# HOST=aft-node
# PERCENTILE_10=13.5
# PERCENTILE_90=15.2
# MIN_PIXEL=13.0
# MEDIAN_PIXEL=14.2
# MAX_PIXEL=18.5

# IMAGE
13.5 14.2 14.5 14.2 15.0 14.2 14.0 13.5 
14.2 14.0 15.2 16.0 14.8 14.2 14.0 14.2 
14.8 14.8 16.8 18.5 15.8 14.0 14.2 14.5 
14.2 14.5 16.2 18.0 14.8 14.2 14.5 14.5 
14.8 14.5 14.5 14.0 14.0 14.0 14.2 14.5 
14.5 14.0 14.2 14.2 14.0 14.0 14.5 13.5 
14.2 13.8 14.0 13.2 13.5 14.2 13.8 14.5 
13.8 14.2 14.2 13.8 13.5 13.0 13.0 13.8 


# DIFF
#  0  1  2  1  2  1  1  0
#  1  1  2  3  2  1  1  1
#  2  2  4  6  3  1  1  2
#  1  2  3  5  2  1  2  2
#  2  2  2  1  1  1  1  2
#  2  1  1  1  1  1  2  0
#  1  1  1  0  0  1  1  2
#  1  1  1  1  0  0  0  1
