# TS_TEXT=2019-08-18-22:05:28
# TS_SECS=1566162328.77
# HOST=port-node
# PERCENTILE_10=13.3
# PERCENTILE_90=16.2
# MIN_PIXEL=13.0
# MEDIAN_PIXEL=14.2
# MAX_PIXEL=18.0

# IMAGE
14.0 14.0 14.5 16.2 17.0 14.0 13.0 14.0 
13.8 14.0 14.2 16.0 17.2 13.2 13.0 13.5 
14.0 14.0 14.2 14.5 18.0 13.8 14.8 14.8 
15.0 14.0 14.8 14.5 15.0 14.5 16.2 17.0 
14.8 14.8 14.8 15.0 15.0 14.2 16.0 17.2 
13.2 14.0 13.8 14.0 13.0 14.0 14.5 18.0 
14.0 13.8 14.0 13.2 13.0 13.5 14.5 15.0 
13.8 13.5 13.8 13.8 14.8 14.8 15.0 15.0 


# DIFF
#  1  1  2  3  4  1  0  1
#  1  1  1  3  4  0  0  0
#  1  1  1  2  5  1  2  2
#  2  1  2  2  2  2  3  4
#  2  2  2  2  2  1  3  4
#  0  1  1  1  0  1  2  5
#  1  1  1  0  0  0  2  2
#  1  0  1  1  2  2  2  2
