# TS_TEXT=2019-08-18-21:50:41
# TS_SECS=1566161441.59
# HOST=port-node
# PERCENTILE_10=13.8
# PERCENTILE_90=17.5
# MIN_PIXEL=13.2
# MEDIAN_PIXEL=14.8
# MAX_PIXEL=18.2

# IMAGE
14.2 14.2 15.2 17.5 17.5 14.2 13.5 14.5 
14.8 14.5 15.0 18.0 17.5 14.5 13.8 14.5 
15.2 14.8 15.8 17.0 18.2 14.2 15.0 14.2 
15.0 15.2 15.2 15.5 16.0 15.0 15.2 15.8 
13.5 13.2 13.5 14.2 13.5 14.5 17.5 17.5 
14.0 14.2 14.5 14.5 13.8 14.5 18.0 17.5 
14.0 14.0 14.2 14.2 15.0 14.2 17.0 18.2 
14.2 14.2 14.2 15.0 15.2 15.8 15.5 16.0 


# DIFF
#  1  1  2  4  4  1  0  1
#  2  1  2  5  4  1  0  1
#  2  2  2  4  5  1  2  1
#  2  2  2  2  3  2  2  2
#  0  0  0  1  0  1  4  4
#  1  1  1  1  0  1  5  4
#  1  1  1  1  2  1  4  5
#  1  1  1  2  2  2  2  3
