# TS_TEXT=2019-08-18-21:50:36
# TS_SECS=1566161436.55
# HOST=port-node
# PERCENTILE_10=13.3
# PERCENTILE_90=18.0
# MIN_PIXEL=13.2
# MEDIAN_PIXEL=14.5
# MAX_PIXEL=18.2

# IMAGE
14.0 14.0 14.5 13.5 14.5 15.2 13.2 13.5 
14.2 14.0 14.0 14.5 15.0 15.5 13.2 14.2 
14.2 14.0 14.0 14.8 16.5 18.0 14.5 14.5 
14.8 14.8 14.2 14.2 18.0 18.0 15.0 15.5 
13.8 14.8 14.5 15.0 17.2 18.2 16.5 18.0 
15.0 14.8 14.5 14.8 15.2 14.8 18.0 18.0 
13.5 13.2 13.5 14.0 13.2 13.2 13.8 18.2 
14.0 13.5 14.0 14.0 13.2 13.2 14.0 14.8 


# DIFF
#  1  1  1  0  1  2  0  0
#  1  1  1  1  2  2  0  1
#  1  1  1  2  3  5  1  1
#  2  2  1  1  5  5  2  2
#  0  2  1  2  4  5  3  5
#  2  2  1  2  2  2  5  5
#  0  0  0  1  0  0  0  5
#  1  0  1  1  0  0  1  2
