# TS_TEXT=2019-08-19-08:23:59
# TS_SECS=1566199439.06
# HOST=aft-node
# PERCENTILE_10=13.2
# PERCENTILE_90=15.2
# MIN_PIXEL=0.0
# MEDIAN_PIXEL=14.0
# MAX_PIXEL=19.8

# IMAGE
14.2 14.5 14.2 14.2 14.8 18.0 18.5 15.2 
14.2 14.2 14.5 14.2 14.2 17.0 19.8 18.5 
14.0 14.5 14.0 14.5 14.2 14.8 15.2 19.5 
14.5 14.0 13.8 13.8 14.2 13.5 14.2 14.0 
13.5 13.8 13.8 14.5 13.8 13.8 14.2 13.5 
13.2 13.5 13.0 13.5 13.8 13.2 13.2 13.5 
12.8 14.0 13.0 13.0 13.2 13.5 13.2 13.5 
0.0 14.5 14.0 14.0 14.0 15.2 14.8 15.2 


# DIFF
# 14 14 14 14 15 18 18 15
# 14 14 14 14 14 17 20 18
# 14 14 14 14 14 15 15 20
# 14 14 14 14 14 14 14 14
# 14 14 14 14 14 14 14 14
# 13 14 13 14 14 13 13 14
# 13 14 13 13 13 14 13 14
#  0 14 14 14 14 15 15 15
