# TS_TEXT=2019-08-19-08:24:18
# TS_SECS=1566199458.23
# HOST=aft-node
# PERCENTILE_10=13.0
# PERCENTILE_90=15.9
# MIN_PIXEL=0.0
# MEDIAN_PIXEL=13.8
# MAX_PIXEL=21.0

# IMAGE
14.5 15.2 19.2 18.5 17.0 15.0 14.5 13.5 
14.0 14.2 14.0 14.2 14.0 14.0 13.8 13.5 
13.8 14.2 14.0 14.2 13.5 13.8 14.0 14.0 
14.0 13.8 14.0 13.5 14.0 13.8 14.0 13.2 
13.8 13.8 13.8 13.8 13.5 13.8 13.8 13.2 
13.2 13.2 13.2 12.8 13.2 13.5 13.8 12.8 
13.0 13.2 12.8 13.2 13.0 13.2 13.0 13.2 
0.0 14.5 16.0 21.0 20.5 20.2 15.5 12.5 


# DIFF
# 14 15 19 18 17 15 14 14
# 14 14 14 14 14 14 14 14
# 14 14 14 14 14 14 14 14
# 14 14 14 14 14 14 14 13
# 14 14 14 14 14 14 14 13
# 13 13 13 13 13 14 14 13
# 13 13 13 13 13 13 13 13
#  0 14 16 21 20 20 16 12
