# TS_TEXT=2019-08-19-08:24:06
# TS_SECS=1566199446.12
# HOST=aft-node
# PERCENTILE_10=13.0
# PERCENTILE_90=14.5
# MIN_PIXEL=0.0
# MEDIAN_PIXEL=13.9
# MAX_PIXEL=19.0

# IMAGE
14.2 14.2 14.2 14.0 14.5 16.2 19.0 18.5 
14.5 14.2 13.8 14.5 13.8 14.8 16.2 14.5 
13.5 14.5 14.0 14.0 13.8 13.8 14.0 14.2 
13.8 13.8 14.5 13.8 14.0 13.5 14.0 14.5 
13.5 13.8 14.0 14.0 13.8 14.0 13.8 14.0 
13.2 13.0 13.8 12.5 14.0 13.8 13.8 13.0 
12.8 13.8 13.8 13.5 13.0 13.0 13.0 12.8 
0.0 13.8 14.0 13.8 14.0 14.5 16.5 13.2 


# DIFF
# 14 14 14 14 14 16 19 18
# 14 14 14 14 14 15 16 14
# 14 14 14 14 14 14 14 14
# 14 14 14 14 14 14 14 14
# 14 14 14 14 14 14 14 14
# 13 13 14 12 14 14 14 13
# 13 14 14 14 13 13 13 13
#  0 14 14 14 14 14 16 13
