# TS_TEXT=2019-08-19-08:24:15
# TS_SECS=1566199455.21
# HOST=aft-node
# PERCENTILE_10=13.0
# PERCENTILE_90=14.4
# MIN_PIXEL=12.5
# MEDIAN_PIXEL=13.8
# MAX_PIXEL=18.0

# IMAGE
13.8 14.2 13.5 13.8 13.0 13.8 13.8 13.5 
13.5 13.8 13.5 14.2 13.8 13.5 13.0 13.8 
13.0 13.2 12.5 13.0 13.2 13.2 13.2 14.0 
13.0 12.8 12.8 12.8 13.8 13.2 13.2 14.0 
14.2 15.5 17.5 18.0 16.5 14.0 14.0 13.5 
14.0 14.2 14.8 15.0 14.2 14.5 13.8 13.8 
14.0 14.0 14.2 14.0 13.5 13.8 13.8 14.0 
13.5 14.2 14.2 14.2 13.8 14.0 13.8 14.0 


# DIFF
#  1  2  1  1  0  1  1  1
#  1  1  1  2  1  1  0  1
#  0  1  0  0  1  1  1  2
#  0  0  0  0  1  1  1  2
#  2  3  5  6  4  2  2  1
#  2  2  2  2  2  2  1  1
#  2  2  2  2  1  1  1  2
#  1  2  2  2  1  2  1  2
