# TS_TEXT=2019-08-19-08:23:56
# TS_SECS=1566199436.03
# HOST=aft-node
# PERCENTILE_10=13.5
# PERCENTILE_90=17.3
# MIN_PIXEL=0.0
# MEDIAN_PIXEL=14.0
# MAX_PIXEL=20.8

# IMAGE
14.0 14.0 14.0 14.5 15.0 19.8 20.8 20.0 
14.0 14.2 14.0 14.5 15.0 20.5 19.5 16.2 
13.5 14.8 14.0 14.8 14.0 17.8 19.0 15.8 
14.0 14.2 14.5 14.0 14.0 14.8 15.0 14.8 
13.8 14.0 14.0 13.8 13.8 14.0 14.2 14.0 
13.5 13.8 13.8 13.2 13.5 13.8 14.2 14.2 
13.2 13.5 13.2 13.5 13.2 13.5 13.0 13.5 
0.0 14.5 14.2 14.0 14.5 15.5 13.8 14.0 


# DIFF
# 14 14 14 14 15 20 21 20
# 14 14 14 14 15 20 20 16
# 14 15 14 15 14 18 19 16
# 14 14 14 14 14 15 15 15
# 14 14 14 14 14 14 14 14
# 14 14 14 13 14 14 14 14
# 13 14 13 14 13 14 13 14
#  0 14 14 14 14 16 14 14
