# TS_TEXT=2019-08-18-23:00:59
# TS_SECS=1566165659.50
# HOST=centre-node
# PERCENTILE_10=13.5
# PERCENTILE_90=14.8
# MIN_PIXEL=13.2
# MEDIAN_PIXEL=14.2
# MAX_PIXEL=17.5

# IMAGE
14.5 15.5 17.5 16.5 13.8 13.5 13.8 13.8 
14.5 14.2 16.0 15.2 13.5 13.5 14.0 13.2 
13.8 13.5 14.5 14.2 14.0 14.0 13.8 13.8 
14.5 14.2 14.0 13.8 14.0 14.0 14.0 13.8 
14.2 14.2 14.2 14.5 14.5 13.8 13.8 14.2 
13.8 14.2 13.5 14.8 14.8 14.0 14.2 13.5 
14.8 14.2 14.8 14.5 14.5 14.2 14.0 13.5 
14.8 14.2 15.0 14.0 13.8 14.5 14.0 14.8 


# DIFF
#  1  2  4  3  0  0  0  0
#  1  1  3  2  0  0  1  0
#  0  0  1  1  1  1  0  0
#  1  1  1  0  1  1  1  0
#  1  1  1  1  1  0  0  1
#  0  1  0  2  2  1  1  0
#  2  1  2  1  1  1  1  0
#  2  1  2  1  0  1  1  2
