# TS_TEXT=2019-08-27-14:25:49
# TS_SECS=1566912349.30
# HOST=aft-node
# PERCENTILE_10=16.0
# PERCENTILE_90=19.2
# MIN_PIXEL=15.2
# MEDIAN_PIXEL=16.6
# MAX_PIXEL=22.0

# IMAGE
17.0 16.8 17.2 17.2 17.2 17.0 16.2 15.5 
17.2 17.5 19.8 19.0 19.2 18.0 16.5 16.0 
17.2 20.0 22.0 21.8 19.5 17.2 16.2 16.2 
17.0 19.5 18.8 18.0 17.8 17.0 16.2 16.0 
16.8 16.8 17.0 16.8 17.0 16.5 16.8 16.0 
16.5 16.2 17.0 16.8 16.5 16.2 16.2 16.0 
15.8 16.2 16.0 16.0 16.2 16.2 16.2 16.2 
16.0 16.2 16.5 15.8 15.5 16.0 15.5 15.2 


# DIFF
#  2  2  2  2  2  2  1  0
#  2  2  4  4  4  3  1  1
#  2  5  7  6  4  2  1  1
#  2  4  4  3  2  2  1  1
#  2  2  2  2  2  1  2  1
#  1  1  2  2  1  1  1  1
#  0  1  1  1  1  1  1  1
#  1  1  1  0  0  1  0  0
