# TS_TEXT=2019-08-27-14:27:00
# TS_SECS=1566912420.69
# HOST=aft-node
# PERCENTILE_10=14.8
# PERCENTILE_90=17.5
# MIN_PIXEL=14.2
# MEDIAN_PIXEL=15.5
# MAX_PIXEL=20.8

# IMAGE
15.0 15.2 15.8 15.8 16.2 15.0 15.2 15.5 
16.2 15.8 16.5 17.5 16.8 15.8 15.5 15.2 
16.0 16.5 18.8 20.8 18.2 16.2 15.5 15.2 
15.5 16.5 18.8 20.0 19.8 17.5 15.8 15.2 
15.8 15.2 16.0 16.0 17.2 17.5 15.8 15.0 
15.0 14.8 16.0 15.2 15.5 15.0 15.0 14.5 
15.0 15.0 15.0 14.5 15.0 15.2 14.8 15.2 
14.8 15.0 15.2 15.0 14.5 14.2 14.2 14.2 


# DIFF
#  1  1  2  2  2  1  1  1
#  2  2  2  3  2  2  1  1
#  2  2  4  6  4  2  1  1
#  1  2  4  6  6  3  2  1
#  2  1  2  2  3  3  2  1
#  1  0  2  1  1  1  1  0
#  1  1  1  0  1  1  0  1
#  0  1  1  1  0  0  0  0
