# TS_TEXT=2019-08-27-14:28:44
# TS_SECS=1566912524.30
# HOST=aft-node
# PERCENTILE_10=15.6
# PERCENTILE_90=18.4
# MIN_PIXEL=15.0
# MEDIAN_PIXEL=16.5
# MAX_PIXEL=22.8

# IMAGE
15.8 16.5 16.5 16.2 16.5 16.0 15.8 15.0 
16.8 16.2 17.0 17.0 16.8 16.5 16.5 16.0 
17.0 16.5 17.2 19.2 18.0 16.8 16.2 15.8 
16.5 17.0 19.0 22.8 20.2 18.2 17.2 16.0 
16.2 16.5 17.0 18.2 20.5 20.2 18.5 16.5 
16.0 16.2 16.8 16.5 16.8 17.0 17.2 15.5 
16.0 15.8 16.0 15.8 16.2 16.5 16.2 16.0 
16.2 15.5 16.5 15.8 15.2 15.2 15.5 15.5 


# DIFF
#  1  2  2  1  2  1  1  0
#  2  1  2  2  2  2  2  1
#  2  2  2  4  3  2  1  1
#  2  2  4  8  5  3  2  1
#  1  2  2  3  6  5  4  2
#  1  1  2  2  2  2  2  0
#  1  1  1  1  1  2  1  1
#  1  0  2  1  0  0  0  0
