# TS_TEXT=2019-08-27-14:24:08
# TS_SECS=1566912248.67
# HOST=aft-node
# PERCENTILE_10=16.2
# PERCENTILE_90=19.7
# MIN_PIXEL=15.2
# MEDIAN_PIXEL=17.0
# MAX_PIXEL=23.0

# IMAGE
16.5 17.5 17.8 17.8 17.5 16.8 16.8 16.2 
17.2 18.0 18.8 21.0 17.8 17.5 17.2 16.5 
17.2 17.8 19.5 21.8 20.5 17.8 16.8 16.8 
16.8 17.2 18.0 19.8 23.0 20.8 17.2 16.2 
16.5 17.0 18.0 18.0 19.8 17.8 17.2 16.5 
16.5 17.2 17.0 17.0 17.2 17.0 17.0 15.8 
16.8 16.2 16.5 16.2 16.5 17.0 16.2 16.2 
16.0 16.8 16.2 16.5 16.2 16.2 16.2 15.2 


# DIFF
#  1  2  2  2  2  2  2  1
#  2  3  4  6  2  2  2  1
#  2  2  4  6  5  2  2  2
#  2  2  3  4  8  6  2  1
#  1  2  3  3  4  2  2  1
#  1  2  2  2  2  2  2  0
#  2  1  1  1  1  2  1  1
#  1  2  1  1  1  1  1  0
