# TS_TEXT=2019-08-27-14:26:55
# TS_SECS=1566912415.66
# HOST=aft-node
# PERCENTILE_10=14.8
# PERCENTILE_90=17.8
# MIN_PIXEL=14.5
# MEDIAN_PIXEL=15.6
# MAX_PIXEL=21.5

# IMAGE
15.8 16.0 15.5 16.0 16.2 15.5 15.5 14.5 
16.5 16.5 16.8 17.8 17.0 16.5 15.8 15.0 
15.8 17.0 18.5 21.2 19.8 18.2 16.2 14.5 
15.8 16.2 18.2 21.5 17.8 17.8 15.8 15.2 
15.8 15.5 16.2 16.8 15.8 14.8 15.8 15.0 
15.5 15.5 15.5 15.2 15.8 15.2 15.0 15.0 
15.5 15.0 15.0 15.0 15.0 15.5 15.2 14.5 
15.2 15.8 15.5 15.0 14.5 14.5 14.5 14.8 


# DIFF
#  1  2  1  2  2  1  1  0
#  2  2  2  3  2  2  1  0
#  1  2  4  7  5  4  2  0
#  1  2  4  7  3  3  1  1
#  1  1  2  2  1  0  1  0
#  1  1  1  1  1  1  0  0
#  1  0  0  0  0  1  1  0
#  1  1  1  0  0  0  0  0
