# TS_TEXT=2019-08-27-14:15:14
# TS_SECS=1566911714.42
# HOST=fore-node
# PERCENTILE_10=14.8
# PERCENTILE_90=18.5
# MIN_PIXEL=14.5
# MEDIAN_PIXEL=15.8
# MAX_PIXEL=22.8

# IMAGE
14.8 15.0 15.5 14.5 16.0 14.5 14.5 14.5 
15.5 15.5 15.8 15.8 16.0 16.2 14.8 15.0 
16.0 15.5 16.2 15.8 16.2 15.5 15.5 15.2 
15.2 15.8 16.5 19.8 17.2 16.2 15.2 15.5 
16.5 15.8 16.5 21.8 21.8 19.5 16.8 15.5 
15.5 16.2 16.2 18.5 22.8 21.2 16.8 15.5 
14.5 15.0 16.2 16.8 18.5 16.8 15.8 15.5 
15.5 15.8 15.8 15.8 16.0 15.5 15.2 15.0 


# DIFF
#  0  0  1  0  2  0  0  0
#  1  1  1  1  2  2  0  0
#  2  1  2  1  2  1  1  1
#  1  1  2  5  3  2  1  1
#  2  1  2  7  7  5  2  1
#  1  2  2  4  8  7  2  1
#  0  0  2  2  4  2  1  1
#  1  1  1  1  2  1  1  0
