# TS_TEXT=2019-08-27-14:14:53
# TS_SECS=1566911693.32
# HOST=fore-node
# PERCENTILE_10=14.8
# PERCENTILE_90=18.6
# MIN_PIXEL=13.8
# MEDIAN_PIXEL=15.5
# MAX_PIXEL=23.0

# IMAGE
14.5 15.0 14.5 15.0 15.5 14.5 14.8 13.8 
15.5 15.2 15.0 15.2 15.2 15.0 14.8 14.5 
14.5 15.2 16.0 15.8 15.5 15.0 15.8 15.5 
15.0 15.8 16.2 18.8 17.0 16.0 15.5 15.2 
15.5 15.2 16.8 21.0 21.0 19.0 16.2 16.0 
15.0 15.8 16.0 19.0 23.0 20.5 16.2 15.2 
15.2 15.2 15.8 15.8 18.2 17.0 16.0 15.5 
15.2 15.5 15.0 15.2 15.8 14.8 15.0 15.2 


# DIFF
#  1  1  1  1  2  1  1  0
#  2  2  1  2  2  1  1  1
#  1  2  2  2  2  1  2  2
#  1  2  2  5  3  2  2  2
#  2  2  3  7  7  5  2  2
#  1  2  2  5  9  7  2  2
#  2  2  2  2  4  3  2  2
#  2  2  1  2  2  1  1  2
