# TS_TEXT=2019-08-27-14:14:12
# TS_SECS=1566911652.01
# HOST=fore-node
# PERCENTILE_10=15.5
# PERCENTILE_90=19.6
# MIN_PIXEL=15.0
# MEDIAN_PIXEL=16.0
# MAX_PIXEL=23.5

# IMAGE
15.2 16.0 16.2 15.2 16.2 15.0 15.0 15.2 
16.2 15.8 15.8 16.2 15.8 16.0 15.5 15.5 
16.0 16.0 16.5 16.5 17.0 16.0 16.0 16.0 
15.5 16.0 16.0 19.2 19.8 16.8 16.0 16.0 
16.2 16.2 16.5 21.5 21.8 20.0 17.0 16.0 
15.8 16.8 16.8 19.8 23.5 21.5 16.8 15.8 
15.5 16.0 16.2 16.8 18.2 16.8 17.0 16.0 
15.5 16.0 15.8 16.0 16.2 15.5 15.8 16.0 


# DIFF
#  0  1  1  0  1  0  0  0
#  1  1  1  1  1  1  0  0
#  1  1  2  2  2  1  1  1
#  0  1  1  4  5  2  1  1
#  1  1  2  6  7  5  2  1
#  1  2  2  5  8  6  2  1
#  0  1  1  2  3  2  2  1
#  0  1  1  1  1  0  1  1
