# TS_TEXT=2019-08-27-14:13:02
# TS_SECS=1566911582.57
# HOST=fore-node
# PERCENTILE_10=15.2
# PERCENTILE_90=18.7
# MIN_PIXEL=14.2
# MEDIAN_PIXEL=15.8
# MAX_PIXEL=23.2

# IMAGE
14.8 15.2 15.5 15.2 15.8 15.2 15.0 14.2 
15.8 15.8 16.0 15.8 15.2 16.0 15.2 15.0 
15.2 15.2 16.5 16.2 16.8 15.5 15.2 15.5 
14.8 16.2 16.5 19.8 17.0 16.2 15.5 15.0 
15.5 15.5 16.5 20.8 21.5 20.0 16.5 16.5 
15.2 16.8 16.2 18.8 23.2 20.5 16.2 15.8 
15.8 15.2 16.2 16.2 18.5 16.8 15.8 15.8 
15.5 16.0 15.8 15.5 16.2 15.2 15.5 15.2 


# DIFF
#  0  1  1  1  2  1  1  0
#  2  2  2  2  1  2  1  1
#  1  1  2  2  2  1  1  1
#  0  2  2  6  3  2  1  1
#  1  1  2  6  7  6  2  2
#  1  2  2  4  9  6  2  2
#  2  1  2  2  4  2  2  2
#  1  2  2  1  2  1  1  1
