# TS_TEXT=2019-08-27-14:14:40
# TS_SECS=1566911680.21
# HOST=fore-node
# PERCENTILE_10=14.8
# PERCENTILE_90=18.9
# MIN_PIXEL=13.8
# MEDIAN_PIXEL=15.5
# MAX_PIXEL=23.0

# IMAGE
14.8 15.5 14.5 15.2 16.0 15.0 14.5 13.8 
15.8 15.0 15.0 15.5 15.5 15.2 15.5 14.2 
15.0 15.8 15.8 15.5 16.2 15.5 15.5 15.2 
15.0 16.0 16.2 19.2 16.8 16.0 15.8 14.8 
15.2 15.8 16.5 21.2 21.5 19.2 16.2 15.8 
15.2 16.0 16.5 19.0 23.0 20.8 16.5 15.2 
15.5 15.0 16.0 16.2 18.8 16.8 15.8 15.5 
15.2 15.2 15.2 16.0 16.0 15.2 15.0 14.2 


# DIFF
#  1  2  1  2  2  1  1  0
#  2  1  1  2  2  2  2  0
#  1  2  2  2  2  2  2  2
#  1  2  2  6  3  2  2  1
#  2  2  3  8  8  6  2  2
#  2  2  3  5  9  7  3  2
#  2  1  2  2  5  3  2  2
#  2  2  2  2  2  2  1  0
