# TS_TEXT=2019-08-18-23:03:04
# TS_SECS=1566165784.11
# HOST=starboard-node
# PERCENTILE_10=14.0
# PERCENTILE_90=15.5
# MIN_PIXEL=13.8
# MEDIAN_PIXEL=14.8
# MAX_PIXEL=19.0

# IMAGE
15.2 15.2 14.8 15.0 14.0 14.5 14.5 13.8 
15.8 15.5 15.2 14.8 14.5 14.8 14.8 14.0 
17.8 19.0 15.5 15.0 14.8 14.0 14.5 14.5 
15.8 18.2 17.2 14.8 15.0 14.8 14.0 14.5 
15.5 15.0 15.2 15.0 14.2 14.5 14.2 13.8 
15.0 14.5 14.5 14.5 14.2 14.2 14.2 14.8 
14.5 14.8 14.8 14.8 14.5 14.5 14.0 14.0 
15.0 14.8 15.2 14.2 14.5 14.2 14.2 14.5 


# DIFF
#  2  2  1  1  0  1  1  0
#  2  2  2  1  1  1  1  0
#  4  5  2  1  1  0  1  1
#  2  4  4  1  1  1  0  1
#  2  1  2  1  0  1  0  0
#  1  1  1  1  0  0  0  1
#  1  1  1  1  1  1  0  0
#  1  1  2  0  1  0  0  1
