# TS_TEXT=2019-08-18-22:30:53
# TS_SECS=1566163853.60
# HOST=fore-node
# PERCENTILE_10=14.0
# PERCENTILE_90=15.9
# MIN_PIXEL=13.2
# MEDIAN_PIXEL=14.8
# MAX_PIXEL=20.0

# IMAGE
15.0 14.5 15.0 14.8 14.5 13.5 14.5 14.0 
17.2 18.0 15.8 15.0 14.8 14.2 14.0 14.2 
18.8 19.8 15.8 15.0 15.0 14.0 14.5 14.8 
19.2 20.0 16.0 14.8 14.5 15.0 14.5 14.0 
14.8 13.2 14.8 13.5 14.5 14.0 14.8 14.5 
14.2 14.8 14.5 14.2 14.0 14.2 15.0 14.8 
14.8 14.5 15.0 14.0 14.5 14.8 15.0 15.0 
14.8 14.5 14.5 15.0 14.5 14.0 14.8 14.5 


# DIFF
#  2  1  2  2  1  0  1  1
#  4  5  2  2  2  1  1  1
#  6  6  2  2  2  1  1  2
#  6  7  3  2  1  2  1  1
#  2  0  2  0  1  1  2  1
#  1  2  1  1  1  1  2  2
#  2  1  2  1  1  2  2  2
#  2  1  1  2  1  1  2  1
