# TS_TEXT=2019-08-18-22:31:16
# TS_SECS=1566163876.81
# HOST=fore-node
# PERCENTILE_10=14.0
# PERCENTILE_90=16.3
# MIN_PIXEL=0.0
# MEDIAN_PIXEL=14.8
# MAX_PIXEL=20.2

# IMAGE
14.2 15.2 14.8 14.8 14.5 14.2 13.8 14.0 
14.2 14.5 15.0 14.8 14.5 14.5 14.8 13.5 
15.0 15.0 14.5 14.5 14.8 15.0 14.5 14.2 
14.8 15.2 14.8 15.0 14.8 15.2 15.0 14.2 
15.0 15.8 15.5 16.8 18.5 15.2 14.8 14.8 
14.8 15.0 15.8 18.5 20.2 15.5 14.8 14.8 
16.5 15.5 15.8 18.0 20.0 15.8 15.2 14.8 
0.0 13.5 14.5 14.0 13.8 14.5 14.0 14.2 


# DIFF
# 14 15 15 15 14 14 14 14
# 14 14 15 15 14 14 15 14
# 15 15 14 14 15 15 14 14
# 15 15 15 15 15 15 15 14
# 15 16 16 17 18 15 15 15
# 15 15 16 18 20 16 15 15
# 16 16 16 18 20 16 15 15
#  0 14 14 14 14 14 14 14
