# TS_TEXT=2019-08-18-22:30:58
# TS_SECS=1566163858.65
# HOST=fore-node
# PERCENTILE_10=13.8
# PERCENTILE_90=15.9
# MIN_PIXEL=0.0
# MEDIAN_PIXEL=14.2
# MAX_PIXEL=19.2

# IMAGE
14.0 13.8 14.0 14.2 14.0 13.8 14.2 14.2 
13.8 14.0 14.5 13.8 14.2 13.5 14.0 14.0 
14.0 14.5 14.2 14.2 14.0 14.2 13.8 13.5 
14.2 14.2 14.2 14.8 15.0 14.5 14.5 14.5 
14.5 15.0 15.2 17.0 18.2 15.5 14.2 14.2 
14.5 14.0 15.5 18.5 19.2 15.8 14.8 14.8 
16.0 15.0 15.0 16.2 18.5 15.5 14.2 14.2 
0.0 13.2 14.2 13.8 13.2 13.8 13.0 13.8 


# DIFF
# 14 14 14 14 14 14 14 14
# 14 14 14 14 14 14 14 14
# 14 14 14 14 14 14 14 14
# 14 14 14 15 15 14 14 14
# 14 15 15 17 18 16 14 14
# 14 14 16 18 19 16 15 15
# 16 15 15 16 18 16 14 14
#  0 13 14 14 13 14 13 14
