# TS_TEXT=2019-08-18-22:31:07
# TS_SECS=1566163867.73
# HOST=fore-node
# PERCENTILE_10=14.0
# PERCENTILE_90=16.2
# MIN_PIXEL=0.0
# MEDIAN_PIXEL=14.6
# MAX_PIXEL=19.8

# IMAGE
14.0 14.2 14.2 14.2 14.0 14.5 13.8 13.8 
14.5 14.2 14.8 14.2 15.0 14.2 14.0 13.8 
14.2 14.2 14.8 14.5 14.0 14.8 14.2 14.5 
15.0 14.5 14.8 15.0 14.8 15.0 14.5 14.2 
14.8 15.2 15.5 17.5 18.5 15.2 14.5 15.0 
15.0 15.0 15.2 18.5 19.5 15.5 14.8 14.8 
16.0 16.2 16.2 18.0 19.8 15.5 14.5 15.0 
0.0 14.0 14.8 14.0 14.0 14.2 13.8 14.0 


# DIFF
# 14 14 14 14 14 14 14 14
# 14 14 15 14 15 14 14 14
# 14 14 15 14 14 15 14 14
# 15 14 15 15 15 15 14 14
# 15 15 16 18 18 15 14 15
# 15 15 15 18 20 16 15 15
# 16 16 16 18 20 16 14 15
#  0 14 15 14 14 14 14 14
