# TS_TEXT=2019-08-18-22:31:04
# TS_SECS=1566163864.70
# HOST=fore-node
# PERCENTILE_10=13.8
# PERCENTILE_90=16.0
# MIN_PIXEL=13.2
# MEDIAN_PIXEL=14.5
# MAX_PIXEL=20.0

# IMAGE
15.0 14.5 15.0 15.5 14.8 14.8 14.2 13.2 
15.2 15.5 17.2 17.8 15.5 14.5 14.8 13.5 
14.8 15.5 18.0 20.0 15.0 14.8 14.5 14.0 
15.0 16.0 17.8 19.2 16.0 15.0 15.0 14.2 
13.5 14.2 14.0 13.8 14.2 13.8 13.8 13.2 
14.0 14.0 14.0 14.2 13.5 14.0 14.2 13.5 
14.2 14.5 14.8 14.0 14.5 14.0 14.2 14.0 
14.5 14.5 14.8 14.5 14.0 14.2 14.0 14.2 


# DIFF
#  2  1  2  2  2  2  1  0
#  2  2  4  4  2  1  2  0
#  2  2  5  7  2  2  1  1
#  2  3  4  6  3  2  2  1
#  0  1  1  0  1  0  0  0
#  1  1  1  1  0  1  1  0
#  1  1  2  1  1  1  1  1
#  1  1  2  1  1  1  1  1
