# TS_TEXT=2019-08-18-22:31:08
# TS_SECS=1566163868.74
# HOST=fore-node
# PERCENTILE_10=14.0
# PERCENTILE_90=16.2
# MIN_PIXEL=0.0
# MEDIAN_PIXEL=14.8
# MAX_PIXEL=19.8

# IMAGE
14.5 14.8 13.8 14.2 14.0 14.5 14.5 13.8 
14.2 14.5 14.8 14.5 14.8 14.5 14.5 14.8 
14.0 15.0 14.2 14.8 14.5 14.8 14.8 13.8 
15.2 14.5 14.8 14.8 14.8 15.0 15.2 15.0 
14.5 15.2 15.2 17.5 18.5 15.5 14.8 14.8 
14.8 14.5 16.0 18.8 19.8 15.2 14.5 15.0 
16.2 15.2 15.5 18.5 19.8 15.8 15.0 14.8 
0.0 13.8 14.0 14.2 13.2 14.2 14.8 14.0 


# DIFF
# 14 15 14 14 14 14 14 14
# 14 14 15 14 15 14 14 15
# 14 15 14 15 14 15 15 14
# 15 14 15 15 15 15 15 15
# 14 15 15 18 18 16 15 15
# 15 14 16 19 20 15 14 15
# 16 15 16 18 20 16 15 15
#  0 14 14 14 13 14 15 14
