# TS_TEXT=2019-08-18-22:31:09
# TS_SECS=1566163869.75
# HOST=fore-node
# PERCENTILE_10=14.0
# PERCENTILE_90=16.4
# MIN_PIXEL=0.0
# MEDIAN_PIXEL=14.6
# MAX_PIXEL=20.2

# IMAGE
14.5 15.0 14.2 14.2 14.0 14.8 13.8 14.2 
14.2 14.2 14.5 14.2 14.8 14.5 14.0 13.8 
14.0 14.2 14.5 14.5 14.5 14.5 14.5 14.8 
15.0 15.0 14.5 15.2 15.0 14.8 14.2 14.0 
14.5 15.5 15.2 17.5 18.0 15.2 14.5 15.2 
15.0 14.8 16.0 19.0 20.2 15.0 15.0 15.0 
16.5 15.8 16.2 18.2 20.0 16.0 15.0 14.8 
0.0 13.8 14.8 14.0 14.0 14.2 13.5 14.0 


# DIFF
# 14 15 14 14 14 15 14 14
# 14 14 14 14 15 14 14 14
# 14 14 14 14 14 14 14 15
# 15 15 14 15 15 15 14 14
# 14 16 15 18 18 15 14 15
# 15 15 16 19 20 15 15 15
# 16 16 16 18 20 16 15 15
#  0 14 15 14 14 14 14 14
