# TS_TEXT=2019-08-18-22:25:28
# TS_SECS=1566163528.81
# HOST=fore-node
# PERCENTILE_10=13.3
# PERCENTILE_90=15.4
# MIN_PIXEL=12.8
# MEDIAN_PIXEL=14.2
# MAX_PIXEL=19.2

# IMAGE
14.2 13.8 14.2 13.8 13.8 13.5 13.2 13.8 
14.5 14.5 14.5 14.8 13.8 14.2 13.8 13.2 
16.2 15.5 14.2 14.5 14.5 14.0 13.2 14.0 
19.2 16.0 14.8 13.5 13.8 14.0 13.5 13.5 
18.2 15.0 14.5 14.2 14.5 14.5 14.5 14.5 
13.0 13.8 13.2 12.8 13.8 15.8 14.5 14.2 
13.8 14.2 13.8 13.8 13.2 16.2 14.8 14.8 
14.2 14.0 14.0 13.8 14.0 15.0 14.8 13.8 


# DIFF
#  2  1  2  1  1  1  0  1
#  2  2  2  2  1  2  1  0
#  4  3  2  2  2  1  0  1
#  6  3  2  1  1  1  1  1
#  6  2  2  2  2  2  2  2
#  0  1  0  0  1  3  2  2
#  1  2  1  1  0  4  2  2
#  2  1  1  1  1  2  2  1
