# TS_TEXT=2019-08-18-22:25:19
# TS_SECS=1566163519.73
# HOST=fore-node
# PERCENTILE_10=13.2
# PERCENTILE_90=15.6
# MIN_PIXEL=0.0
# MEDIAN_PIXEL=14.0
# MAX_PIXEL=19.0

# IMAGE
13.5 14.2 14.0 14.0 13.8 13.0 13.2 12.8 
13.2 13.5 14.2 13.5 13.8 13.8 12.8 13.0 
13.8 13.8 14.0 13.8 14.0 13.8 13.5 13.5 
14.0 14.5 14.0 13.8 14.0 14.0 14.5 14.0 
14.0 14.2 14.8 14.2 14.5 14.2 14.2 14.2 
13.5 13.8 15.0 17.2 18.8 15.8 14.5 14.0 
15.2 15.0 16.0 17.5 19.0 15.8 14.2 14.5 
0.0 13.5 13.8 13.8 13.0 14.8 14.8 14.2 


# DIFF
# 14 14 14 14 14 13 13 13
# 13 14 14 14 14 14 13 13
# 14 14 14 14 14 14 14 14
# 14 14 14 14 14 14 14 14
# 14 14 15 14 14 14 14 14
# 14 14 15 17 19 16 14 14
# 15 15 16 18 19 16 14 14
#  0 14 14 14 13 15 15 14
