# TS_TEXT=2019-08-18-21:32:29
# TS_SECS=1566160349.13
# HOST=fore-node
# PERCENTILE_10=13.5
# PERCENTILE_90=15.8
# MIN_PIXEL=13.2
# MEDIAN_PIXEL=14.0
# MAX_PIXEL=18.2

# IMAGE
17.5 15.5 15.0 13.5 13.5 13.2 13.8 13.5 
14.8 14.8 14.0 14.2 14.0 13.8 13.5 13.8 
13.5 13.2 13.8 13.5 14.0 14.0 14.0 13.8 
14.0 13.8 13.5 13.8 14.0 14.2 13.8 14.0 
14.0 14.0 14.0 13.8 14.5 14.0 14.8 15.0 
14.0 14.2 13.8 14.0 15.8 16.0 15.8 14.8 
14.5 14.0 14.8 15.0 18.2 17.5 15.5 15.0 
15.8 16.0 15.8 14.8 15.5 14.8 14.8 14.0 


# DIFF
#  4  2  2  0  0  0  0  0
#  2  2  1  1  1  0  0  0
#  0  0  0  0  1  1  1  0
#  1  0  0  0  1  1  0  1
#  1  1  1  0  1  1  2  2
#  1  1  0  1  2  3  2  2
#  1  1  2  2  5  4  2  2
#  2  3  2  2  2  2  2  1
