# TS_TEXT=2019-08-18-22:25:17
# TS_SECS=1566163517.70
# HOST=aft-node
# PERCENTILE_10=14.2
# PERCENTILE_90=15.5
# MIN_PIXEL=13.8
# MEDIAN_PIXEL=14.5
# MAX_PIXEL=18.5

# IMAGE
14.8 15.5 14.8 14.8 16.2 18.5 16.0 14.0 
14.2 14.5 14.2 14.2 14.8 15.5 14.8 14.8 
14.2 14.8 14.5 14.2 14.2 14.5 14.2 14.2 
14.8 14.0 14.5 14.2 14.2 14.8 14.5 14.2 
14.2 14.2 14.5 14.2 14.8 14.0 14.5 14.2 
14.5 14.5 13.8 14.2 14.2 14.2 14.5 14.2 
14.8 14.5 14.8 15.0 14.5 14.5 13.8 14.2 
14.5 16.2 18.5 16.0 14.0 14.5 14.8 15.0 


# DIFF
#  1  2  1  1  2  5  2  0
#  0  1  0  0  1  2  1  1
#  0  1  1  0  0  1  0  0
#  1  0  1  0  0  1  1  0
#  0  0  1  0  1  0  1  0
#  1  1  0  0  0  0  1  0
#  1  1  1  1  1  1  0  0
#  1  2  5  2  0  1  1  1
