# TS_TEXT=2019-08-27-14:06:16
# TS_SECS=1566911176.85
# HOST=port-node
# PERCENTILE_10=14.8
# PERCENTILE_90=18.3
# MIN_PIXEL=14.2
# MEDIAN_PIXEL=15.5
# MAX_PIXEL=21.5

# IMAGE
15.5 15.8 15.0 15.0 15.0 16.2 15.5 15.2 
15.2 14.5 15.0 15.0 15.8 15.8 16.2 16.2 
14.8 15.5 15.2 15.8 15.5 19.2 20.5 18.5 
14.2 15.2 15.8 15.2 15.5 17.8 21.5 21.5 
15.0 15.5 15.5 15.2 15.8 16.2 20.0 21.5 
15.8 15.5 15.5 15.5 15.5 15.2 15.5 15.8 
14.2 14.8 14.5 15.8 15.0 15.5 15.0 15.5 
14.8 14.5 14.8 15.0 15.5 15.0 15.0 14.8 


# DIFF
#  1  2  1  1  1  2  1  1
#  1  0  1  1  2  2  2  2
#  0  1  1  2  1  5  6  4
#  0  1  2  1  1  4  7  7
#  1  1  1  1  2  2  6  7
#  2  1  1  1  1  1  1  2
#  0  0  0  2  1  1  1  1
#  0  0  0  1  1  1  1  0
