# TS_TEXT=2019-08-27-14:05:19
# TS_SECS=1566911119.61
# HOST=port-node
# PERCENTILE_10=15.0
# PERCENTILE_90=18.7
# MIN_PIXEL=14.2
# MEDIAN_PIXEL=15.8
# MAX_PIXEL=22.0

# IMAGE
15.8 16.0 15.0 15.5 15.2 16.0 15.2 16.0 
16.5 15.0 15.5 15.5 16.2 16.0 16.8 16.5 
14.8 15.8 16.0 15.8 16.8 18.8 20.0 19.0 
15.2 15.0 16.0 16.0 16.0 18.5 21.8 22.0 
15.2 16.0 16.2 15.5 16.0 16.2 20.5 22.0 
16.2 15.8 15.8 15.5 16.0 15.2 16.0 15.8 
14.2 15.2 15.5 15.8 15.2 15.8 16.0 16.0 
15.2 15.2 15.5 15.0 15.0 15.2 15.0 15.8 


# DIFF
#  2  2  1  1  1  2  1  2
#  2  1  1  1  2  2  2  2
#  0  2  2  2  2  4  6  5
#  1  1  2  2  2  4  8  8
#  1  2  2  1  2  2  6  8
#  2  2  2  1  2  1  2  2
#  0  1  1  2  1  2  2  2
#  1  1  1  1  1  1  1  2
