# TS_TEXT=2019-08-27-14:05:50
# TS_SECS=1566911150.74
# HOST=port-node
# PERCENTILE_10=15.2
# PERCENTILE_90=18.7
# MIN_PIXEL=14.8
# MEDIAN_PIXEL=15.8
# MAX_PIXEL=22.0

# IMAGE
15.5 16.0 15.2 15.0 15.8 16.2 15.8 15.8 
15.2 16.0 15.5 16.0 16.2 16.0 16.0 16.0 
15.2 15.8 16.0 15.5 16.5 18.8 20.0 18.5 
15.0 15.5 16.0 15.5 16.8 19.2 21.8 22.0 
15.2 16.0 15.8 15.5 15.8 16.5 20.0 21.2 
15.5 15.5 16.0 15.0 16.2 15.8 16.5 15.8 
14.8 15.2 15.5 16.0 15.2 16.0 16.0 15.8 
15.5 15.8 15.2 15.2 15.2 15.2 14.8 15.5 


# DIFF
#  1  1  0  0  1  2  1  1
#  0  1  1  1  2  1  1  1
#  0  1  1  1  2  4  5  4
#  0  1  1  1  2  4  7  7
#  0  1  1  1  1  2  5  6
#  1  1  1  0  2  1  2  1
#  0  0  1  1  0  1  1  1
#  1  1  0  0  0  0  0  1
