# TS_TEXT=2019-08-27-14:04:08
# TS_SECS=1566911048.29
# HOST=port-node
# PERCENTILE_10=15.6
# PERCENTILE_90=19.1
# MIN_PIXEL=15.0
# MEDIAN_PIXEL=16.0
# MAX_PIXEL=22.2

# IMAGE
15.8 15.8 15.8 15.8 15.5 16.2 16.5 16.0 
16.0 16.0 16.0 15.8 16.5 16.0 16.5 16.8 
15.8 16.0 16.0 16.0 16.8 19.5 20.2 18.0 
15.0 15.8 16.0 16.5 16.5 19.8 21.8 22.2 
16.0 16.0 15.8 16.5 16.0 16.8 20.5 21.5 
16.0 16.0 16.0 15.8 16.2 15.8 16.2 16.8 
15.5 15.8 15.2 16.2 15.8 16.2 15.8 15.8 
15.5 15.8 15.0 15.5 16.2 16.5 16.0 16.2 


# DIFF
#  1  1  1  1  0  1  2  1
#  1  1  1  1  2  1  2  2
#  1  1  1  1  2  4  5  3
#  0  1  1  2  2  5  7  7
#  1  1  1  2  1  2  6  6
#  1  1  1  1  1  1  1  2
#  0  1  0  1  1  1  1  1
#  0  1  0  0  1  2  1  1
