# TS_TEXT=2019-08-25-16:23:11
# TS_SECS=1566746591.45
# HOST=starboard-node
# PERCENTILE_10=16.8
# PERCENTILE_90=18.2
# MIN_PIXEL=16.5
# MEDIAN_PIXEL=17.1
# MAX_PIXEL=35.0

# IMAGE
16.8 17.2 16.8 18.2 18.0 18.2 17.0 17.0 
17.0 16.5 16.8 17.8 21.8 19.5 18.0 17.2 
17.0 17.0 17.0 18.0 35.0 21.0 18.2 17.8 
17.0 17.2 17.0 18.0 18.8 18.0 17.2 17.2 
16.8 16.8 17.0 17.0 17.2 17.0 17.5 16.5 
17.0 17.0 16.8 18.0 18.0 17.5 17.0 17.0 
16.5 16.8 17.2 17.5 17.5 17.0 16.5 16.5 
17.2 17.0 17.2 17.0 17.2 17.2 17.0 17.0 


# DIFF
#  0  1  0  2  2  2  0  0
#  0  0  0  1  5  3  2  1
#  0  0  0  2 18  4  2  1
#  0  1  0  2  2  2  1  1
#  0  0  0  0  1  0  1  0
#  0  0  0  2  2  1  0  0
#  0  0  1  1  1  0  0  0
#  1  0  1  0  1  1  0  0
