# TS_TEXT=2019-08-25-16:22:37
# TS_SECS=1566746557.29
# HOST=starboard-node
# PERCENTILE_10=16.8
# PERCENTILE_90=18.4
# MIN_PIXEL=16.0
# MEDIAN_PIXEL=17.2
# MAX_PIXEL=35.2

# IMAGE
16.0 17.2 17.0 18.2 18.5 18.2 17.5 17.2 
16.8 16.2 17.0 18.2 22.0 19.5 18.0 17.2 
17.0 17.5 17.2 18.5 35.2 21.2 18.2 18.0 
17.5 17.0 17.5 18.2 19.0 18.2 17.0 17.5 
17.0 16.8 17.2 17.5 17.2 17.8 17.5 16.8 
17.2 17.2 17.0 17.8 17.8 17.5 16.8 17.0 
17.2 17.2 17.2 18.0 17.8 17.0 16.8 17.0 
17.2 17.2 17.2 17.0 17.2 17.5 16.8 17.5 


# DIFF
#  0  1  1  2  2  2  2  1
#  1  0  1  2  6  4  2  1
#  1  2  1  2 19  5  2  2
#  2  1  2  2  3  2  1  2
#  1  1  1  2  1  2  2  1
#  1  1  1  2  2  2  1  1
#  1  1  1  2  2  1  1  1
#  1  1  1  1  1  2  1  2
