# TS_TEXT=2019-08-25-16:23:03
# TS_SECS=1566746583.42
# HOST=starboard-node
# PERCENTILE_10=16.8
# PERCENTILE_90=18.5
# MIN_PIXEL=16.2
# MEDIAN_PIXEL=17.2
# MAX_PIXEL=35.5

# IMAGE
16.5 17.2 16.2 18.8 18.5 18.2 17.2 17.2 
16.5 16.8 17.0 17.5 22.0 19.5 18.2 17.0 
16.8 17.0 17.8 18.5 35.5 21.2 18.2 17.5 
17.2 17.0 17.2 18.5 18.8 18.0 17.0 17.2 
17.2 17.0 17.2 17.8 17.2 17.5 17.5 16.8 
17.2 17.0 17.2 18.2 17.2 17.5 17.2 17.2 
17.2 17.0 17.8 18.0 17.5 17.5 17.0 16.8 
17.2 17.2 17.2 17.8 17.2 17.2 17.5 17.8 


# DIFF
#  0  1  0  2  2  2  1  1
#  0  0  1  1  6  3  2  1
#  0  1  2  2 19  5  2  1
#  1  1  1  2  2  2  1  1
#  1  1  1  2  1  1  1  0
#  1  1  1  2  1  1  1  1
#  1  1  2  2  1  1  1  0
#  1  1  1  2  1  1  1  2
