# TS_TEXT=2019-08-25-16:23:26
# TS_SECS=1566746606.52
# HOST=starboard-node
# PERCENTILE_10=16.0
# PERCENTILE_90=18.0
# MIN_PIXEL=15.8
# MEDIAN_PIXEL=16.5
# MAX_PIXEL=34.5

# IMAGE
16.2 16.5 16.0 18.0 17.8 18.0 16.5 16.8 
16.2 16.0 16.5 17.2 21.2 19.0 17.5 16.5 
16.0 16.5 16.8 18.0 34.5 20.8 18.0 16.8 
16.5 16.0 16.2 17.8 18.2 17.0 16.8 16.8 
16.5 16.5 16.5 17.0 16.5 16.2 16.8 16.2 
17.0 16.0 16.0 17.2 17.0 17.0 16.5 16.5 
16.8 16.0 16.8 17.2 16.5 16.5 16.5 15.8 
16.5 16.8 16.2 17.0 16.2 16.5 16.2 17.8 


# DIFF
#  0  1  0  2  2  2  1  1
#  0  0  1  2  6  3  2  1
#  0  1  1  2 19  5  2  1
#  1  0  0  2  2  1  1  1
#  1  1  1  1  1  0  1  0
#  1  0  0  2  1  1  1  1
#  1  0  1  2  1  1  1  0
#  1  1  0  1  0  1  0  2
