# TS_TEXT=2019-08-27-14:04:16
# TS_SECS=1566911056.54
# HOST=starboard-node
# PERCENTILE_10=14.5
# PERCENTILE_90=17.4
# MIN_PIXEL=14.2
# MEDIAN_PIXEL=15.0
# MAX_PIXEL=22.8

# IMAGE
14.8 15.0 14.5 15.8 15.0 15.2 14.8 14.2 
15.0 15.2 16.0 15.8 15.8 15.5 15.2 14.5 
14.8 17.0 19.8 21.0 16.8 14.8 14.5 15.0 
15.2 17.5 22.8 21.0 16.8 15.2 15.0 14.8 
15.2 15.5 18.5 17.8 15.2 15.0 15.2 14.2 
14.8 14.8 14.8 15.2 15.0 15.0 14.8 15.0 
14.8 15.2 15.0 14.8 15.5 15.0 15.0 14.5 
14.5 14.8 15.2 14.5 14.5 15.0 15.0 14.5 


# DIFF
#  0  1  0  2  1  1  0  0
#  1  1  2  2  2  1  1  0
#  0  3  6  7  2  0  0  1
#  1  3  8  7  2  1  1  0
#  1  1  4  4  1  1  1  0
#  0  0  0  1  1  1  0  1
#  0  1  1  0  1  1  1  0
#  0  0  1  0  0  1  1  0
