# TS_TEXT=2019-08-27-14:05:01
# TS_SECS=1566911101.73
# HOST=starboard-node
# PERCENTILE_10=13.2
# PERCENTILE_90=16.5
# MIN_PIXEL=12.2
# MEDIAN_PIXEL=14.0
# MAX_PIXEL=21.0

# IMAGE
14.0 14.0 14.0 14.2 14.2 14.0 13.2 12.2 
14.2 14.0 15.2 14.2 13.8 14.0 13.8 13.2 
13.5 14.8 18.2 18.5 16.0 13.2 13.8 13.0 
14.0 15.5 21.0 20.2 16.8 14.2 13.5 13.8 
14.2 14.2 17.8 18.0 14.0 13.5 13.5 13.2 
14.0 14.2 13.8 14.0 13.5 13.8 14.0 13.2 
13.2 13.8 14.0 13.8 14.0 13.8 13.2 13.2 
13.5 14.0 13.2 13.2 13.5 13.8 13.8 13.5 


# DIFF
#  2  2  2  2  2  2  1  0
#  2  2  3  2  2  2  2  1
#  1  2  6  6  4  1  2  1
#  2  3  9  8  4  2  1  2
#  2  2  6  6  2  1  1  1
#  2  2  2  2  1  2  2  1
#  1  2  2  2  2  2  1  1
#  1  2  1  1  1  2  2  1
