# TS_TEXT=2019-08-27-14:04:41
# TS_SECS=1566911081.65
# HOST=starboard-node
# PERCENTILE_10=14.2
# PERCENTILE_90=16.9
# MIN_PIXEL=13.2
# MEDIAN_PIXEL=14.5
# MAX_PIXEL=22.5

# IMAGE
14.5 15.2 15.0 15.2 15.0 14.5 14.2 13.2 
14.8 14.5 15.8 15.5 14.5 14.2 14.2 13.8 
14.5 15.8 19.0 21.0 15.5 14.2 14.5 14.2 
14.8 17.2 22.5 20.8 16.0 14.5 14.2 14.5 
14.8 15.0 18.5 17.5 14.8 14.5 14.8 14.8 
14.2 14.5 14.8 14.2 14.5 14.5 14.5 14.5 
14.8 14.2 14.5 14.0 15.0 14.8 14.2 14.5 
14.0 14.8 14.8 13.8 14.2 14.2 14.2 14.2 


# DIFF
#  1  2  2  2  2  1  1  0
#  2  1  2  2  1  1  1  0
#  1  2  6  8  2  1  1  1
#  2  4  9  8  3  1  1  1
#  2  2  5  4  2  1  2  2
#  1  1  2  1  1  1  1  1
#  2  1  1  1  2  2  1  1
#  1  2  2  0  1  1  1  1
