# TS_TEXT=2019-08-27-14:05:17
# TS_SECS=1566911117.79
# HOST=starboard-node
# PERCENTILE_10=15.2
# PERCENTILE_90=18.6
# MIN_PIXEL=14.8
# MEDIAN_PIXEL=15.8
# MAX_PIXEL=23.8

# IMAGE
15.5 15.8 15.8 16.0 15.8 16.0 14.8 15.0 
16.0 16.0 16.8 16.5 16.0 16.0 15.5 14.8 
16.0 17.2 20.2 21.2 17.8 15.5 15.8 15.5 
16.5 18.2 23.8 22.0 18.8 15.8 15.2 15.5 
16.2 16.5 19.8 20.0 16.2 15.5 16.0 15.2 
15.8 15.8 16.0 16.0 15.8 15.8 15.0 15.8 
15.5 15.5 16.2 16.0 15.5 15.8 15.8 15.5 
15.5 15.8 15.5 15.2 14.8 15.8 15.8 15.2 


# DIFF
#  1  1  1  1  1  1  0  0
#  1  1  2  2  1  1  1  0
#  1  2  6  6  3  1  1  1
#  2  4  9  7  4  1  0  1
#  2  2  5  5  2  1  1  0
#  1  1  1  1  1  1  0  1
#  1  1  2  1  1  1  1  1
#  1  1  1  0  0  1  1  0
