# TS_TEXT=2019-08-27-14:06:03
# TS_SECS=1566911163.01
# HOST=starboard-node
# PERCENTILE_10=14.0
# PERCENTILE_90=17.2
# MIN_PIXEL=13.5
# MEDIAN_PIXEL=14.6
# MAX_PIXEL=22.0

# IMAGE
14.5 15.0 14.5 15.0 14.2 14.8 14.5 13.5 
14.2 14.8 15.2 15.0 14.2 14.2 14.5 13.5 
14.8 15.8 18.8 20.0 16.8 14.8 14.5 13.5 
14.8 17.2 22.0 20.5 17.0 15.0 14.0 14.0 
15.0 15.0 18.2 18.5 14.5 14.2 15.2 14.0 
15.0 14.8 15.0 14.5 14.0 14.2 14.8 13.8 
14.8 15.0 14.8 14.5 14.8 14.0 14.5 14.5 
14.2 15.0 14.2 13.5 13.8 14.2 14.5 14.5 


# DIFF
#  1  2  1  2  1  1  1  0
#  1  1  2  2  1  1  1  0
#  1  2  5  6  3  1  1  0
#  1  4  8  7  4  2  0  0
#  2  2  5  5  1  1  2  0
#  2  1  2  1  0  1  1  0
#  1  2  1  1  1  0  1  1
#  1  2  1  0  0  1  1  1
