# TS_TEXT=2019-08-27-14:04:30
# TS_SECS=1566911070.60
# HOST=starboard-node
# PERCENTILE_10=14.0
# PERCENTILE_90=16.6
# MIN_PIXEL=13.2
# MEDIAN_PIXEL=14.5
# MAX_PIXEL=22.5

# IMAGE
14.8 14.5 14.8 15.0 14.8 14.8 13.8 13.2 
15.0 15.0 15.8 15.8 14.5 14.5 14.0 14.0 
15.0 15.8 19.0 21.2 15.8 14.0 14.2 14.2 
14.8 17.0 22.5 20.8 15.5 14.5 14.0 14.5 
14.8 14.8 18.5 17.5 14.8 14.2 14.2 14.2 
14.8 14.5 14.5 14.8 14.0 14.2 14.2 14.5 
14.5 14.5 14.5 14.5 14.8 14.5 14.0 13.2 
14.8 14.8 14.8 14.5 13.8 14.5 14.5 14.8 


# DIFF
#  2  1  2  2  2  2  0  0
#  2  2  2  2  1  1  1  1
#  2  2  6  8  2  1  1  1
#  2  4  9  8  2  1  1  1
#  2  2  5  4  2  1  1  1
#  2  1  1  2  1  1  1  1
#  1  1  1  1  2  1  1  0
#  2  2  2  1  0  1  1  2
