# TS_TEXT=2019-08-27-14:03:53
# TS_SECS=1566911033.43
# HOST=starboard-node
# PERCENTILE_10=15.8
# PERCENTILE_90=18.5
# MIN_PIXEL=14.5
# MEDIAN_PIXEL=16.2
# MAX_PIXEL=24.0

# IMAGE
15.8 16.8 16.5 16.8 16.8 16.0 15.5 14.5 
16.2 16.0 16.5 17.0 16.5 16.2 16.2 15.8 
17.0 17.8 20.8 22.0 18.0 16.0 16.0 15.8 
16.5 18.8 24.0 22.5 18.0 16.2 16.2 16.5 
16.2 17.0 19.8 19.2 16.8 16.0 16.5 16.2 
15.8 16.2 16.2 16.2 16.2 16.2 16.0 16.0 
15.8 15.8 16.8 16.2 16.2 16.2 16.5 15.5 
16.2 16.0 16.5 16.2 16.0 16.0 17.0 16.0 


# DIFF
#  1  2  2  2  2  2  1  0
#  2  2  2  2  2  2  2  1
#  2  3  6  8  4  2  2  1
#  2  4 10  8  4  2  2  2
#  2  2  5  5  2  2  2  2
#  1  2  2  2  2  2  2  2
#  1  1  2  2  2  2  2  1
#  2  2  2  2  2  2  2  2
