# TS_TEXT=2019-08-27-14:05:58
# TS_SECS=1566911158.99
# HOST=starboard-node
# PERCENTILE_10=14.0
# PERCENTILE_90=17.0
# MIN_PIXEL=13.2
# MEDIAN_PIXEL=14.5
# MAX_PIXEL=22.2

# IMAGE
13.8 14.8 14.2 15.0 14.5 14.2 14.0 13.2 
14.5 14.5 15.8 15.2 14.5 14.5 14.8 13.5 
15.0 16.0 18.8 20.2 16.5 14.0 14.2 14.0 
15.0 17.0 22.2 20.8 17.0 14.8 14.2 14.0 
14.8 15.5 18.0 18.8 14.8 14.2 14.5 13.5 
14.2 14.8 14.5 14.5 14.5 14.2 14.5 14.2 
14.8 14.5 14.8 14.8 14.8 13.8 14.2 14.2 
14.5 14.0 14.2 13.8 14.0 14.0 14.5 14.2 


# DIFF
#  0  2  1  2  1  1  1  0
#  1  1  2  2  1  1  2  0
#  2  3  6  7  3  1  1  1
#  2  4  9  8  4  2  1  1
#  2  2  5  6  2  1  1  0
#  1  2  1  1  1  1  1  1
#  2  1  2  2  2  0  1  1
#  1  1  1  0  1  1  1  1
