# TS_TEXT=2019-08-27-14:05:29
# TS_SECS=1566911129.86
# HOST=starboard-node
# PERCENTILE_10=14.2
# PERCENTILE_90=16.9
# MIN_PIXEL=12.8
# MEDIAN_PIXEL=14.8
# MAX_PIXEL=22.8

# IMAGE
14.2 15.2 15.2 15.0 15.0 14.5 14.8 12.8 
14.8 14.8 16.0 15.2 14.8 15.0 15.2 14.0 
15.0 15.8 19.2 20.0 16.5 14.8 15.0 14.8 
15.5 17.0 22.8 21.5 16.8 15.2 14.8 14.5 
15.2 15.5 18.5 19.0 15.2 14.8 15.2 14.0 
14.5 14.5 14.5 15.0 14.8 14.5 15.0 14.8 
14.5 14.5 15.0 14.8 14.8 14.8 14.8 14.0 
14.0 14.8 14.2 14.2 14.2 15.0 15.2 14.5 


# DIFF
#  2  2  2  2  2  2  2  0
#  2  2  3  2  2  2  2  1
#  2  3  6  7  4  2  2  2
#  3  4 10  9  4  2  2  2
#  2  3  6  6  2  2  2  1
#  2  2  2  2  2  2  2  2
#  2  2  2  2  2  2  2  1
#  1  2  2  2  2  2  2  2
