# TS_TEXT=2019-08-27-14:04:45
# TS_SECS=1566911085.67
# HOST=starboard-node
# PERCENTILE_10=14.0
# PERCENTILE_90=16.7
# MIN_PIXEL=12.8
# MEDIAN_PIXEL=14.5
# MAX_PIXEL=22.2

# IMAGE
14.2 15.2 14.8 15.0 14.5 14.2 13.8 12.8 
14.2 15.0 15.2 15.2 15.0 14.8 14.0 14.0 
15.0 15.2 18.0 19.0 16.5 14.0 14.5 14.2 
15.0 16.5 22.2 21.2 16.8 14.5 14.2 14.2 
15.0 15.2 18.5 17.8 14.8 14.5 14.8 14.2 
14.2 14.2 14.5 14.8 14.5 14.5 14.5 13.8 
15.0 14.0 14.0 14.0 14.5 14.0 14.2 14.0 
14.2 14.2 14.5 14.2 14.5 14.8 14.8 14.0 


# DIFF
#  2  2  2  2  2  2  1  0
#  2  2  2  2  2  2  1  1
#  2  2  5  6  4  1  2  2
#  2  4 10  8  4  2  2  2
#  2  2  6  5  2  2  2  2
#  2  2  2  2  2  2  2  1
#  2  1  1  1  2  1  2  1
#  2  2  2  2  2  2  2  1
