# TS_TEXT=2019-08-27-14:04:51
# TS_SECS=1566911091.69
# HOST=starboard-node
# PERCENTILE_10=14.0
# PERCENTILE_90=16.5
# MIN_PIXEL=13.0
# MEDIAN_PIXEL=14.2
# MAX_PIXEL=22.2

# IMAGE
14.2 14.8 13.5 14.5 14.0 14.5 14.0 13.0 
14.2 14.2 15.2 14.8 14.8 14.2 14.2 13.8 
14.8 15.8 18.2 19.0 16.5 14.2 14.2 14.0 
15.2 16.0 22.2 20.8 16.5 14.2 14.0 15.0 
14.2 15.0 18.0 17.5 14.5 14.2 14.2 13.5 
14.2 14.5 14.8 14.5 14.0 14.2 14.2 14.2 
14.2 14.0 14.2 14.5 14.0 14.2 14.0 13.8 
14.5 15.0 14.5 13.5 14.5 14.2 14.5 14.0 


# DIFF
#  1  2  0  2  1  2  1  0
#  1  1  2  2  2  1  1  1
#  2  3  5  6  4  1  1  1
#  2  3  9  8  4  1  1  2
#  1  2  5  4  2  1  1  0
#  1  2  2  2  1  1  1  1
#  1  1  1  2  1  1  1  1
#  2  2  2  0  2  1  2  1
