# TS_TEXT=2019-08-25-12:30:14
# TS_SECS=1566732614.75
# HOST=fore-node
# PERCENTILE_10=15.3
# PERCENTILE_90=17.2
# MIN_PIXEL=14.8
# MEDIAN_PIXEL=16.0
# MAX_PIXEL=20.5

# IMAGE
15.5 15.5 15.2 15.8 16.0 15.8 15.8 15.2 
16.0 16.0 15.5 16.2 16.8 16.5 16.2 15.0 
15.5 15.5 15.8 16.0 19.0 18.2 15.5 16.0 
15.8 15.8 15.5 16.8 20.5 19.5 17.2 16.0 
16.5 16.0 15.8 16.5 17.8 18.5 17.0 16.2 
16.2 15.8 16.0 16.2 16.8 16.5 16.0 15.5 
16.5 15.5 15.8 16.0 16.0 15.5 15.8 15.2 
16.5 16.0 16.0 15.5 15.5 15.0 15.0 14.8 


# DIFF
#  1  1  0  1  1  1  1  0
#  1  1  1  2  2  2  2  0
#  1  1  1  1  4  4  1  1
#  1  1  1  2  6  5  2  1
#  2  1  1  2  3  4  2  2
#  2  1  1  2  2  2  1  1
#  2  1  1  1  1  1  1  0
#  2  1  1  1  1  0  0  0
