# TS_TEXT=2019-08-27-14:26:27
# TS_SECS=1566912387.24
# HOST=starboard-node
# PERCENTILE_10=15.2
# PERCENTILE_90=18.2
# MIN_PIXEL=14.8
# MEDIAN_PIXEL=16.0
# MAX_PIXEL=20.8

# IMAGE
15.2 15.5 15.8 18.0 16.8 16.2 15.0 15.2 
15.5 15.8 17.8 20.8 19.2 16.2 16.0 15.0 
14.8 16.2 16.5 19.5 19.8 17.2 16.0 15.0 
15.5 16.0 16.2 18.2 18.8 18.2 16.2 15.5 
14.8 15.2 16.0 17.5 16.8 16.8 16.2 16.0 
15.8 16.0 16.0 15.8 16.0 16.2 15.8 16.0 
15.2 15.2 16.0 16.0 15.8 15.5 15.8 15.5 
15.2 15.8 16.0 15.5 15.5 16.0 16.0 15.5 


# DIFF
#  0  1  1  3  2  2  0  0
#  1  1  3  6  4  2  1  0
#  0  2  2  5  5  2  1  0
#  1  1  2  4  4  4  2  1
#  0  0  1  3  2  2  2  1
#  1  1  1  1  1  2  1  1
#  0  0  1  1  1  1  1  1
#  0  1  1  1  1  1  1  1
