# TS_TEXT=2019-08-27-14:23:10
# TS_SECS=1566912190.23
# HOST=starboard-node
# PERCENTILE_10=16.8
# PERCENTILE_90=18.8
# MIN_PIXEL=16.0
# MEDIAN_PIXEL=17.2
# MAX_PIXEL=22.0

# IMAGE
16.5 17.2 18.0 18.0 18.0 17.0 17.0 16.0 
17.0 17.0 20.5 22.0 18.2 17.2 17.0 16.2 
16.5 17.2 18.8 22.0 19.5 17.8 17.0 16.8 
17.0 17.2 18.0 19.0 21.0 18.8 17.5 17.5 
17.2 17.2 17.2 17.2 18.2 17.8 17.5 17.2 
17.2 17.0 17.5 17.5 17.0 17.5 18.0 17.2 
17.0 17.2 17.5 17.2 17.2 17.2 16.8 16.8 
16.8 17.5 18.0 17.5 17.2 17.5 17.0 17.2 


# DIFF
#  0  1  2  2  2  1  1  0
#  1  1  4  6  2  1  1  0
#  0  1  3  6  4  2  1  1
#  1  1  2  3  5  3  2  2
#  1  1  1  1  2  2  2  1
#  1  1  2  2  1  2  2  1
#  1  1  2  1  1  1  1  1
#  1  2  2  2  1  2  1  1
