# TS_TEXT=2019-08-27-14:23:23
# TS_SECS=1566912203.30
# HOST=starboard-node
# PERCENTILE_10=16.5
# PERCENTILE_90=19.5
# MIN_PIXEL=16.0
# MEDIAN_PIXEL=17.2
# MAX_PIXEL=22.0

# IMAGE
16.5 17.5 17.5 18.5 18.2 17.2 17.0 16.5 
17.2 17.0 20.5 21.2 18.8 17.8 17.2 16.5 
16.5 17.5 20.2 20.8 22.0 19.8 18.2 16.5 
16.5 17.5 17.5 18.0 20.8 18.8 18.0 17.2 
17.0 16.8 17.5 17.5 17.5 19.0 17.8 16.2 
16.8 16.5 16.8 16.8 16.5 17.5 17.2 17.0 
16.0 16.8 17.2 16.8 17.8 16.8 17.2 17.0 
17.2 17.5 17.2 16.8 16.8 17.2 17.2 17.2 


# DIFF
#  0  2  2  2  2  1  1  0
#  1  1  4  5  3  2  1  0
#  0  2  4  5  6  4  2  0
#  0  2  2  2  5  3  2  1
#  1  1  2  2  2  3  2  0
#  1  0  1  1  0  2  1  1
#  0  1  1  1  2  1  1  1
#  1  2  1  1  1  1  1  1
