# TS_TEXT=2019-08-27-14:27:59
# TS_SECS=1566912479.91
# HOST=starboard-node
# PERCENTILE_10=15.2
# PERCENTILE_90=18.5
# MIN_PIXEL=14.5
# MEDIAN_PIXEL=15.9
# MAX_PIXEL=21.8

# IMAGE
15.2 15.5 15.5 16.0 16.2 16.0 15.2 14.8 
15.5 16.0 16.5 16.5 16.5 16.0 15.8 14.5 
15.8 18.0 18.5 18.8 18.5 15.8 15.8 15.2 
16.0 18.5 21.5 21.8 21.0 17.0 15.8 15.8 
15.8 16.2 17.2 19.5 17.5 16.0 16.0 14.8 
15.2 15.5 16.0 16.0 15.5 15.8 15.8 15.8 
16.0 15.8 16.0 15.8 16.0 15.5 15.5 15.0 
16.0 15.5 15.2 15.8 15.5 16.0 16.0 15.5 


# DIFF
#  1  1  1  2  2  2  1  0
#  1  2  2  2  2  2  1  0
#  1  4  4  4  4  1  1  1
#  2  4  7  7  6  2  1  1
#  1  2  3  5  3  2  2  0
#  1  1  2  2  1  1  1  1
#  2  1  2  1  2  1  1  0
#  2  1  1  1  1  2  2  1
