# TS_TEXT=2019-08-27-14:27:35
# TS_SECS=1566912455.74
# HOST=starboard-node
# PERCENTILE_10=15.2
# PERCENTILE_90=17.7
# MIN_PIXEL=14.5
# MEDIAN_PIXEL=15.8
# MAX_PIXEL=21.2

# IMAGE
15.5 15.5 16.0 17.0 15.8 16.0 15.2 14.5 
15.8 15.5 18.0 19.5 16.2 16.0 15.8 15.0 
15.0 15.8 18.0 21.2 20.0 15.8 15.8 15.2 
15.5 15.5 16.5 19.2 20.0 16.5 15.5 16.0 
15.8 15.5 15.5 16.8 16.0 15.8 15.5 15.2 
14.8 15.8 15.5 15.8 15.5 15.8 15.8 15.5 
15.0 15.0 16.0 15.8 15.5 15.2 16.0 15.2 
16.2 15.5 15.8 15.2 15.2 15.5 16.0 15.8 


# DIFF
#  1  1  2  2  1  2  1  0
#  1  1  4  5  2  2  1  0
#  0  1  4  7  6  1  1  1
#  1  1  2  5  6  2  1  2
#  1  1  1  2  2  1  1  1
#  0  1  1  1  1  1  1  1
#  0  0  2  1  1  1  2  1
#  2  1  1  1  1  1  2  1
