# TS_TEXT=2019-08-27-14:25:19
# TS_SECS=1566912319.80
# HOST=starboard-node
# PERCENTILE_10=15.8
# PERCENTILE_90=17.9
# MIN_PIXEL=15.2
# MEDIAN_PIXEL=16.2
# MAX_PIXEL=21.5

# IMAGE
15.5 16.2 16.0 17.2 17.8 17.2 15.8 15.2 
16.5 15.5 17.0 18.8 21.5 18.0 16.5 15.5 
15.5 16.2 17.2 20.2 20.8 17.8 16.5 15.8 
16.2 16.2 17.5 21.0 19.8 17.8 16.2 16.0 
16.5 16.2 17.2 17.8 17.8 16.5 17.0 15.5 
16.2 16.2 16.0 16.8 16.0 16.5 16.8 16.0 
16.2 15.8 16.0 16.5 16.2 16.2 16.2 16.0 
15.8 16.0 15.8 16.2 16.5 16.2 16.5 16.2 


# DIFF
#  0  1  1  2  2  2  0  0
#  1  0  2  4  6  3  1  0
#  0  1  2  5  6  2  1  0
#  1  1  2  6  4  2  1  1
#  1  1  2  2  2  1  2  0
#  1  1  1  2  1  1  2  1
#  1  0  1  1  1  1  1  1
#  0  1  0  1  1  1  1  1
