# TS_TEXT=2019-08-27-14:23:35
# TS_SECS=1566912215.35
# HOST=starboard-node
# PERCENTILE_10=16.2
# PERCENTILE_90=19.2
# MIN_PIXEL=15.5
# MEDIAN_PIXEL=16.8
# MAX_PIXEL=21.8

# IMAGE
16.0 17.0 17.0 18.5 18.2 17.0 16.8 15.5 
16.8 16.2 20.2 21.8 18.0 17.2 16.8 16.0 
16.2 17.2 19.2 20.2 21.0 19.5 17.8 17.0 
16.8 16.8 18.0 17.2 20.2 19.2 17.2 17.2 
16.5 16.5 16.8 16.5 17.0 17.2 17.2 16.8 
16.5 16.5 16.8 16.8 16.5 17.0 17.0 16.8 
16.5 16.2 16.8 16.8 16.8 16.5 16.2 15.8 
16.2 16.8 17.0 16.2 16.0 16.2 17.0 16.5 


# DIFF
#  0  2  2  3  3  2  1  0
#  1  1  5  6  2  2  1  0
#  1  2  4  5  6  4  2  2
#  1  1  2  2  5  4  2  2
#  1  1  1  1  2  2  2  1
#  1  1  1  1  1  2  2  1
#  1  1  1  1  1  1  1  0
#  1  1  2  1  0  1  2  1
