# TS_TEXT=2019-08-27-13:04:15
# TS_SECS=1566907455.82
# HOST=centre-node
# PERCENTILE_10=16.2
# PERCENTILE_90=19.7
# MIN_PIXEL=16.2
# MEDIAN_PIXEL=17.0
# MAX_PIXEL=25.8

# IMAGE
16.5 16.2 16.2 16.8 16.8 16.5 16.5 16.5 
16.5 16.8 16.2 16.8 17.2 16.8 16.8 16.2 
17.0 16.2 16.2 16.5 17.0 16.2 16.5 16.2 
17.0 16.8 17.0 16.8 17.2 17.0 16.5 16.2 
17.0 18.5 21.2 22.0 19.0 17.2 16.5 16.8 
17.5 21.2 25.8 24.5 20.0 17.0 17.0 16.8 
18.2 18.5 21.0 18.5 17.2 16.8 16.5 16.8 
17.2 17.2 18.0 17.0 17.8 17.0 17.5 17.0 


# DIFF
#  0  0  0  0  0  0  0  0
#  0  0  0  0  1  0  0  0
#  1  0  0  0  1  0  0  0
#  1  0  1  0  1  1  0  0
#  1  2  5  6  3  1  0  0
#  1  5 10  8  4  1  1  0
#  2  2  5  2  1  0  0  0
#  1  1  2  1  2  1  1  1
