# TS_TEXT=2019-08-27-13:04:52
# TS_SECS=1566907492.96
# HOST=centre-node
# PERCENTILE_10=16.3
# PERCENTILE_90=19.5
# MIN_PIXEL=15.5
# MEDIAN_PIXEL=16.8
# MAX_PIXEL=24.0

# IMAGE
17.0 16.8 16.8 16.5 16.5 16.2 16.5 16.2 
17.0 16.2 16.2 17.0 16.5 16.5 16.2 15.5 
16.5 16.5 17.0 16.5 16.8 16.8 16.8 15.8 
17.2 17.2 17.0 17.0 16.8 16.5 16.5 16.8 
17.2 19.2 19.5 17.8 17.0 17.0 16.5 16.8 
21.8 24.0 23.8 19.5 17.2 16.8 17.0 16.5 
22.5 23.2 22.2 18.2 16.8 17.0 16.8 16.5 
18.2 18.5 17.5 17.2 16.8 17.0 16.8 17.0 


# DIFF
#  2  1  1  1  1  1  1  1
#  2  1  1  2  1  1  1  0
#  1  1  2  1  1  1  1  0
#  2  2  2  2  1  1  1  1
#  2  4  4  2  2  2  1  1
#  6  8  8  4  2  1  2  1
#  7  8  7  3  1  2  1  1
#  3  3  2  2  1  2  1  2
