# TS_TEXT=2019-08-27-13:04:47
# TS_SECS=1566907487.94
# HOST=centre-node
# PERCENTILE_10=16.0
# PERCENTILE_90=19.7
# MIN_PIXEL=15.2
# MEDIAN_PIXEL=16.2
# MAX_PIXEL=25.2

# IMAGE
16.8 15.8 16.2 16.5 16.0 16.0 16.0 16.2 
16.2 16.2 16.0 16.2 16.5 16.0 15.8 15.8 
16.2 16.0 16.5 16.2 16.8 16.0 16.5 15.2 
16.8 16.5 16.5 16.0 16.2 16.2 16.0 16.2 
16.8 17.8 18.2 17.2 17.0 16.0 16.0 16.2 
19.0 22.8 22.2 19.5 17.0 16.2 16.2 16.0 
21.5 25.2 24.0 19.8 17.0 16.5 16.2 16.2 
18.5 19.8 19.0 17.5 16.0 16.2 16.5 16.2 


# DIFF
#  2  0  1  1  1  1  1  1
#  1  1  1  1  1  1  0  0
#  1  1  1  1  2  1  1  0
#  2  1  1  1  1  1  1  1
#  2  2  3  2  2  1  1  1
#  4  8  7  4  2  1  1  1
#  6 10  9  4  2  1  1  1
#  3  4  4  2  1  1  1  1
