# TS_TEXT=2019-08-27-14:13:39
# TS_SECS=1566911619.56
# HOST=centre-node
# PERCENTILE_10=15.2
# PERCENTILE_90=17.8
# MIN_PIXEL=14.5
# MEDIAN_PIXEL=15.8
# MAX_PIXEL=23.2

# IMAGE
15.5 15.2 15.2 15.5 14.8 14.5 14.8 15.5 
15.0 15.5 15.5 16.0 15.5 15.2 15.5 14.8 
15.8 15.5 15.8 15.8 15.8 15.5 15.8 14.8 
16.2 15.8 16.0 15.8 16.0 16.0 15.5 15.5 
16.2 16.8 19.2 17.2 16.2 15.8 15.2 15.8 
15.8 17.2 21.2 22.5 17.8 16.0 16.0 15.8 
16.5 16.2 20.0 23.2 17.8 15.8 15.2 15.5 
16.0 16.5 17.8 17.8 16.2 16.0 15.8 15.2 


# DIFF
#  1  1  1  1  0  0  0  1
#  0  1  1  2  1  1  1  0
#  1  1  1  1  1  1  1  0
#  2  1  2  1  2  2  1  1
#  2  2  5  3  2  1  1  1
#  1  3  7  8  3  2  2  1
#  2  2  6  9  3  1  1  1
#  2  2  3  3  2  2  1  1
