# TS_TEXT=2019-08-27-14:13:45
# TS_SECS=1566911625.58
# HOST=centre-node
# PERCENTILE_10=14.8
# PERCENTILE_90=17.5
# MIN_PIXEL=14.2
# MEDIAN_PIXEL=15.5
# MAX_PIXEL=22.8

# IMAGE
15.5 15.2 15.2 15.5 15.5 14.8 14.5 14.8 
15.0 15.2 15.5 16.0 15.2 15.2 14.8 14.2 
15.0 15.2 15.8 15.5 16.0 15.2 15.0 14.2 
15.2 16.0 15.5 15.5 15.5 15.2 15.2 15.2 
15.0 16.5 19.0 17.0 15.8 15.8 14.8 15.2 
15.8 16.5 21.2 22.0 17.5 15.5 15.5 15.0 
16.2 16.2 20.2 22.8 17.5 16.0 15.5 15.5 
15.8 16.0 17.2 18.0 16.2 15.5 15.5 15.5 


# DIFF
#  1  1  1  1  1  0  0  0
#  1  1  1  2  1  1  0  0
#  1  1  2  1  2  1  1  0
#  1  2  1  1  1  1  1  1
#  1  2  5  3  2  2  0  1
#  2  2  7  8  3  1  1  1
#  2  2  6  8  3  2  1  1
#  2  2  3  4  2  1  1  1
