# TS_TEXT=2019-08-27-14:14:36
# TS_SECS=1566911676.80
# HOST=centre-node
# PERCENTILE_10=14.8
# PERCENTILE_90=18.5
# MIN_PIXEL=14.0
# MEDIAN_PIXEL=15.2
# MAX_PIXEL=23.8

# IMAGE
15.2 14.5 15.2 14.8 14.5 14.8 15.0 14.8 
14.8 15.0 14.8 15.2 15.0 15.2 14.5 14.2 
15.0 15.0 15.5 15.2 15.0 14.8 15.0 14.0 
15.8 16.0 16.2 15.8 15.8 15.0 15.2 14.5 
15.2 16.5 20.0 17.5 16.2 15.8 15.0 15.2 
16.0 16.2 20.2 21.8 17.8 15.5 15.5 15.2 
15.8 16.0 19.8 23.8 18.8 15.5 15.5 15.0 
15.2 16.0 16.8 19.0 16.0 15.8 16.0 15.2 


# DIFF
#  1  0  1  1  0  1  1  1
#  1  1  1  1  1  1  0  0
#  1  1  2  1  1  1  1  0
#  2  2  2  2  2  1  1  0
#  1  2  6  4  2  2  1  1
#  2  2  6  8  4  2  2  1
#  2  2  6 10  5  2  2  1
#  1  2  3  5  2  2  2  1
