# TS_TEXT=2019-08-27-14:15:23
# TS_SECS=1566911723.01
# HOST=centre-node
# PERCENTILE_10=14.5
# PERCENTILE_90=18.1
# MIN_PIXEL=14.0
# MEDIAN_PIXEL=15.4
# MAX_PIXEL=23.0

# IMAGE
15.0 14.5 15.0 14.5 14.5 14.5 14.0 14.2 
15.0 14.5 14.8 15.8 14.8 15.2 15.0 14.0 
15.5 14.8 16.0 15.5 15.5 15.5 15.0 14.5 
15.2 15.8 16.0 15.0 15.5 15.0 15.0 14.8 
15.5 16.2 20.2 17.5 15.8 15.8 15.0 15.0 
16.0 16.0 20.8 21.8 17.8 15.2 15.5 14.8 
15.8 16.0 19.5 23.0 18.2 15.0 15.0 14.2 
15.5 16.2 17.2 18.5 16.0 15.8 15.2 14.8 


# DIFF
#  1  0  1  0  0  0  0  0
#  1  0  1  2  1  1  1  0
#  2  1  2  2  2  2  1  0
#  1  2  2  1  2  1  1  1
#  2  2  6  4  2  2  1  1
#  2  2  7  8  4  1  2  1
#  2  2  6  9  4  1  1  0
#  2  2  3  4  2  2  1  1
