# TS_TEXT=2019-08-27-14:13:36
# TS_SECS=1566911616.54
# HOST=centre-node
# PERCENTILE_10=15.2
# PERCENTILE_90=18.5
# MIN_PIXEL=13.8
# MEDIAN_PIXEL=15.8
# MAX_PIXEL=23.8

# IMAGE
15.8 15.8 15.5 15.5 15.5 15.0 15.0 15.2 
16.0 15.2 15.5 15.5 15.5 15.2 15.2 13.8 
15.5 15.0 16.2 15.5 16.0 15.5 15.8 14.8 
15.5 16.2 16.2 16.0 15.5 15.8 15.5 14.8 
16.2 16.5 20.5 18.2 16.0 15.8 15.2 15.2 
16.5 17.0 20.2 22.2 18.8 15.8 15.8 15.2 
16.2 16.0 19.5 23.8 18.5 16.0 15.8 15.5 
16.0 17.2 17.5 18.5 16.5 16.2 15.5 16.0 


# DIFF
#  2  2  2  2  2  1  1  2
#  2  2  2  2  2  2  2  0
#  2  1  2  2  2  2  2  1
#  2  2  2  2  2  2  2  1
#  2  3  7  4  2  2  2  2
#  3  3  6  8  5  2  2  2
#  2  2  6 10  5  2  2  2
#  2  4  4  5  3  2  2  2
