# TS_TEXT=2019-08-18-22:36:37
# TS_SECS=1566164197.82
# HOST=centre-node
# PERCENTILE_10=14.0
# PERCENTILE_90=15.9
# MIN_PIXEL=13.2
# MEDIAN_PIXEL=14.2
# MAX_PIXEL=20.5

# IMAGE
14.8 14.0 14.0 14.5 14.0 14.8 14.2 14.2 
13.2 14.2 13.5 14.8 14.8 16.5 14.2 13.8 
14.0 14.2 14.0 15.0 16.8 20.5 16.2 14.0 
14.0 14.2 14.5 15.5 18.5 18.8 15.5 14.2 
13.8 14.2 14.5 14.8 16.0 14.8 13.8 14.2 
14.2 14.5 14.5 14.5 14.0 14.2 14.2 13.8 
14.8 14.5 14.8 14.5 14.0 14.2 14.5 14.2 
14.0 14.8 14.0 14.2 14.2 14.2 14.5 14.2 


# DIFF
#  2  1  1  1  1  2  1  1
#  0  1  0  2  2  3  1  0
#  1  1  1  2  4  7  3  1
#  1  1  1  2  5  6  2  1
#  0  1  1  2  3  2  0  1
#  1  1  1  1  1  1  1  0
#  2  1  2  1  1  1  1  1
#  1  2  1  1  1  1  1  1
