# TS_TEXT=2019-08-25-12:42:14
# TS_SECS=1566733334.28
# HOST=port-node
# PERCENTILE_10=15.0
# PERCENTILE_90=17.2
# MIN_PIXEL=14.5
# MEDIAN_PIXEL=15.5
# MAX_PIXEL=19.5

# IMAGE
15.2 15.2 14.8 15.0 15.8 15.8 15.5 15.2 
16.0 15.2 14.8 15.2 15.8 15.8 18.0 18.0 
15.0 15.2 15.8 15.5 15.8 17.2 19.0 19.5 
15.0 15.0 15.8 15.5 15.0 17.2 17.0 17.0 
15.0 15.5 15.8 15.5 15.2 16.0 15.5 15.2 
17.5 16.5 15.5 15.0 15.2 15.2 15.8 15.8 
17.8 15.5 15.2 16.0 15.8 15.2 15.2 16.0 
16.5 15.0 14.5 15.5 15.2 15.2 15.5 14.8 


# DIFF
#  1  1  0  0  1  1  1  1
#  2  1  0  1  1  1  4  4
#  0  1  1  1  1  3  4  5
#  0  0  1  1  0  3  2  2
#  0  1  1  1  1  2  1  1
#  3  2  1  0  1  1  1  1
#  3  1  1  2  1  1  1  2
#  2  0  0  1  1  1  1  0
