# TS_TEXT=2019-08-25-16:20:25
# TS_SECS=1566746425.38
# HOST=starboard-node
# PERCENTILE_10=16.2
# PERCENTILE_90=17.9
# MIN_PIXEL=15.8
# MEDIAN_PIXEL=17.0
# MAX_PIXEL=38.5

# IMAGE
16.2 17.2 16.0 17.5 18.0 17.5 17.5 17.0 
16.2 16.2 17.2 17.8 20.5 19.5 17.8 16.8 
16.2 16.8 16.5 18.5 38.5 20.8 17.8 17.5 
16.8 16.8 17.0 17.8 18.2 17.5 17.2 17.2 
16.8 16.5 16.8 17.0 17.2 17.0 17.8 16.2 
16.8 16.2 17.0 17.8 16.8 17.0 17.0 17.0 
16.5 16.2 17.2 17.8 17.2 16.8 16.8 15.8 
16.8 16.8 17.0 17.2 17.0 16.8 16.8 17.8 


# DIFF
#  0  2  0  2  2  2  2  1
#  0  0  2  2  5  4  2  1
#  0  1  1  3 23  5  2  2
#  1  1  1  2  2  2  2  2
#  1  1  1  1  2  1  2  0
#  1  0  1  2  1  1  1  1
#  1  0  2  2  2  1  1  0
#  1  1  1  2  1  1  1  2
