# TS_TEXT=2019-08-25-16:21:12
# TS_SECS=1566746472.66
# HOST=starboard-node
# PERCENTILE_10=16.3
# PERCENTILE_90=18.5
# MIN_PIXEL=15.8
# MEDIAN_PIXEL=16.8
# MAX_PIXEL=38.5

# IMAGE
15.8 16.5 16.5 18.5 17.8 18.0 17.5 16.2 
16.5 16.2 16.8 17.8 20.8 19.2 17.2 16.8 
16.5 17.0 17.0 18.5 38.5 21.0 18.5 17.2 
16.2 16.8 16.5 17.8 18.5 17.8 16.8 16.8 
16.2 16.8 16.5 17.0 17.0 17.0 17.2 16.8 
16.8 16.5 16.5 17.8 17.2 16.8 17.0 16.8 
16.5 16.5 16.8 17.0 17.2 16.5 16.5 16.2 
16.8 17.0 16.2 16.8 17.0 16.8 16.8 17.8 


# DIFF
#  0  1  1  3  2  2  2  0
#  1  0  1  2  5  4  2  1
#  1  1  1  3 23  5  3  2
#  0  1  1  2  3  2  1  1
#  0  1  1  1  1  1  2  1
#  1  1  1  2  2  1  1  1
#  1  1  1  1  2  1  1  0
#  1  1  0  1  1  1  1  2
