# TS_TEXT=2019-08-25-16:20:45
# TS_SECS=1566746445.49
# HOST=starboard-node
# PERCENTILE_10=16.5
# PERCENTILE_90=18.2
# MIN_PIXEL=16.0
# MEDIAN_PIXEL=17.0
# MAX_PIXEL=38.5

# IMAGE
16.8 16.8 17.0 18.0 17.8 18.0 17.5 16.8 
16.8 16.0 17.0 18.2 20.8 19.2 18.0 16.8 
16.2 17.0 17.0 18.2 38.5 21.5 18.0 17.2 
16.8 16.8 16.8 18.2 18.5 18.0 17.5 17.5 
16.8 16.8 16.5 17.2 17.5 17.2 17.5 16.5 
17.2 16.5 16.8 17.5 17.0 17.5 17.2 17.0 
16.8 16.5 17.0 17.5 17.5 17.2 17.0 16.5 
17.0 16.8 16.5 16.2 16.8 16.8 16.8 17.0 


# DIFF
#  1  1  1  2  2  2  2  1
#  1  0  1  2  5  3  2  1
#  0  1  1  2 22  6  2  1
#  1  1  1  2  2  2  2  2
#  1  1  0  1  2  1  2  0
#  1  0  1  2  1  2  1  1
#  1  0  1  2  2  1  1  0
#  1  1  0  0  1  1  1  1
