# TS_TEXT=2019-08-18-23:03:00
# TS_SECS=1566165780.06
# HOST=centre-node
# PERCENTILE_10=13.5
# PERCENTILE_90=14.5
# MIN_PIXEL=13.0
# MEDIAN_PIXEL=14.0
# MAX_PIXEL=16.2

# IMAGE
13.8 13.5 13.5 14.0 13.2 14.0 13.5 13.8 
13.5 13.8 13.8 14.2 13.8 14.2 13.8 13.8 
13.8 13.5 14.2 14.0 14.0 13.5 13.5 13.0 
14.0 14.5 14.2 13.8 13.8 13.2 13.8 13.8 
14.0 14.2 14.5 14.5 14.2 14.2 13.5 13.8 
16.2 14.5 14.5 14.5 14.0 13.5 14.2 14.0 
16.2 14.0 14.0 14.5 14.2 14.2 13.8 13.5 
14.8 14.8 14.5 13.8 13.8 14.0 14.5 14.8 


# DIFF
#  1  0  0  1  0  1  0  1
#  0  1  1  1  1  1  1  1
#  1  0  1  1  1  0  0  0
#  1  2  1  1  1  0  1  1
#  1  1  2  2  1  1  0  1
#  3  2  2  2  1  0  1  1
#  3  1  1  2  1  1  1  0
#  2  2  2  1  1  1  2  2
