# TS_TEXT=2019-08-18-23:02:58
# TS_SECS=1566165778.06
# HOST=centre-node
# PERCENTILE_10=13.5
# PERCENTILE_90=15.2
# MIN_PIXEL=13.2
# MEDIAN_PIXEL=14.2
# MAX_PIXEL=19.8

# IMAGE
14.5 14.2 15.2 15.0 14.0 14.0 14.0 14.0 
14.2 14.8 19.8 18.5 14.2 14.5 13.5 13.2 
13.5 14.2 17.8 17.8 15.2 14.0 14.0 13.5 
14.0 14.8 15.5 15.8 14.5 14.0 13.5 13.5 
14.5 14.2 14.5 13.8 14.2 14.0 13.8 13.8 
14.0 14.2 14.2 14.5 14.2 13.5 14.2 14.0 
14.2 14.2 14.5 14.5 14.0 13.5 14.2 13.8 
14.0 14.2 14.8 14.2 13.8 13.8 14.0 14.5 


# DIFF
#  1  1  2  2  1  1  1  1
#  1  2  6  5  1  1  0  0
#  0  1  4  4  2  1  1  0
#  1  2  2  2  1  1  0  0
#  1  1  1  0  1  1  0  0
#  1  1  1  1  1  0  1  1
#  1  1  1  1  1  0  1  0
#  1  1  2  1  0  0  1  1
