# TS_TEXT=2019-08-25-12:31:24
# TS_SECS=1566732684.82
# HOST=starboard-node
# PERCENTILE_10=15.2
# PERCENTILE_90=17.2
# MIN_PIXEL=15.0
# MEDIAN_PIXEL=16.0
# MAX_PIXEL=20.2

# IMAGE
15.8 16.5 15.8 17.0 16.0 16.0 15.2 15.2 
15.2 15.5 16.8 17.8 17.2 16.5 16.0 15.0 
15.2 16.8 17.8 20.2 19.0 16.0 15.5 15.0 
16.2 15.8 16.8 19.2 20.0 16.8 16.0 16.0 
15.8 16.2 15.5 16.2 17.0 16.2 16.0 15.2 
15.8 16.0 15.5 16.0 16.0 16.2 16.0 15.8 
15.5 15.5 16.0 15.8 15.8 15.8 15.5 15.0 
15.5 15.8 16.0 15.5 15.8 16.0 16.2 16.2 


# DIFF
#  1  2  1  2  1  1  0  0
#  0  0  2  3  2  2  1  0
#  0  2  3  5  4  1  0  0
#  1  1  2  4  5  2  1  1
#  1  1  0  1  2  1  1  0
#  1  1  0  1  1  1  1  1
#  0  0  1  1  1  1  0  0
#  0  1  1  0  1  1  1  1
