# TS_TEXT=2019-08-18-22:59:53
# TS_SECS=1566165593.71
# HOST=aft-node
# PERCENTILE_10=14.0
# PERCENTILE_90=18.2
# MIN_PIXEL=0.0
# MEDIAN_PIXEL=14.8
# MAX_PIXEL=23.5

# IMAGE
17.2 17.5 16.8 15.2 14.5 14.2 14.0 13.5 
18.0 23.0 23.5 16.0 14.2 14.8 14.5 13.8 
17.0 22.0 21.5 17.0 14.2 14.8 14.0 14.0 
15.5 18.8 21.8 18.2 14.5 14.0 14.2 14.2 
14.8 14.8 16.0 15.8 14.5 13.8 14.2 14.2 
14.8 15.2 14.8 13.8 14.2 14.2 14.0 14.0 
15.0 15.0 15.5 14.5 14.2 14.0 14.8 14.0 
0.0 16.5 17.2 15.0 14.8 13.8 14.2 14.0 


# DIFF
# 17 18 17 15 14 14 14 14
# 18 23 24 16 14 15 14 14
# 17 22 22 17 14 15 14 14
# 16 19 22 18 14 14 14 14
# 15 15 16 16 14 14 14 14
# 15 15 15 14 14 14 14 14
# 15 15 16 14 14 14 15 14
#  0 16 17 15 15 14 14 14
