# TS_TEXT=2019-08-18-22:59:41
# TS_SECS=1566165581.61
# HOST=aft-node
# PERCENTILE_10=13.8
# PERCENTILE_90=14.8
# MIN_PIXEL=0.0
# MEDIAN_PIXEL=14.2
# MAX_PIXEL=18.5

# IMAGE
14.5 14.0 14.0 14.2 14.2 14.8 14.0 13.5 
14.5 14.2 14.0 14.2 14.5 14.5 14.2 13.8 
14.2 14.5 14.5 14.2 14.0 15.2 14.2 14.0 
14.5 14.2 14.5 14.0 14.5 14.5 17.5 16.2 
13.5 14.0 14.5 13.8 14.2 13.5 16.0 18.5 
14.2 14.2 13.8 13.8 14.0 14.2 14.0 17.8 
14.0 14.8 14.0 14.0 14.0 14.5 14.0 14.8 
0.0 14.2 14.5 14.2 14.0 14.5 13.5 14.2 


# DIFF
# 14 14 14 14 14 15 14 14
# 14 14 14 14 14 14 14 14
# 14 14 14 14 14 15 14 14
# 14 14 14 14 14 14 18 16
# 14 14 14 14 14 14 16 18
# 14 14 14 14 14 14 14 18
# 14 15 14 14 14 14 14 15
#  0 14 14 14 14 14 14 14
