# TS_TEXT=2019-08-18-22:31:40
# TS_SECS=1566163900.50
# HOST=centre-node
# PERCENTILE_10=13.2
# PERCENTILE_90=15.2
# MIN_PIXEL=13.0
# MEDIAN_PIXEL=13.8
# MAX_PIXEL=19.0

# IMAGE
13.5 13.2 13.5 14.0 13.8 13.8 13.8 13.2 
13.2 13.8 13.5 14.0 13.8 13.5 13.0 13.0 
13.5 13.0 15.2 17.2 15.2 14.0 13.5 13.2 
14.0 13.8 15.8 19.0 18.8 13.5 13.5 13.2 
13.0 13.8 15.0 16.8 16.5 14.0 13.5 13.8 
13.5 14.0 14.0 14.8 14.2 13.5 13.8 13.8 
14.2 13.2 14.2 14.0 13.8 13.2 14.0 13.5 
13.5 14.5 14.2 13.2 13.8 13.8 13.8 13.8 


# DIFF
#  0  0  0  1  1  1  1  0
#  0  1  0  1  1  0  0  0
#  0  0  2  4  2  1  0  0
#  1  1  3  6  6  0  0  0
#  0  1  2  4  4  1  0  1
#  0  1  1  2  1  0  1  1
#  1  0  1  1  1  0  1  0
#  0  2  1  0  1  1  1  1
