# TS_TEXT=2019-08-18-22:31:56
# TS_SECS=1566163916.56
# HOST=centre-node
# PERCENTILE_10=13.2
# PERCENTILE_90=16.1
# MIN_PIXEL=13.0
# MEDIAN_PIXEL=13.8
# MAX_PIXEL=19.2

# IMAGE
13.2 13.5 13.5 13.0 13.2 13.2 13.5 13.8 
13.2 13.5 13.0 14.2 13.8 14.2 13.5 13.5 
13.2 13.2 14.8 17.0 16.2 13.8 14.0 13.8 
14.0 14.5 15.8 18.8 17.8 14.0 13.5 13.2 
13.5 14.0 16.2 19.2 17.5 13.5 13.2 13.5 
13.5 14.2 14.8 15.0 14.0 13.8 14.0 13.0 
14.0 14.0 14.2 14.2 13.2 13.5 13.0 14.0 
13.5 14.2 14.0 14.0 13.2 13.2 13.8 13.8 


# DIFF
#  0  0  0  0  0  0  0  1
#  0  0  0  1  1  1  0  0
#  0  0  2  4  3  1  1  1
#  1  2  3  6  5  1  0  0
#  0  1  3  6  4  0  0  0
#  0  1  2  2  1  1  1  0
#  1  1  1  1  0  0  0  1
#  0  1  1  1  0  0  1  1
