# TS_TEXT=2019-08-18-22:41:16
# TS_SECS=1566164476.47
# HOST=starboard-node
# PERCENTILE_10=13.5
# PERCENTILE_90=15.3
# MIN_PIXEL=13.0
# MEDIAN_PIXEL=14.0
# MAX_PIXEL=19.2

# IMAGE
13.8 14.0 13.8 14.2 14.2 13.8 13.2 13.2 
14.0 13.0 14.2 14.2 13.8 14.0 13.5 13.5 
13.8 14.2 14.0 14.5 14.2 13.5 13.8 14.0 
15.8 14.2 14.5 14.8 14.5 14.2 13.5 13.8 
19.2 17.2 17.0 14.2 14.0 14.0 14.0 13.5 
16.8 17.8 15.5 14.2 13.8 14.5 13.5 14.0 
14.5 14.2 14.8 14.5 14.0 14.0 13.5 13.8 
14.0 14.2 13.5 14.0 13.8 13.8 13.8 13.5 


# DIFF
#  1  1  1  1  1  1  0  0
#  1  0  1  1  1  1  0  0
#  1  1  1  2  1  0  1  1
#  3  1  2  2  2  1  0  1
#  6  4  4  1  1  1  1  0
#  4  5  2  1  1  2  0  1
#  2  1  2  2  1  1  0  1
#  1  1  0  1  1  1  1  0
