# TS_TEXT=2019-08-25-12:39:12
# TS_SECS=1566733152.71
# HOST=fore-node
# PERCENTILE_10=13.5
# PERCENTILE_90=15.0
# MIN_PIXEL=13.5
# MEDIAN_PIXEL=14.2
# MAX_PIXEL=17.8

# IMAGE
13.5 14.0 14.2 13.5 14.5 13.5 14.0 13.5 
13.5 14.0 14.5 14.5 14.5 15.0 14.2 13.8 
13.8 13.5 14.2 14.2 17.8 16.2 14.5 14.2 
13.8 14.0 14.0 15.2 17.8 17.8 14.5 14.2 
14.2 14.8 13.8 14.8 16.5 15.0 14.2 14.8 
14.2 14.5 14.8 14.0 15.0 14.5 14.0 14.5 
14.8 14.0 14.2 14.5 14.2 13.8 14.0 14.0 
14.0 14.0 14.0 14.0 13.8 13.5 13.5 14.0 


# DIFF
#  0  0  1  0  1  0  0  0
#  0  0  1  1  1  2  1  0
#  0  0  1  1  4  3  1  1
#  0  0  0  2  4  4  1  1
#  1  1  0  1  3  2  1  1
#  1  1  1  0  2  1  0  1
#  1  0  1  1  1  0  0  0
#  0  0  0  0  0  0  0  0
