# TS_TEXT=2019-08-27-16:47:33
# TS_SECS=1566920853.77
# HOST=port-node
# PERCENTILE_10=16.2
# PERCENTILE_90=19.4
# MIN_PIXEL=15.8
# MEDIAN_PIXEL=16.8
# MAX_PIXEL=22.8

# IMAGE
16.8 17.0 17.2 19.5 19.5 16.8 16.2 16.2 
17.0 18.0 21.5 22.8 20.5 17.0 16.2 16.5 
16.8 17.8 21.5 22.5 17.5 16.5 16.5 16.5 
16.8 16.8 17.8 19.0 17.0 17.0 16.5 16.8 
16.5 16.8 16.5 16.8 16.8 17.0 16.5 16.5 
16.8 16.0 16.8 16.2 16.5 16.2 16.8 16.2 
15.8 16.8 16.0 16.5 16.5 16.5 16.0 17.0 
16.5 17.0 17.0 16.8 17.0 16.8 17.0 17.0 


# DIFF
#  1  1  2  4  4  1  0  0
#  1  2  6  7  5  1  0  1
#  1  2  6  7  2  1  1  1
#  1  1  2  3  1  1  1  1
#  1  1  1  1  1  1  1  1
#  1  0  1  0  1  0  1  0
#  0  1  0  1  1  1  0  1
#  1  1  1  1  1  1  1  1
