# TS_TEXT=2019-08-27-16:49:27
# TS_SECS=1566920967.88
# HOST=port-node
# PERCENTILE_10=15.0
# PERCENTILE_90=17.9
# MIN_PIXEL=14.8
# MEDIAN_PIXEL=15.8
# MAX_PIXEL=21.0

# IMAGE
15.2 15.8 17.2 18.2 16.5 16.2 16.0 15.5 
15.0 16.0 18.2 21.0 18.8 15.2 15.0 15.2 
15.2 16.0 17.5 20.8 18.8 15.8 15.8 15.5 
14.8 15.8 16.2 18.0 17.5 15.8 16.0 15.5 
15.2 15.5 15.5 15.8 15.8 16.2 15.5 15.8 
15.0 15.8 15.0 15.2 15.2 15.2 15.2 15.2 
15.0 15.2 15.0 15.8 15.2 15.2 15.5 16.2 
14.8 16.0 15.2 15.2 16.2 15.2 15.8 16.0 


# DIFF
#  0  1  2  4  2  2  1  1
#  0  1  4  6  4  0  0  0
#  0  1  3  6  4  1  1  1
#  0  1  2  3  3  1  1  1
#  0  1  1  1  1  2  1  1
#  0  1  0  0  0  0  0  0
#  0  0  0  1  0  0  1  2
#  0  1  0  0  2  0  1  1
