# TS_TEXT=2019-08-27-16:47:06
# TS_SECS=1566920826.66
# HOST=port-node
# PERCENTILE_10=15.3
# PERCENTILE_90=18.3
# MIN_PIXEL=15.0
# MEDIAN_PIXEL=16.0
# MAX_PIXEL=22.2

# IMAGE
15.5 17.0 16.8 18.8 19.8 17.0 16.2 15.2 
15.8 16.5 21.2 22.2 20.8 16.8 15.2 15.5 
16.0 16.8 21.5 19.5 16.8 16.2 16.0 15.8 
15.5 16.2 17.2 16.8 16.0 16.0 16.2 15.2 
15.0 16.2 16.0 15.5 15.8 15.8 16.0 15.5 
15.5 16.0 15.0 15.8 16.0 15.5 16.5 16.0 
15.5 16.0 15.0 15.8 15.0 15.8 15.8 15.5 
15.5 16.0 15.8 16.5 16.2 16.0 15.8 16.0 


# DIFF
#  0  2  2  4  5  2  1  0
#  1  2  6  7  6  2  0  0
#  1  2  6  4  2  1  1  1
#  0  1  2  2  1  1  1  0
#  0  1  1  0  1  1  1  0
#  0  1  0  1  1  0  2  1
#  0  1  0  1  0  1  1  0
#  0  1  1  2  1  1  1  1
