# TS_TEXT=2019-08-27-16:43:51
# TS_SECS=1566920631.86
# HOST=port-node
# PERCENTILE_10=16.5
# PERCENTILE_90=19.4
# MIN_PIXEL=16.2
# MEDIAN_PIXEL=17.2
# MAX_PIXEL=23.2

# IMAGE
17.2 18.5 20.0 18.0 17.2 17.2 16.2 16.5 
17.8 19.5 23.2 20.8 19.2 17.0 16.2 16.8 
16.8 18.5 21.0 22.8 21.5 18.0 17.2 17.8 
17.0 17.5 17.2 18.0 17.5 17.8 17.2 16.5 
16.8 17.0 17.2 17.2 17.0 17.2 16.8 17.2 
16.5 16.5 17.2 16.5 16.5 16.5 16.8 16.2 
17.2 16.8 16.5 17.2 16.5 16.8 16.8 17.8 
17.2 17.0 17.0 17.5 17.2 17.5 17.5 17.8 


# DIFF
#  1  2  4  2  1  1  0  0
#  2  3  7  4  3  1  0  0
#  0  2  5  6  5  2  1  2
#  1  1  1  2  1  2  1  0
#  0  1  1  1  1  1  0  1
#  0  0  1  0  0  0  0  0
#  1  0  0  1  0  0  0  2
#  1  1  1  1  1  1  1  2
