# TS_TEXT=2019-08-27-16:46:21
# TS_SECS=1566920781.48
# HOST=port-node
# PERCENTILE_10=15.5
# PERCENTILE_90=18.5
# MIN_PIXEL=15.2
# MEDIAN_PIXEL=16.0
# MAX_PIXEL=21.8

# IMAGE
15.8 17.0 19.5 20.8 17.2 16.0 15.8 15.5 
16.2 16.8 18.5 21.8 19.2 16.0 15.5 15.5 
15.8 17.2 18.2 20.8 18.5 15.8 16.5 15.5 
15.8 16.2 16.8 19.0 18.5 16.5 16.0 16.0 
15.5 16.2 16.5 16.0 16.5 16.0 15.8 16.5 
15.5 15.8 16.0 15.5 16.2 15.2 15.8 16.0 
16.0 15.8 15.5 16.0 15.8 15.8 16.0 16.5 
15.5 16.0 16.0 16.2 16.8 15.8 16.8 15.8 


# DIFF
#  0  2  4  6  2  1  0  0
#  1  2  3  6  4  1  0  0
#  0  2  3  6  3  0  1  0
#  0  1  2  4  3  1  1  1
#  0  1  1  1  1  1  0  1
#  0  0  1  0  1  0  0  1
#  1  0  0  1  0  0  1  1
#  0  1  1  1  2  0  2  0
