# TS_TEXT=2019-08-27-16:51:21
# TS_SECS=1566921081.35
# HOST=port-node
# PERCENTILE_10=15.3
# PERCENTILE_90=18.0
# MIN_PIXEL=15.2
# MEDIAN_PIXEL=15.8
# MAX_PIXEL=22.0

# IMAGE
16.2 16.8 18.2 20.0 18.2 17.5 16.0 15.5 
16.0 17.2 22.0 20.2 20.0 17.2 15.2 15.5 
16.0 16.5 20.8 17.0 16.8 15.8 16.0 15.5 
15.2 16.8 16.0 16.2 16.0 15.8 15.5 15.5 
15.5 16.0 15.5 15.5 15.8 16.0 15.8 15.5 
15.5 15.2 15.8 16.0 15.5 15.5 15.8 15.2 
15.2 15.2 15.8 16.2 15.5 15.2 15.5 15.8 
15.5 15.8 16.0 15.8 16.0 15.8 15.5 15.8 


# DIFF
#  1  2  3  5  3  2  1  0
#  1  2  7  5  5  2  0  0
#  1  1  6  2  2  0  1  0
#  0  2  1  1  1  0  0  0
#  0  1  0  0  0  1  0  0
#  0  0  0  1  0  0  0  0
#  0  0  0  1  0  0  0  0
#  0  0  1  0  1  0  0  0
