# TS_TEXT=2019-08-27-16:44:31
# TS_SECS=1566920671.02
# HOST=port-node
# PERCENTILE_10=16.5
# PERCENTILE_90=19.5
# MIN_PIXEL=16.0
# MEDIAN_PIXEL=17.2
# MAX_PIXEL=23.5

# IMAGE
17.2 17.8 19.5 21.8 19.5 17.5 16.8 16.8 
16.8 18.2 19.5 23.5 20.8 17.0 16.5 16.0 
17.0 17.5 19.8 22.8 19.5 17.2 17.8 17.0 
16.5 17.5 19.0 19.8 19.5 17.2 17.0 16.8 
16.8 17.0 17.2 17.2 18.0 17.2 17.2 17.0 
16.2 16.5 17.5 17.0 17.0 16.5 17.0 16.5 
16.0 17.0 16.5 17.0 16.5 16.8 16.8 17.5 
17.0 16.8 17.2 17.5 17.8 16.8 17.2 17.5 


# DIFF
#  1  2  4  6  4  2  1  1
#  1  2  4  8  5  1  0  0
#  1  2  4  7  4  1  2  1
#  0  2  3  4  4  1  1  1
#  1  1  1  1  2  1  1  1
#  0  0  2  1  1  0  1  0
#  0  1  0  1  0  1  1  2
#  1  1  1  2  2  1  1  2
