# TS_TEXT=2019-08-27-16:43:39
# TS_SECS=1566920619.81
# HOST=port-node
# PERCENTILE_10=16.8
# PERCENTILE_90=19.9
# MIN_PIXEL=16.5
# MEDIAN_PIXEL=17.5
# MAX_PIXEL=23.8

# IMAGE
18.5 19.5 21.0 18.8 18.0 17.8 16.8 17.5 
17.8 22.5 23.8 21.5 21.0 17.8 17.0 16.8 
17.5 19.5 18.8 22.2 20.0 17.5 17.5 17.2 
17.2 17.0 17.5 18.2 19.0 18.2 17.2 17.2 
16.5 17.5 17.2 17.2 17.2 17.8 17.5 17.2 
17.0 16.8 17.2 16.8 17.0 17.5 17.0 17.5 
17.0 16.8 17.2 17.5 16.8 17.2 17.0 17.5 
17.0 17.5 17.8 17.2 18.2 17.2 17.2 18.5 


# DIFF
#  2  3  4  2  2  1  0  1
#  1  6  7  5  4  1  0  0
#  1  3  2  6  4  1  1  1
#  1  0  1  2  2  2  1  1
#  0  1  1  1  1  1  1  1
#  0  0  1  0  0  1  0  1
#  0  0  1  1  0  1  0  1
#  0  1  1  1  2  1  1  2
