# TS_TEXT=2019-08-27-16:43:42
# TS_SECS=1566920622.82
# HOST=port-node
# PERCENTILE_10=16.8
# PERCENTILE_90=19.9
# MIN_PIXEL=16.5
# MEDIAN_PIXEL=17.5
# MAX_PIXEL=24.2

# IMAGE
18.2 19.8 21.2 18.8 17.8 18.0 17.0 17.2 
18.5 22.5 24.2 21.5 20.8 17.2 17.0 17.5 
17.0 19.8 19.5 22.0 20.0 17.5 18.0 17.0 
17.5 17.5 17.5 18.0 19.0 17.8 17.0 17.5 
16.8 17.2 17.2 17.8 17.2 17.8 17.2 16.8 
17.2 17.2 17.0 16.8 16.8 17.0 16.8 16.5 
17.0 16.8 17.0 17.5 16.8 17.2 17.5 17.8 
17.2 17.0 17.2 17.5 18.0 17.2 17.2 18.0 


# DIFF
#  2  3  5  2  1  2  0  1
#  2  6  8  5  4  1  0  1
#  0  3  3  6  4  1  2  0
#  1  1  1  2  2  1  0  1
#  0  1  1  1  1  1  1  0
#  1  1  0  0  0  0  0  0
#  0  0  0  1  0  1  1  1
#  1  0  1  1  2  1  1  2
