# TS_TEXT=2019-08-27-16:48:36
# TS_SECS=1566920916.66
# HOST=port-node
# PERCENTILE_10=15.0
# PERCENTILE_90=17.7
# MIN_PIXEL=14.8
# MEDIAN_PIXEL=15.8
# MAX_PIXEL=21.5

# IMAGE
16.0 16.5 17.0 17.5 17.0 15.8 15.0 15.0 
16.5 18.8 21.5 20.2 20.8 16.0 14.8 15.0 
16.0 17.8 18.2 20.5 17.5 16.0 16.2 15.2 
14.8 15.2 16.0 15.8 16.0 16.0 15.2 15.8 
15.0 15.5 15.5 15.5 15.8 16.0 15.5 15.5 
15.5 15.2 15.8 14.8 15.8 15.2 15.5 15.5 
14.8 15.8 15.0 15.5 15.8 15.0 15.5 16.2 
15.0 15.8 16.0 15.8 16.8 15.5 15.8 16.0 


# DIFF
#  1  2  2  3  2  1  0  0
#  2  4  7  6  6  1  0  0
#  1  3  4  6  3  1  2  0
#  0  0  1  1  1  1  0  1
#  0  1  1  1  1  1  1  1
#  1  0  1  0  1  0  1  1
#  0  1  0  1  1  0  1  2
#  0  1  1  1  2  1  1  1
