# TS_TEXT=2019-08-27-16:44:35
# TS_SECS=1566920675.04
# HOST=port-node
# PERCENTILE_10=16.8
# PERCENTILE_90=20.2
# MIN_PIXEL=16.0
# MEDIAN_PIXEL=17.2
# MAX_PIXEL=22.8

# IMAGE
17.8 18.0 19.2 21.0 20.2 17.0 17.0 16.8 
17.8 18.5 18.5 22.8 21.2 17.5 16.8 16.8 
16.8 17.8 20.2 22.2 18.8 16.8 17.0 17.2 
16.0 17.8 20.0 20.5 18.2 17.5 17.2 16.5 
16.5 17.2 17.5 18.2 17.0 17.5 17.2 17.5 
16.8 17.0 16.5 17.0 16.8 16.8 17.0 16.8 
16.5 17.0 16.8 16.8 16.5 16.8 17.5 17.5 
17.5 16.8 17.0 17.2 17.2 17.5 17.2 16.8 


# DIFF
#  2  2  3  5  4  1  1  1
#  2  2  2  7  5  2  1  1
#  1  2  4  6  3  1  1  1
#  0  2  4  4  2  2  1  0
#  0  1  2  2  1  2  1  2
#  1  1  0  1  1  1  1  1
#  0  1  1  1  0  1  2  2
#  2  1  1  1  1  2  1  1
