# TS_TEXT=2019-08-27-16:52:59
# TS_SECS=1566921179.13
# HOST=port-node
# PERCENTILE_10=15.2
# PERCENTILE_90=18.7
# MIN_PIXEL=14.5
# MEDIAN_PIXEL=16.0
# MAX_PIXEL=21.2

# IMAGE
15.8 15.8 16.2 19.0 17.8 16.8 15.5 14.5 
16.0 16.5 18.0 21.2 18.8 16.5 15.5 15.2 
16.0 16.5 18.5 21.2 19.8 17.2 16.0 15.8 
15.2 16.5 17.8 20.0 19.2 16.5 15.8 16.0 
16.0 16.8 15.8 16.0 16.2 16.0 16.0 15.0 
16.0 16.0 16.0 15.8 15.8 15.0 15.5 15.5 
15.8 15.2 15.0 16.0 15.8 15.2 15.2 16.0 
15.8 15.8 16.0 15.8 16.8 16.0 15.5 16.2 


# DIFF
#  1  1  2  4  3  2  1  0
#  2  2  4  7  4  2  1  1
#  2  2  4  7  5  3  2  1
#  1  2  3  6  5  2  1  2
#  2  2  1  2  2  2  2  0
#  2  2  2  1  1  0  1  1
#  1  1  0  2  1  1  1  2
#  1  1  2  1  2  2  1  2
