# TS_TEXT=2019-08-27-16:43:24
# TS_SECS=1566920604.75
# HOST=port-node
# PERCENTILE_10=16.2
# PERCENTILE_90=19.5
# MIN_PIXEL=16.0
# MEDIAN_PIXEL=16.8
# MAX_PIXEL=23.0

# IMAGE
18.8 18.2 20.5 18.2 16.8 17.0 16.2 16.5 
17.0 21.2 23.0 22.5 19.5 17.2 16.5 16.8 
17.2 19.5 17.5 20.2 20.2 18.2 17.0 17.0 
16.5 16.8 16.8 16.8 16.8 17.2 16.5 16.8 
16.2 16.8 16.8 16.0 16.5 16.2 16.8 17.0 
16.2 16.5 16.2 16.0 16.2 16.0 16.5 16.0 
16.5 16.2 16.2 16.5 16.2 16.2 16.0 17.0 
17.0 16.8 17.0 17.0 17.2 16.5 17.5 17.0 


# DIFF
#  3  2  4  2  1  1  0  0
#  1  5  7  6  4  1  0  1
#  1  4  2  4  4  2  1  1
#  0  1  1  1  1  1  0  1
#  0  1  1  0  0  0  1  1
#  0  0  0  0  0  0  0  0
#  0  0  0  0  0  0  0  1
#  1  1  1  1  1  0  2  1
