# TS_TEXT=2019-08-27-16:48:48
# TS_SECS=1566920928.72
# HOST=port-node
# PERCENTILE_10=14.5
# PERCENTILE_90=17.5
# MIN_PIXEL=14.2
# MEDIAN_PIXEL=15.0
# MAX_PIXEL=20.5

# IMAGE
14.5 15.8 15.8 17.0 16.5 15.5 15.0 15.0 
15.2 16.5 18.5 19.8 19.5 15.2 14.5 14.5 
15.5 18.0 20.2 20.5 17.8 14.8 15.0 14.8 
14.8 15.5 15.8 15.8 15.0 15.5 15.0 14.8 
14.2 14.8 15.0 14.8 15.0 15.2 15.0 14.8 
14.8 14.8 14.2 14.5 15.2 14.5 15.2 15.2 
14.8 14.5 14.8 14.8 14.5 14.5 14.5 15.8 
15.0 15.2 15.5 15.0 15.2 14.8 15.2 16.2 


# DIFF
#  0  2  2  3  2  1  1  1
#  1  2  4  6  5  1  0  0
#  1  4  6  6  4  0  1  0
#  0  1  2  2  1  1  1  0
#  0  0  1  0  1  1  1  0
#  0  0  0  0  1  0  1  1
#  0  0  0  0  0  0  0  2
#  1  1  1  1  1  0  1  2
