# TS_TEXT=2019-08-27-16:43:38
# TS_SECS=1566920618.80
# HOST=port-node
# PERCENTILE_10=16.8
# PERCENTILE_90=20.2
# MIN_PIXEL=16.2
# MEDIAN_PIXEL=17.5
# MAX_PIXEL=23.5

# IMAGE
18.5 20.0 20.5 18.2 18.0 17.8 16.8 18.0 
18.5 22.5 23.5 21.8 20.8 17.5 16.8 17.2 
16.8 19.2 18.8 21.8 20.2 17.5 17.2 17.8 
16.2 17.2 17.2 17.8 18.8 18.2 17.5 17.8 
16.8 17.5 17.2 17.2 17.2 17.5 17.5 18.0 
17.0 16.5 17.0 16.8 17.2 17.2 17.2 17.2 
17.0 16.5 16.5 17.5 17.0 17.5 16.8 18.5 
17.0 17.5 17.2 17.8 17.8 17.5 17.5 17.8 


# DIFF
#  2  4  4  2  2  2  0  2
#  2  6  7  6  4  1  0  1
#  0  3  2  6  4  1  1  2
#  0  1  1  2  2  2  1  2
#  0  1  1  1  1  1  1  2
#  1  0  1  0  1  1  1  1
#  1  0  0  1  1  1  0  2
#  1  1  1  2  2  1  1  2
