# TS_TEXT=2019-08-27-16:48:28
# TS_SECS=1566920908.63
# HOST=port-node
# PERCENTILE_10=15.0
# PERCENTILE_90=17.9
# MIN_PIXEL=14.8
# MEDIAN_PIXEL=15.8
# MAX_PIXEL=21.0

# IMAGE
16.0 17.5 18.5 17.8 16.8 16.5 15.5 15.8 
15.8 18.0 21.0 20.2 20.8 16.2 15.2 15.5 
15.2 16.2 18.0 20.2 17.8 15.8 15.8 16.0 
15.0 15.8 16.2 15.8 15.8 16.0 16.0 15.2 
14.8 15.5 15.5 15.8 15.5 15.8 16.2 15.5 
14.8 15.2 15.2 15.0 15.2 15.0 15.8 15.2 
14.8 15.2 14.8 15.2 15.2 15.8 15.5 16.5 
15.0 15.5 16.0 15.5 15.8 15.5 16.0 15.8 


# DIFF
#  1  3  4  3  2  2  1  1
#  1  3  6  6  6  2  0  1
#  0  2  3  6  3  1  1  1
#  0  1  2  1  1  1  1  0
#  0  1  1  1  1  1  2  1
#  0  0  0  0  0  0  1  0
#  0  0  0  0  0  1  1  2
#  0  1  1  1  1  1  1  1
