# TS_TEXT=2019-08-27-16:43:20
# TS_SECS=1566920600.73
# HOST=port-node
# PERCENTILE_10=16.2
# PERCENTILE_90=19.6
# MIN_PIXEL=15.8
# MEDIAN_PIXEL=17.0
# MAX_PIXEL=23.0

# IMAGE
18.0 19.2 21.2 19.0 17.5 17.2 16.8 17.2 
18.0 21.5 23.0 22.8 19.8 17.5 16.2 16.8 
16.8 19.2 18.5 20.8 20.2 18.5 17.2 17.0 
16.2 16.8 17.0 16.8 17.8 16.8 16.8 17.0 
15.8 17.0 17.0 16.5 16.5 16.5 17.0 17.0 
15.8 16.2 16.5 16.2 16.8 16.0 17.0 16.2 
16.8 16.8 16.5 16.2 16.5 17.2 16.8 18.0 
16.8 17.2 17.2 17.0 17.2 17.2 17.2 18.0 


# DIFF
#  2  4  6  3  2  2  1  2
#  2  6  7  7  4  2  0  1
#  1  4  3  5  4  3  2  1
#  0  1  1  1  2  1  1  1
#  0  1  1  1  1  1  1  1
#  0  0  1  0  1  0  1  0
#  1  1  1  0  1  2  1  2
#  1  2  2  1  2  2  2  2
