# TS_TEXT=2019-08-27-16:47:17
# TS_SECS=1566920837.71
# HOST=port-node
# PERCENTILE_10=15.2
# PERCENTILE_90=18.4
# MIN_PIXEL=14.8
# MEDIAN_PIXEL=16.0
# MAX_PIXEL=22.2

# IMAGE
15.2 17.0 16.2 18.8 19.5 16.2 15.5 15.2 
16.8 17.0 20.8 22.2 20.8 16.8 15.0 15.8 
15.5 17.5 21.8 19.2 17.0 16.0 16.2 16.0 
15.5 15.8 17.0 16.8 16.0 16.2 16.0 16.0 
14.8 16.2 16.2 15.8 16.0 16.0 16.0 15.8 
15.2 15.5 16.0 15.2 15.2 15.8 15.8 15.8 
15.5 15.0 15.8 15.8 16.0 15.8 15.8 16.0 
15.5 15.8 16.2 16.0 16.2 16.2 16.2 16.8 


# DIFF
#  0  2  2  4  5  2  1  0
#  2  2  6  8  6  2  0  1
#  1  3  7  4  2  1  2  1
#  1  1  2  2  1  2  1  1
#  0  2  2  1  1  1  1  1
#  0  1  1  0  0  1  1  1
#  1  0  1  1  1  1  1  1
#  1  1  2  1  2  2  2  2
