# TS_TEXT=2019-08-27-16:52:02
# TS_SECS=1566921122.85
# HOST=port-node
# PERCENTILE_10=15.2
# PERCENTILE_90=18.7
# MIN_PIXEL=14.8
# MEDIAN_PIXEL=15.8
# MAX_PIXEL=22.0

# IMAGE
15.2 16.0 16.8 18.8 17.2 16.2 15.8 14.8 
15.8 16.2 19.5 20.5 19.0 15.8 15.2 15.5 
16.0 16.2 20.0 22.0 17.5 15.5 16.2 15.2 
15.2 16.0 19.0 18.5 16.0 15.8 16.5 15.8 
15.2 16.0 15.5 16.0 15.8 15.5 16.0 15.5 
15.8 15.8 15.8 15.5 15.8 15.0 15.2 15.5 
15.0 15.2 14.8 15.8 14.8 15.8 15.8 16.0 
15.5 15.5 16.0 16.0 16.0 15.8 16.0 16.8 


# DIFF
#  0  1  2  4  2  2  1  0
#  1  2  5  6  4  1  0  1
#  1  2  5  7  3  1  2  0
#  0  1  4  4  1  1  2  1
#  0  1  1  1  1  1  1  1
#  1  1  1  1  1  0  0  1
#  0  0  0  1  0  1  1  1
#  1  1  1  1  1  1  1  2
