# TS_TEXT=2019-08-27-16:43:11
# TS_SECS=1566920591.69
# HOST=port-node
# PERCENTILE_10=16.8
# PERCENTILE_90=20.4
# MIN_PIXEL=16.5
# MEDIAN_PIXEL=17.4
# MAX_PIXEL=24.0

# IMAGE
19.2 21.0 21.0 18.8 17.5 17.8 17.2 16.8 
18.5 22.5 24.0 23.5 21.5 18.5 17.2 17.0 
17.2 19.8 19.5 20.5 20.0 17.5 17.5 17.0 
17.0 17.2 17.8 17.5 17.0 17.2 16.8 17.2 
16.8 17.8 17.2 17.2 17.0 17.5 17.0 17.0 
17.0 16.5 17.2 17.8 16.8 16.8 17.2 16.8 
17.2 16.8 16.8 18.0 16.5 17.0 16.8 18.2 
17.5 17.8 17.8 17.2 17.8 17.8 18.0 18.5 


# DIFF
#  3  4  4  2  1  1  1  0
#  2  6  8  7  5  2  1  0
#  1  3  3  4  4  1  1  0
#  0  1  1  1  0  1  0  1
#  0  1  1  1  0  1  0  0
#  0  0  1  1  0  0  1  0
#  1  0  0  2  0  0  0  2
#  1  1  1  1  1  1  2  2
