# TS_TEXT=2019-08-27-16:49:30
# TS_SECS=1566920970.89
# HOST=port-node
# PERCENTILE_10=15.2
# PERCENTILE_90=18.0
# MIN_PIXEL=14.8
# MEDIAN_PIXEL=15.8
# MAX_PIXEL=21.5

# IMAGE
16.0 16.2 16.5 18.8 16.5 15.5 15.2 14.8 
15.8 16.5 21.2 21.5 18.2 16.0 15.0 15.5 
15.2 16.2 17.2 20.8 18.2 15.5 16.0 16.0 
15.0 16.0 16.2 18.0 18.0 16.2 16.0 16.0 
15.2 15.8 15.8 15.8 15.5 16.2 15.8 15.8 
15.0 15.2 15.2 15.5 15.2 15.8 15.5 14.8 
15.5 15.5 15.5 15.5 15.2 15.5 15.8 16.0 
15.2 15.8 15.5 16.2 15.8 16.0 16.0 16.0 


# DIFF
#  1  2  2  4  2  1  0  0
#  1  2  6  7  4  1  0  1
#  0  2  2  6  4  1  1  1
#  0  1  2  3  3  2  1  1
#  0  1  1  1  1  2  1  1
#  0  0  0  1  0  1  1  0
#  1  1  1  1  0  1  1  1
#  0  1  1  2  1  1  1  1
