# TS_TEXT=2019-08-27-16:45:02
# TS_SECS=1566920702.15
# HOST=port-node
# PERCENTILE_10=16.2
# PERCENTILE_90=19.7
# MIN_PIXEL=16.2
# MEDIAN_PIXEL=17.0
# MAX_PIXEL=22.2

# IMAGE
17.5 19.5 17.8 19.2 17.2 17.5 17.0 17.0 
17.8 20.2 22.2 22.2 20.8 17.0 16.2 16.8 
17.5 19.8 21.2 19.0 21.2 17.2 16.8 17.5 
16.8 17.2 17.8 17.2 17.5 17.5 16.8 16.8 
16.2 16.8 17.0 16.2 16.8 17.2 16.8 17.0 
16.2 16.5 16.8 17.0 16.2 16.2 16.8 17.0 
16.5 16.2 16.2 17.0 16.5 16.8 16.2 17.8 
17.0 16.5 16.2 16.8 17.5 17.0 17.2 17.5 


# DIFF
#  1  3  2  3  1  1  1  1
#  2  4  6  6  4  1  0  0
#  1  4  5  3  5  1  0  1
#  0  1  2  1  1  1  0  0
#  0  0  1  0  0  1  0  1
#  0  0  0  1  0  0  0  1
#  0  0  0  1  0  0  0  2
#  1  0  0  0  1  1  1  1
