# TS_TEXT=2019-08-27-16:51:38
# TS_SECS=1566921098.45
# HOST=port-node
# PERCENTILE_10=14.2
# PERCENTILE_90=16.7
# MIN_PIXEL=13.8
# MEDIAN_PIXEL=14.9
# MAX_PIXEL=21.0

# IMAGE
15.0 15.5 18.0 18.5 16.8 15.8 14.5 13.8 
15.2 16.5 21.0 17.8 19.0 15.8 14.2 14.2 
14.8 15.2 18.5 16.0 15.0 15.0 15.0 14.5 
14.5 15.0 15.0 14.5 14.5 15.5 15.0 14.5 
14.2 14.5 14.8 15.0 14.5 14.8 15.2 14.5 
13.8 15.0 14.2 14.5 14.5 14.2 15.0 15.0 
14.2 14.0 14.0 14.8 14.0 14.8 14.5 15.0 
14.5 14.8 15.2 14.8 15.2 14.2 15.0 15.2 


# DIFF
#  1  2  4  5  3  2  1  0
#  2  3  7  4  5  2  0  0
#  1  2  5  2  1  1  1  1
#  1  1  1  1  1  2  1  1
#  0  1  1  1  1  1  2  1
#  0  1  0  1  1  0  1  1
#  0  0  0  1  0  1  1  1
#  1  1  2  1  2  0  1  2
