# TS_TEXT=2019-08-27-16:49:34
# TS_SECS=1566920974.90
# HOST=port-node
# PERCENTILE_10=14.8
# PERCENTILE_90=17.7
# MIN_PIXEL=14.0
# MEDIAN_PIXEL=15.2
# MAX_PIXEL=21.2

# IMAGE
15.2 16.5 17.5 17.8 15.8 15.5 14.8 14.8 
15.2 16.0 21.0 21.2 18.2 15.2 14.8 14.5 
14.0 16.0 16.8 20.0 18.0 15.2 15.5 15.0 
15.0 15.5 16.0 17.0 17.8 15.2 15.0 15.2 
15.0 15.0 15.8 15.0 15.2 15.2 15.8 15.5 
15.0 15.0 15.0 14.8 15.0 15.5 15.2 14.8 
15.0 14.8 15.5 15.2 14.8 15.2 15.2 15.8 
15.2 15.5 16.0 15.5 16.0 15.2 16.0 16.2 


# DIFF
#  1  2  4  4  2  2  1  1
#  1  2  7  7  4  1  1  0
#  0  2  3  6  4  1  2  1
#  1  2  2  3  4  1  1  1
#  1  1  2  1  1  1  2  2
#  1  1  1  1  1  2  1  1
#  1  1  2  1  1  1  1  2
#  1  2  2  2  2  1  2  2
