# TS_TEXT=2019-08-27-16:51:20
# TS_SECS=1566921080.34
# HOST=port-node
# PERCENTILE_10=15.2
# PERCENTILE_90=18.0
# MIN_PIXEL=14.8
# MEDIAN_PIXEL=15.9
# MAX_PIXEL=21.5

# IMAGE
15.8 16.5 18.2 19.8 18.5 17.5 15.2 15.0 
15.5 17.5 21.5 20.0 19.8 17.0 15.0 15.5 
16.0 17.2 20.8 17.2 17.0 16.0 15.5 15.2 
15.5 16.2 16.0 16.2 15.8 16.0 16.0 15.2 
14.8 16.0 16.0 15.8 15.8 16.0 15.5 15.5 
15.8 15.8 15.5 15.5 15.5 15.5 16.0 15.0 
16.0 15.5 15.8 15.8 15.5 16.0 15.5 15.2 
16.0 15.8 16.5 16.0 16.5 15.5 16.2 15.5 


# DIFF
#  1  2  4  5  4  3  0  0
#  1  3  7  5  5  2  0  1
#  1  2  6  2  2  1  1  0
#  1  2  1  2  1  1  1  0
#  0  1  1  1  1  1  1  1
#  1  1  1  1  1  1  1  0
#  1  1  1  1  1  1  1  0
#  1  1  2  1  2  1  2  1
