# TS_TEXT=2019-08-27-16:49:17
# TS_SECS=1566920957.83
# HOST=port-node
# PERCENTILE_10=14.6
# PERCENTILE_90=17.4
# MIN_PIXEL=14.0
# MEDIAN_PIXEL=15.5
# MAX_PIXEL=21.5

# IMAGE
15.8 15.8 16.8 18.2 16.5 15.8 15.5 15.2 
14.5 15.8 17.5 21.5 18.5 15.2 14.8 15.2 
14.0 15.8 17.0 20.5 19.0 15.2 15.5 15.0 
14.5 15.0 15.5 18.0 16.8 15.5 15.2 15.5 
14.8 15.2 15.5 15.2 15.5 15.8 16.0 15.8 
14.2 15.0 15.0 14.5 15.5 14.5 15.2 15.2 
14.5 14.8 14.8 15.5 14.8 15.2 15.5 16.5 
14.8 15.2 15.2 14.8 15.5 15.5 15.2 16.2 


# DIFF
#  2  2  3  4  2  2  2  1
#  0  2  4  8  4  1  1  1
#  0  2  3  6  5  1  2  1
#  0  1  2  4  3  2  1  2
#  1  1  2  1  2  2  2  2
#  0  1  1  0  2  0  1  1
#  0  1  1  2  1  1  2  2
#  1  1  1  1  2  2  1  2
