# TS_TEXT=2019-08-27-16:47:22
# TS_SECS=1566920842.73
# HOST=port-node
# PERCENTILE_10=16.0
# PERCENTILE_90=18.2
# MIN_PIXEL=15.2
# MEDIAN_PIXEL=16.2
# MAX_PIXEL=22.5

# IMAGE
16.2 17.0 17.0 18.2 20.0 17.5 16.0 16.2 
16.2 17.2 20.8 22.5 20.5 17.0 16.0 16.0 
16.0 17.2 20.5 22.0 17.5 16.5 16.5 16.2 
16.5 16.5 17.0 18.2 17.0 16.2 17.0 16.2 
16.2 16.5 16.0 15.2 16.2 16.5 16.2 16.8 
16.0 16.2 16.2 15.8 16.5 16.0 16.2 16.0 
15.8 15.5 15.8 16.2 15.8 16.0 16.0 17.0 
16.2 16.0 16.0 16.0 16.8 16.5 16.8 16.8 


# DIFF
#  1  2  2  3  5  2  1  1
#  1  2  6  7  5  2  1  1
#  1  2  5  7  2  1  1  1
#  1  1  2  3  2  1  2  1
#  1  1  1  0  1  1  1  2
#  1  1  1  0  1  1  1  1
#  0  0  0  1  0  1  1  2
#  1  1  1  1  2  1  2  2
